"","prop.aneu","prob.meio","prob.mito","dispersal","euploid","mosaic","aneuploid","NA"
"1",0.03515625,0.514655451566451,0.00613695944925123,0,0.423,0.051,0.526,0.1302
"2",0.00390625,0.514655451566451,0.00613695944925123,0,0.423,0.051,0.526,0.1302
"3",0.03125,0.514655451566451,0.00613695944925123,0,0.423,0.051,0.526,0.1302
"4",1,0.514655451566451,0.00613695944925123,0,0.423,0.051,0.526,0.1302
"5",0.0078125,0.514655451566451,0.00613695944925123,0,0.423,0.051,0.526,0.1302
"6",0.2578125,0.514655451566451,0.00613695944925123,0,0.423,0.051,0.526,0.1302
"7",1,0.514655451566451,0.00613695944925123,0,0.423,0.051,0.526,0.1302
"8",1,0.514655451566451,0.00613695944925123,0,0.423,0.051,0.526,0.1302
"9",1,0.514655451566451,0.00613695944925123,0,0.423,0.051,0.526,0.1302
"10",1,0.514655451566451,0.00613695944925123,0,0.423,0.051,0.526,0.1302
"11",0.01171875,0.514655451566451,0.00613695944925123,0,0.423,0.051,0.526,0.1302
"12",0.0234375,0.514655451566451,0.00613695944925123,0,0.423,0.051,0.526,0.1302
"13",0.0078125,0.514655451566451,0.00613695944925123,0,0.423,0.051,0.526,0.1302
"14",0.08984375,0.514655451566451,0.00613695944925123,0,0.423,0.051,0.526,0.1302
"15",1,0.514655451566451,0.00613695944925123,0,0.423,0.051,0.526,0.1302
"16",1,0.514655451566451,0.00613695944925123,0,0.423,0.051,0.526,0.1302
"17",0,0.514655451566451,0.00613695944925123,0,0.423,0.051,0.526,0.1302
"18",1,0.514655451566451,0.00613695944925123,0,0.423,0.051,0.526,0.1302
"19",0.0078125,0.514655451566451,0.00613695944925123,0,0.423,0.051,0.526,0.1302
"20",0.07421875,0.514655451566451,0.00613695944925123,0,0.423,0.051,0.526,0.1302
"21",1,0.514655451566451,0.00613695944925123,0,0.423,0.051,0.526,0.1302
"22",1,0.514655451566451,0.00613695944925123,0,0.423,0.051,0.526,0.1302
"23",0.015625,0.514655451566451,0.00613695944925123,0,0.423,0.051,0.526,0.1302
"24",1,0.514655451566451,0.00613695944925123,0,0.423,0.051,0.526,0.1302
"25",1,0.514655451566451,0.00613695944925123,0,0.423,0.051,0.526,0.1302
"26",0.00390625,0.514655451566451,0.00613695944925123,0,0.423,0.051,0.526,0.1302
"27",0.0546875,0.514655451566451,0.00613695944925123,0,0.423,0.051,0.526,0.1302
"28",0.09765625,0.514655451566451,0.00613695944925123,0,0.423,0.051,0.526,0.1302
"29",1,0.514655451566451,0.00613695944925123,0,0.423,0.051,0.526,0.1302
"30",1,0.514655451566451,0.00613695944925123,0,0.423,0.051,0.526,0.1302
"31",0,0.514655451566451,0.00613695944925123,0,0.423,0.051,0.526,0.1302
"32",1,0.514655451566451,0.00613695944925123,0,0.423,0.051,0.526,0.1302
"33",1,0.514655451566451,0.00613695944925123,0,0.423,0.051,0.526,0.1302
"34",0.0078125,0.514655451566451,0.00613695944925123,0,0.423,0.051,0.526,0.1302
"35",0.03125,0.514655451566451,0.00613695944925123,0,0.423,0.051,0.526,0.1302
"36",0.0234375,0.514655451566451,0.00613695944925123,0,0.423,0.051,0.526,0.1302
"37",0,0.514655451566451,0.00613695944925123,0,0.423,0.051,0.526,0.1302
"38",1,0.514655451566451,0.00613695944925123,0,0.423,0.051,0.526,0.1302
"39",1,0.514655451566451,0.00613695944925123,0,0.423,0.051,0.526,0.1302
"40",1,0.514655451566451,0.00613695944925123,0,0.423,0.051,0.526,0.1302
"41",0.140625,0.514655451566451,0.00613695944925123,0,0.423,0.051,0.526,0.1302
"42",1,0.514655451566451,0.00613695944925123,0,0.423,0.051,0.526,0.1302
"43",1,0.514655451566451,0.00613695944925123,0,0.423,0.051,0.526,0.1302
"44",0.00390625,0.514655451566451,0.00613695944925123,0,0.423,0.051,0.526,0.1302
"45",1,0.514655451566451,0.00613695944925123,0,0.423,0.051,0.526,0.1302
"46",1,0.514655451566451,0.00613695944925123,0,0.423,0.051,0.526,0.1302
"47",0.06640625,0.514655451566451,0.00613695944925123,0,0.423,0.051,0.526,0.1302
"48",0.52734375,0.514655451566451,0.00613695944925123,0,0.423,0.051,0.526,0.1302
"49",1,0.514655451566451,0.00613695944925123,0,0.423,0.051,0.526,0.1302
"50",1,0.514655451566451,0.00613695944925123,0,0.423,0.051,0.526,0.1302
"51",0,0.514655451566451,0.00613695944925123,0,0.423,0.051,0.526,0.1302
"52",0.02734375,0.514655451566451,0.00613695944925123,0,0.423,0.051,0.526,0.1302
"53",1,0.514655451566451,0.00613695944925123,0,0.423,0.051,0.526,0.1302
"54",1,0.514655451566451,0.00613695944925123,0,0.423,0.051,0.526,0.1302
"55",1,0.514655451566451,0.00613695944925123,0,0.423,0.051,0.526,0.1302
"56",0.01953125,0.514655451566451,0.00613695944925123,0,0.423,0.051,0.526,0.1302
"57",1,0.514655451566451,0.00613695944925123,0,0.423,0.051,0.526,0.1302
"58",0.01953125,0.514655451566451,0.00613695944925123,0,0.423,0.051,0.526,0.1302
"59",1,0.514655451566451,0.00613695944925123,0,0.423,0.051,0.526,0.1302
"60",1,0.514655451566451,0.00613695944925123,0,0.423,0.051,0.526,0.1302
"61",1,0.514655451566451,0.00613695944925123,0,0.423,0.051,0.526,0.1302
"62",1,0.514655451566451,0.00613695944925123,0,0.423,0.051,0.526,0.1302
"63",1,0.514655451566451,0.00613695944925123,0,0.423,0.051,0.526,0.1302
"64",1,0.514655451566451,0.00613695944925123,0,0.423,0.051,0.526,0.1302
"65",1,0.514655451566451,0.00613695944925123,0,0.423,0.051,0.526,0.1302
"66",1,0.514655451566451,0.00613695944925123,0,0.423,0.051,0.526,0.1302
"67",0.0078125,0.514655451566451,0.00613695944925123,0,0.423,0.051,0.526,0.1302
"68",1,0.514655451566451,0.00613695944925123,0,0.423,0.051,0.526,0.1302
"69",0.0390625,0.514655451566451,0.00613695944925123,0,0.423,0.051,0.526,0.1302
"70",1,0.514655451566451,0.00613695944925123,0,0.423,0.051,0.526,0.1302
"71",1,0.514655451566451,0.00613695944925123,0,0.423,0.051,0.526,0.1302
"72",1,0.514655451566451,0.00613695944925123,0,0.423,0.051,0.526,0.1302
"73",0.07421875,0.514655451566451,0.00613695944925123,0,0.423,0.051,0.526,0.1302
"74",1,0.514655451566451,0.00613695944925123,0,0.423,0.051,0.526,0.1302
"75",0.0390625,0.514655451566451,0.00613695944925123,0,0.423,0.051,0.526,0.1302
"76",0,0.514655451566451,0.00613695944925123,0,0.423,0.051,0.526,0.1302
"77",1,0.514655451566451,0.00613695944925123,0,0.423,0.051,0.526,0.1302
"78",0.0390625,0.514655451566451,0.00613695944925123,0,0.423,0.051,0.526,0.1302
"79",1,0.514655451566451,0.00613695944925123,0,0.423,0.051,0.526,0.1302
"80",0.578125,0.514655451566451,0.00613695944925123,0,0.423,0.051,0.526,0.1302
"81",0.0625,0.514655451566451,0.00613695944925123,0,0.423,0.051,0.526,0.1302
"82",0.00390625,0.514655451566451,0.00613695944925123,0,0.423,0.051,0.526,0.1302
"83",0.00390625,0.514655451566451,0.00613695944925123,0,0.423,0.051,0.526,0.1302
"84",0.015625,0.514655451566451,0.00613695944925123,0,0.423,0.051,0.526,0.1302
"85",1,0.514655451566451,0.00613695944925123,0,0.423,0.051,0.526,0.1302
"86",0.0390625,0.514655451566451,0.00613695944925123,0,0.423,0.051,0.526,0.1302
"87",1,0.514655451566451,0.00613695944925123,0,0.423,0.051,0.526,0.1302
"88",0,0.514655451566451,0.00613695944925123,0,0.423,0.051,0.526,0.1302
"89",0.0390625,0.514655451566451,0.00613695944925123,0,0.423,0.051,0.526,0.1302
"90",0.5078125,0.514655451566451,0.00613695944925123,0,0.423,0.051,0.526,0.1302
"91",1,0.514655451566451,0.00613695944925123,0,0.423,0.051,0.526,0.1302
"92",1,0.514655451566451,0.00613695944925123,0,0.423,0.051,0.526,0.1302
"93",0.0078125,0.514655451566451,0.00613695944925123,0,0.423,0.051,0.526,0.1302
"94",0.04296875,0.514655451566451,0.00613695944925123,0,0.423,0.051,0.526,0.1302
"95",0.01953125,0.514655451566451,0.00613695944925123,0,0.423,0.051,0.526,0.1302
"96",0.265625,0.514655451566451,0.00613695944925123,0,0.423,0.051,0.526,0.1302
"97",1,0.514655451566451,0.00613695944925123,0,0.423,0.051,0.526,0.1302
"98",1,0.514655451566451,0.00613695944925123,0,0.423,0.051,0.526,0.1302
"99",0.0625,0.514655451566451,0.00613695944925123,0,0.423,0.051,0.526,0.1302
"100",0.0703125,0.514655451566451,0.00613695944925123,0,0.423,0.051,0.526,0.1302
"101",1,0.514655451566451,0.00613695944925123,0,0.423,0.051,0.526,0.1302
"102",1,0.514655451566451,0.00613695944925123,0,0.423,0.051,0.526,0.1302
"103",0.03125,0.514655451566451,0.00613695944925123,0,0.423,0.051,0.526,0.1302
"104",0.015625,0.514655451566451,0.00613695944925123,0,0.423,0.051,0.526,0.1302
"105",0.015625,0.514655451566451,0.00613695944925123,0,0.423,0.051,0.526,0.1302
"106",1,0.514655451566451,0.00613695944925123,0,0.423,0.051,0.526,0.1302
"107",0.00390625,0.514655451566451,0.00613695944925123,0,0.423,0.051,0.526,0.1302
"108",1,0.514655451566451,0.00613695944925123,0,0.423,0.051,0.526,0.1302
"109",0.01171875,0.514655451566451,0.00613695944925123,0,0.423,0.051,0.526,0.1302
"110",0.03515625,0.514655451566451,0.00613695944925123,0,0.423,0.051,0.526,0.1302
"111",1,0.514655451566451,0.00613695944925123,0,0.423,0.051,0.526,0.1302
"112",0.01953125,0.514655451566451,0.00613695944925123,0,0.423,0.051,0.526,0.1302
"113",1,0.514655451566451,0.00613695944925123,0,0.423,0.051,0.526,0.1302
"114",0.08203125,0.514655451566451,0.00613695944925123,0,0.423,0.051,0.526,0.1302
"115",1,0.514655451566451,0.00613695944925123,0,0.423,0.051,0.526,0.1302
"116",1,0.514655451566451,0.00613695944925123,0,0.423,0.051,0.526,0.1302
"117",0.0625,0.514655451566451,0.00613695944925123,0,0.423,0.051,0.526,0.1302
"118",0,0.514655451566451,0.00613695944925123,0,0.423,0.051,0.526,0.1302
"119",1,0.514655451566451,0.00613695944925123,0,0.423,0.051,0.526,0.1302
"120",0.02734375,0.514655451566451,0.00613695944925123,0,0.423,0.051,0.526,0.1302
"121",1,0.514655451566451,0.00613695944925123,0,0.423,0.051,0.526,0.1302
"122",1,0.514655451566451,0.00613695944925123,0,0.423,0.051,0.526,0.1302
"123",1,0.514655451566451,0.00613695944925123,0,0.423,0.051,0.526,0.1302
"124",1,0.514655451566451,0.00613695944925123,0,0.423,0.051,0.526,0.1302
"125",0.0234375,0.514655451566451,0.00613695944925123,0,0.423,0.051,0.526,0.1302
"126",1,0.514655451566451,0.00613695944925123,0,0.423,0.051,0.526,0.1302
"127",1,0.514655451566451,0.00613695944925123,0,0.423,0.051,0.526,0.1302
"128",0.50390625,0.514655451566451,0.00613695944925123,0,0.423,0.051,0.526,0.1302
"129",1,0.514655451566451,0.00613695944925123,0,0.423,0.051,0.526,0.1302
"130",1,0.514655451566451,0.00613695944925123,0,0.423,0.051,0.526,0.1302
"131",0.00390625,0.514655451566451,0.00613695944925123,0,0.423,0.051,0.526,0.1302
"132",1,0.514655451566451,0.00613695944925123,0,0.423,0.051,0.526,0.1302
"133",1,0.514655451566451,0.00613695944925123,0,0.423,0.051,0.526,0.1302
"134",0.015625,0.514655451566451,0.00613695944925123,0,0.423,0.051,0.526,0.1302
"135",1,0.514655451566451,0.00613695944925123,0,0.423,0.051,0.526,0.1302
"136",0.06640625,0.514655451566451,0.00613695944925123,0,0.423,0.051,0.526,0.1302
"137",0.0078125,0.514655451566451,0.00613695944925123,0,0.423,0.051,0.526,0.1302
"138",0.09765625,0.514655451566451,0.00613695944925123,0,0.423,0.051,0.526,0.1302
"139",0.0078125,0.514655451566451,0.00613695944925123,0,0.423,0.051,0.526,0.1302
"140",1,0.514655451566451,0.00613695944925123,0,0.423,0.051,0.526,0.1302
"141",0.04296875,0.514655451566451,0.00613695944925123,0,0.423,0.051,0.526,0.1302
"142",1,0.514655451566451,0.00613695944925123,0,0.423,0.051,0.526,0.1302
"143",0.0078125,0.514655451566451,0.00613695944925123,0,0.423,0.051,0.526,0.1302
"144",1,0.514655451566451,0.00613695944925123,0,0.423,0.051,0.526,0.1302
"145",1,0.514655451566451,0.00613695944925123,0,0.423,0.051,0.526,0.1302
"146",0.3125,0.514655451566451,0.00613695944925123,0,0.423,0.051,0.526,0.1302
"147",0.05859375,0.514655451566451,0.00613695944925123,0,0.423,0.051,0.526,0.1302
"148",1,0.514655451566451,0.00613695944925123,0,0.423,0.051,0.526,0.1302
"149",0.015625,0.514655451566451,0.00613695944925123,0,0.423,0.051,0.526,0.1302
"150",1,0.514655451566451,0.00613695944925123,0,0.423,0.051,0.526,0.1302
"151",1,0.514655451566451,0.00613695944925123,0,0.423,0.051,0.526,0.1302
"152",1,0.514655451566451,0.00613695944925123,0,0.423,0.051,0.526,0.1302
"153",0.0390625,0.514655451566451,0.00613695944925123,0,0.423,0.051,0.526,0.1302
"154",1,0.514655451566451,0.00613695944925123,0,0.423,0.051,0.526,0.1302
"155",0.05078125,0.514655451566451,0.00613695944925123,0,0.423,0.051,0.526,0.1302
"156",1,0.514655451566451,0.00613695944925123,0,0.423,0.051,0.526,0.1302
"157",0.02734375,0.514655451566451,0.00613695944925123,0,0.423,0.051,0.526,0.1302
"158",0.0234375,0.514655451566451,0.00613695944925123,0,0.423,0.051,0.526,0.1302
"159",1,0.514655451566451,0.00613695944925123,0,0.423,0.051,0.526,0.1302
"160",0.015625,0.514655451566451,0.00613695944925123,0,0.423,0.051,0.526,0.1302
"161",1,0.514655451566451,0.00613695944925123,0,0.423,0.051,0.526,0.1302
"162",0.0546875,0.514655451566451,0.00613695944925123,0,0.423,0.051,0.526,0.1302
"163",0.05859375,0.514655451566451,0.00613695944925123,0,0.423,0.051,0.526,0.1302
"164",0.03515625,0.514655451566451,0.00613695944925123,0,0.423,0.051,0.526,0.1302
"165",1,0.514655451566451,0.00613695944925123,0,0.423,0.051,0.526,0.1302
"166",1,0.514655451566451,0.00613695944925123,0,0.423,0.051,0.526,0.1302
"167",0.0234375,0.514655451566451,0.00613695944925123,0,0.423,0.051,0.526,0.1302
"168",0.04296875,0.514655451566451,0.00613695944925123,0,0.423,0.051,0.526,0.1302
"169",1,0.514655451566451,0.00613695944925123,0,0.423,0.051,0.526,0.1302
"170",1,0.514655451566451,0.00613695944925123,0,0.423,0.051,0.526,0.1302
"171",1,0.514655451566451,0.00613695944925123,0,0.423,0.051,0.526,0.1302
"172",0.015625,0.514655451566451,0.00613695944925123,0,0.423,0.051,0.526,0.1302
"173",0.0078125,0.514655451566451,0.00613695944925123,0,0.423,0.051,0.526,0.1302
"174",1,0.514655451566451,0.00613695944925123,0,0.423,0.051,0.526,0.1302
"175",0.0078125,0.514655451566451,0.00613695944925123,0,0.423,0.051,0.526,0.1302
"176",0.0390625,0.514655451566451,0.00613695944925123,0,0.423,0.051,0.526,0.1302
"177",0.01171875,0.514655451566451,0.00613695944925123,0,0.423,0.051,0.526,0.1302
"178",1,0.514655451566451,0.00613695944925123,0,0.423,0.051,0.526,0.1302
"179",1,0.514655451566451,0.00613695944925123,0,0.423,0.051,0.526,0.1302
"180",1,0.514655451566451,0.00613695944925123,0,0.423,0.051,0.526,0.1302
"181",0.02734375,0.514655451566451,0.00613695944925123,0,0.423,0.051,0.526,0.1302
"182",0,0.514655451566451,0.00613695944925123,0,0.423,0.051,0.526,0.1302
"183",0.09765625,0.514655451566451,0.00613695944925123,0,0.423,0.051,0.526,0.1302
"184",0.0234375,0.514655451566451,0.00613695944925123,0,0.423,0.051,0.526,0.1302
"185",0.0546875,0.514655451566451,0.00613695944925123,0,0.423,0.051,0.526,0.1302
"186",1,0.514655451566451,0.00613695944925123,0,0.423,0.051,0.526,0.1302
"187",1,0.514655451566451,0.00613695944925123,0,0.423,0.051,0.526,0.1302
"188",0.05859375,0.514655451566451,0.00613695944925123,0,0.423,0.051,0.526,0.1302
"189",0.0078125,0.514655451566451,0.00613695944925123,0,0.423,0.051,0.526,0.1302
"190",0,0.514655451566451,0.00613695944925123,0,0.423,0.051,0.526,0.1302
"191",0.01171875,0.514655451566451,0.00613695944925123,0,0.423,0.051,0.526,0.1302
"192",1,0.514655451566451,0.00613695944925123,0,0.423,0.051,0.526,0.1302
"193",0.0078125,0.514655451566451,0.00613695944925123,0,0.423,0.051,0.526,0.1302
"194",0.01953125,0.514655451566451,0.00613695944925123,0,0.423,0.051,0.526,0.1302
"195",1,0.514655451566451,0.00613695944925123,0,0.423,0.051,0.526,0.1302
"196",0.0078125,0.514655451566451,0.00613695944925123,0,0.423,0.051,0.526,0.1302
"197",0.0234375,0.514655451566451,0.00613695944925123,0,0.423,0.051,0.526,0.1302
"198",1,0.514655451566451,0.00613695944925123,0,0.423,0.051,0.526,0.1302
"199",0.03125,0.514655451566451,0.00613695944925123,0,0.423,0.051,0.526,0.1302
"200",0.11328125,0.514655451566451,0.00613695944925123,0,0.423,0.051,0.526,0.1302
"201",1,0.514655451566451,0.00613695944925123,0,0.423,0.051,0.526,0.1302
"202",1,0.514655451566451,0.00613695944925123,0,0.423,0.051,0.526,0.1302
"203",0.0859375,0.514655451566451,0.00613695944925123,0,0.423,0.051,0.526,0.1302
"204",1,0.514655451566451,0.00613695944925123,0,0.423,0.051,0.526,0.1302
"205",0.01171875,0.514655451566451,0.00613695944925123,0,0.423,0.051,0.526,0.1302
"206",0.0234375,0.514655451566451,0.00613695944925123,0,0.423,0.051,0.526,0.1302
"207",0.234375,0.514655451566451,0.00613695944925123,0,0.423,0.051,0.526,0.1302
"208",0.2734375,0.514655451566451,0.00613695944925123,0,0.423,0.051,0.526,0.1302
"209",0.1484375,0.514655451566451,0.00613695944925123,0,0.423,0.051,0.526,0.1302
"210",1,0.514655451566451,0.00613695944925123,0,0.423,0.051,0.526,0.1302
"211",1,0.514655451566451,0.00613695944925123,0,0.423,0.051,0.526,0.1302
"212",0.02734375,0.514655451566451,0.00613695944925123,0,0.423,0.051,0.526,0.1302
"213",1,0.514655451566451,0.00613695944925123,0,0.423,0.051,0.526,0.1302
"214",1,0.514655451566451,0.00613695944925123,0,0.423,0.051,0.526,0.1302
"215",0.015625,0.514655451566451,0.00613695944925123,0,0.423,0.051,0.526,0.1302
"216",0.01171875,0.514655451566451,0.00613695944925123,0,0.423,0.051,0.526,0.1302
"217",0.12890625,0.514655451566451,0.00613695944925123,0,0.423,0.051,0.526,0.1302
"218",1,0.514655451566451,0.00613695944925123,0,0.423,0.051,0.526,0.1302
"219",1,0.514655451566451,0.00613695944925123,0,0.423,0.051,0.526,0.1302
"220",1,0.514655451566451,0.00613695944925123,0,0.423,0.051,0.526,0.1302
"221",1,0.514655451566451,0.00613695944925123,0,0.423,0.051,0.526,0.1302
"222",1,0.514655451566451,0.00613695944925123,0,0.423,0.051,0.526,0.1302
"223",0.0078125,0.514655451566451,0.00613695944925123,0,0.423,0.051,0.526,0.1302
"224",0.078125,0.514655451566451,0.00613695944925123,0,0.423,0.051,0.526,0.1302
"225",0.02734375,0.514655451566451,0.00613695944925123,0,0.423,0.051,0.526,0.1302
"226",1,0.514655451566451,0.00613695944925123,0,0.423,0.051,0.526,0.1302
"227",0.00390625,0.514655451566451,0.00613695944925123,0,0.423,0.051,0.526,0.1302
"228",0.0078125,0.514655451566451,0.00613695944925123,0,0.423,0.051,0.526,0.1302
"229",1,0.514655451566451,0.00613695944925123,0,0.423,0.051,0.526,0.1302
"230",0.03515625,0.514655451566451,0.00613695944925123,0,0.423,0.051,0.526,0.1302
"231",1,0.514655451566451,0.00613695944925123,0,0.423,0.051,0.526,0.1302
"232",0.02734375,0.514655451566451,0.00613695944925123,0,0.423,0.051,0.526,0.1302
"233",1,0.514655451566451,0.00613695944925123,0,0.423,0.051,0.526,0.1302
"234",0.0703125,0.514655451566451,0.00613695944925123,0,0.423,0.051,0.526,0.1302
"235",0,0.514655451566451,0.00613695944925123,0,0.423,0.051,0.526,0.1302
"236",0.08984375,0.514655451566451,0.00613695944925123,0,0.423,0.051,0.526,0.1302
"237",1,0.514655451566451,0.00613695944925123,0,0.423,0.051,0.526,0.1302
"238",1,0.514655451566451,0.00613695944925123,0,0.423,0.051,0.526,0.1302
"239",1,0.514655451566451,0.00613695944925123,0,0.423,0.051,0.526,0.1302
"240",0.15234375,0.514655451566451,0.00613695944925123,0,0.423,0.051,0.526,0.1302
"241",1,0.514655451566451,0.00613695944925123,0,0.423,0.051,0.526,0.1302
"242",1,0.514655451566451,0.00613695944925123,0,0.423,0.051,0.526,0.1302
"243",1,0.514655451566451,0.00613695944925123,0,0.423,0.051,0.526,0.1302
"244",0.0625,0.514655451566451,0.00613695944925123,0,0.423,0.051,0.526,0.1302
"245",1,0.514655451566451,0.00613695944925123,0,0.423,0.051,0.526,0.1302
"246",0.015625,0.514655451566451,0.00613695944925123,0,0.423,0.051,0.526,0.1302
"247",1,0.514655451566451,0.00613695944925123,0,0.423,0.051,0.526,0.1302
"248",1,0.514655451566451,0.00613695944925123,0,0.423,0.051,0.526,0.1302
"249",1,0.514655451566451,0.00613695944925123,0,0.423,0.051,0.526,0.1302
"250",0.046875,0.514655451566451,0.00613695944925123,0,0.423,0.051,0.526,0.1302
"251",0.0234375,0.514655451566451,0.00613695944925123,0,0.423,0.051,0.526,0.1302
"252",1,0.514655451566451,0.00613695944925123,0,0.423,0.051,0.526,0.1302
"253",1,0.514655451566451,0.00613695944925123,0,0.423,0.051,0.526,0.1302
"254",1,0.514655451566451,0.00613695944925123,0,0.423,0.051,0.526,0.1302
"255",0.02734375,0.514655451566451,0.00613695944925123,0,0.423,0.051,0.526,0.1302
"256",1,0.514655451566451,0.00613695944925123,0,0.423,0.051,0.526,0.1302
"257",0.01171875,0.514655451566451,0.00613695944925123,0,0.423,0.051,0.526,0.1302
"258",1,0.514655451566451,0.00613695944925123,0,0.423,0.051,0.526,0.1302
"259",1,0.514655451566451,0.00613695944925123,0,0.423,0.051,0.526,0.1302
"260",1,0.514655451566451,0.00613695944925123,0,0.423,0.051,0.526,0.1302
"261",1,0.514655451566451,0.00613695944925123,0,0.423,0.051,0.526,0.1302
"262",1,0.514655451566451,0.00613695944925123,0,0.423,0.051,0.526,0.1302
"263",1,0.514655451566451,0.00613695944925123,0,0.423,0.051,0.526,0.1302
"264",1,0.514655451566451,0.00613695944925123,0,0.423,0.051,0.526,0.1302
"265",0.01953125,0.514655451566451,0.00613695944925123,0,0.423,0.051,0.526,0.1302
"266",0.0390625,0.514655451566451,0.00613695944925123,0,0.423,0.051,0.526,0.1302
"267",0.0078125,0.514655451566451,0.00613695944925123,0,0.423,0.051,0.526,0.1302
"268",0.02734375,0.514655451566451,0.00613695944925123,0,0.423,0.051,0.526,0.1302
"269",0.02734375,0.514655451566451,0.00613695944925123,0,0.423,0.051,0.526,0.1302
"270",1,0.514655451566451,0.00613695944925123,0,0.423,0.051,0.526,0.1302
"271",0.50390625,0.514655451566451,0.00613695944925123,0,0.423,0.051,0.526,0.1302
"272",1,0.514655451566451,0.00613695944925123,0,0.423,0.051,0.526,0.1302
"273",1,0.514655451566451,0.00613695944925123,0,0.423,0.051,0.526,0.1302
"274",1,0.514655451566451,0.00613695944925123,0,0.423,0.051,0.526,0.1302
"275",1,0.514655451566451,0.00613695944925123,0,0.423,0.051,0.526,0.1302
"276",1,0.514655451566451,0.00613695944925123,0,0.423,0.051,0.526,0.1302
"277",0.03515625,0.514655451566451,0.00613695944925123,0,0.423,0.051,0.526,0.1302
"278",0.04296875,0.514655451566451,0.00613695944925123,0,0.423,0.051,0.526,0.1302
"279",1,0.514655451566451,0.00613695944925123,0,0.423,0.051,0.526,0.1302
"280",1,0.514655451566451,0.00613695944925123,0,0.423,0.051,0.526,0.1302
"281",1,0.514655451566451,0.00613695944925123,0,0.423,0.051,0.526,0.1302
"282",1,0.514655451566451,0.00613695944925123,0,0.423,0.051,0.526,0.1302
"283",0.1640625,0.514655451566451,0.00613695944925123,0,0.423,0.051,0.526,0.1302
"284",0.015625,0.514655451566451,0.00613695944925123,0,0.423,0.051,0.526,0.1302
"285",0.03125,0.514655451566451,0.00613695944925123,0,0.423,0.051,0.526,0.1302
"286",0.01171875,0.514655451566451,0.00613695944925123,0,0.423,0.051,0.526,0.1302
"287",0.0078125,0.514655451566451,0.00613695944925123,0,0.423,0.051,0.526,0.1302
"288",0.01171875,0.514655451566451,0.00613695944925123,0,0.423,0.051,0.526,0.1302
"289",0.01171875,0.514655451566451,0.00613695944925123,0,0.423,0.051,0.526,0.1302
"290",1,0.514655451566451,0.00613695944925123,0,0.423,0.051,0.526,0.1302
"291",1,0.514655451566451,0.00613695944925123,0,0.423,0.051,0.526,0.1302
"292",0.03515625,0.514655451566451,0.00613695944925123,0,0.423,0.051,0.526,0.1302
"293",1,0.514655451566451,0.00613695944925123,0,0.423,0.051,0.526,0.1302
"294",0.03515625,0.514655451566451,0.00613695944925123,0,0.423,0.051,0.526,0.1302
"295",1,0.514655451566451,0.00613695944925123,0,0.423,0.051,0.526,0.1302
"296",1,0.514655451566451,0.00613695944925123,0,0.423,0.051,0.526,0.1302
"297",0.015625,0.514655451566451,0.00613695944925123,0,0.423,0.051,0.526,0.1302
"298",0.1015625,0.514655451566451,0.00613695944925123,0,0.423,0.051,0.526,0.1302
"299",1,0.514655451566451,0.00613695944925123,0,0.423,0.051,0.526,0.1302
"300",0.015625,0.514655451566451,0.00613695944925123,0,0.423,0.051,0.526,0.1302
"301",0.01953125,0.514655451566451,0.00613695944925123,0,0.423,0.051,0.526,0.1302
"302",0.015625,0.514655451566451,0.00613695944925123,0,0.423,0.051,0.526,0.1302
"303",1,0.514655451566451,0.00613695944925123,0,0.423,0.051,0.526,0.1302
"304",1,0.514655451566451,0.00613695944925123,0,0.423,0.051,0.526,0.1302
"305",1,0.514655451566451,0.00613695944925123,0,0.423,0.051,0.526,0.1302
"306",1,0.514655451566451,0.00613695944925123,0,0.423,0.051,0.526,0.1302
"307",0,0.514655451566451,0.00613695944925123,0,0.423,0.051,0.526,0.1302
"308",0.00390625,0.514655451566451,0.00613695944925123,0,0.423,0.051,0.526,0.1302
"309",0.0078125,0.514655451566451,0.00613695944925123,0,0.423,0.051,0.526,0.1302
"310",0.0234375,0.514655451566451,0.00613695944925123,0,0.423,0.051,0.526,0.1302
"311",0.015625,0.514655451566451,0.00613695944925123,0,0.423,0.051,0.526,0.1302
"312",0.02734375,0.514655451566451,0.00613695944925123,0,0.423,0.051,0.526,0.1302
"313",0.0234375,0.514655451566451,0.00613695944925123,0,0.423,0.051,0.526,0.1302
"314",1,0.514655451566451,0.00613695944925123,0,0.423,0.051,0.526,0.1302
"315",1,0.514655451566451,0.00613695944925123,0,0.423,0.051,0.526,0.1302
"316",1,0.514655451566451,0.00613695944925123,0,0.423,0.051,0.526,0.1302
"317",1,0.514655451566451,0.00613695944925123,0,0.423,0.051,0.526,0.1302
"318",0.00390625,0.514655451566451,0.00613695944925123,0,0.423,0.051,0.526,0.1302
"319",0.00390625,0.514655451566451,0.00613695944925123,0,0.423,0.051,0.526,0.1302
"320",1,0.514655451566451,0.00613695944925123,0,0.423,0.051,0.526,0.1302
"321",0.05859375,0.514655451566451,0.00613695944925123,0,0.423,0.051,0.526,0.1302
"322",0.015625,0.514655451566451,0.00613695944925123,0,0.423,0.051,0.526,0.1302
"323",1,0.514655451566451,0.00613695944925123,0,0.423,0.051,0.526,0.1302
"324",0.25390625,0.514655451566451,0.00613695944925123,0,0.423,0.051,0.526,0.1302
"325",0.0234375,0.514655451566451,0.00613695944925123,0,0.423,0.051,0.526,0.1302
"326",0.01171875,0.514655451566451,0.00613695944925123,0,0.423,0.051,0.526,0.1302
"327",0.015625,0.514655451566451,0.00613695944925123,0,0.423,0.051,0.526,0.1302
"328",1,0.514655451566451,0.00613695944925123,0,0.423,0.051,0.526,0.1302
"329",1,0.514655451566451,0.00613695944925123,0,0.423,0.051,0.526,0.1302
"330",1,0.514655451566451,0.00613695944925123,0,0.423,0.051,0.526,0.1302
"331",1,0.514655451566451,0.00613695944925123,0,0.423,0.051,0.526,0.1302
"332",1,0.514655451566451,0.00613695944925123,0,0.423,0.051,0.526,0.1302
"333",1,0.514655451566451,0.00613695944925123,0,0.423,0.051,0.526,0.1302
"334",1,0.514655451566451,0.00613695944925123,0,0.423,0.051,0.526,0.1302
"335",0.0234375,0.514655451566451,0.00613695944925123,0,0.423,0.051,0.526,0.1302
"336",1,0.514655451566451,0.00613695944925123,0,0.423,0.051,0.526,0.1302
"337",0.1484375,0.514655451566451,0.00613695944925123,0,0.423,0.051,0.526,0.1302
"338",1,0.514655451566451,0.00613695944925123,0,0.423,0.051,0.526,0.1302
"339",0.171875,0.514655451566451,0.00613695944925123,0,0.423,0.051,0.526,0.1302
"340",0.015625,0.514655451566451,0.00613695944925123,0,0.423,0.051,0.526,0.1302
"341",1,0.514655451566451,0.00613695944925123,0,0.423,0.051,0.526,0.1302
"342",1,0.514655451566451,0.00613695944925123,0,0.423,0.051,0.526,0.1302
"343",1,0.514655451566451,0.00613695944925123,0,0.423,0.051,0.526,0.1302
"344",0.01171875,0.514655451566451,0.00613695944925123,0,0.423,0.051,0.526,0.1302
"345",1,0.514655451566451,0.00613695944925123,0,0.423,0.051,0.526,0.1302
"346",1,0.514655451566451,0.00613695944925123,0,0.423,0.051,0.526,0.1302
"347",1,0.514655451566451,0.00613695944925123,0,0.423,0.051,0.526,0.1302
"348",0.05859375,0.514655451566451,0.00613695944925123,0,0.423,0.051,0.526,0.1302
"349",1,0.514655451566451,0.00613695944925123,0,0.423,0.051,0.526,0.1302
"350",1,0.514655451566451,0.00613695944925123,0,0.423,0.051,0.526,0.1302
"351",0.28125,0.514655451566451,0.00613695944925123,0,0.423,0.051,0.526,0.1302
"352",1,0.514655451566451,0.00613695944925123,0,0.423,0.051,0.526,0.1302
"353",0.06640625,0.514655451566451,0.00613695944925123,0,0.423,0.051,0.526,0.1302
"354",0.0234375,0.514655451566451,0.00613695944925123,0,0.423,0.051,0.526,0.1302
"355",1,0.514655451566451,0.00613695944925123,0,0.423,0.051,0.526,0.1302
"356",0.01953125,0.514655451566451,0.00613695944925123,0,0.423,0.051,0.526,0.1302
"357",0.01953125,0.514655451566451,0.00613695944925123,0,0.423,0.051,0.526,0.1302
"358",0.01953125,0.514655451566451,0.00613695944925123,0,0.423,0.051,0.526,0.1302
"359",0,0.514655451566451,0.00613695944925123,0,0.423,0.051,0.526,0.1302
"360",1,0.514655451566451,0.00613695944925123,0,0.423,0.051,0.526,0.1302
"361",1,0.514655451566451,0.00613695944925123,0,0.423,0.051,0.526,0.1302
"362",1,0.514655451566451,0.00613695944925123,0,0.423,0.051,0.526,0.1302
"363",1,0.514655451566451,0.00613695944925123,0,0.423,0.051,0.526,0.1302
"364",1,0.514655451566451,0.00613695944925123,0,0.423,0.051,0.526,0.1302
"365",1,0.514655451566451,0.00613695944925123,0,0.423,0.051,0.526,0.1302
"366",0.03515625,0.514655451566451,0.00613695944925123,0,0.423,0.051,0.526,0.1302
"367",0.00390625,0.514655451566451,0.00613695944925123,0,0.423,0.051,0.526,0.1302
"368",1,0.514655451566451,0.00613695944925123,0,0.423,0.051,0.526,0.1302
"369",1,0.514655451566451,0.00613695944925123,0,0.423,0.051,0.526,0.1302
"370",1,0.514655451566451,0.00613695944925123,0,0.423,0.051,0.526,0.1302
"371",1,0.514655451566451,0.00613695944925123,0,0.423,0.051,0.526,0.1302
"372",0.03515625,0.514655451566451,0.00613695944925123,0,0.423,0.051,0.526,0.1302
"373",1,0.514655451566451,0.00613695944925123,0,0.423,0.051,0.526,0.1302
"374",0.0078125,0.514655451566451,0.00613695944925123,0,0.423,0.051,0.526,0.1302
"375",0,0.514655451566451,0.00613695944925123,0,0.423,0.051,0.526,0.1302
"376",1,0.514655451566451,0.00613695944925123,0,0.423,0.051,0.526,0.1302
"377",0.1328125,0.514655451566451,0.00613695944925123,0,0.423,0.051,0.526,0.1302
"378",1,0.514655451566451,0.00613695944925123,0,0.423,0.051,0.526,0.1302
"379",0.00390625,0.514655451566451,0.00613695944925123,0,0.423,0.051,0.526,0.1302
"380",1,0.514655451566451,0.00613695944925123,0,0.423,0.051,0.526,0.1302
"381",1,0.514655451566451,0.00613695944925123,0,0.423,0.051,0.526,0.1302
"382",0.03125,0.514655451566451,0.00613695944925123,0,0.423,0.051,0.526,0.1302
"383",0.015625,0.514655451566451,0.00613695944925123,0,0.423,0.051,0.526,0.1302
"384",1,0.514655451566451,0.00613695944925123,0,0.423,0.051,0.526,0.1302
"385",1,0.514655451566451,0.00613695944925123,0,0.423,0.051,0.526,0.1302
"386",0.00390625,0.514655451566451,0.00613695944925123,0,0.423,0.051,0.526,0.1302
"387",1,0.514655451566451,0.00613695944925123,0,0.423,0.051,0.526,0.1302
"388",0.04296875,0.514655451566451,0.00613695944925123,0,0.423,0.051,0.526,0.1302
"389",0.02734375,0.514655451566451,0.00613695944925123,0,0.423,0.051,0.526,0.1302
"390",0.02734375,0.514655451566451,0.00613695944925123,0,0.423,0.051,0.526,0.1302
"391",1,0.514655451566451,0.00613695944925123,0,0.423,0.051,0.526,0.1302
"392",1,0.514655451566451,0.00613695944925123,0,0.423,0.051,0.526,0.1302
"393",1,0.514655451566451,0.00613695944925123,0,0.423,0.051,0.526,0.1302
"394",1,0.514655451566451,0.00613695944925123,0,0.423,0.051,0.526,0.1302
"395",1,0.514655451566451,0.00613695944925123,0,0.423,0.051,0.526,0.1302
"396",0,0.514655451566451,0.00613695944925123,0,0.423,0.051,0.526,0.1302
"397",1,0.514655451566451,0.00613695944925123,0,0.423,0.051,0.526,0.1302
"398",1,0.514655451566451,0.00613695944925123,0,0.423,0.051,0.526,0.1302
"399",0.01171875,0.514655451566451,0.00613695944925123,0,0.423,0.051,0.526,0.1302
"400",1,0.514655451566451,0.00613695944925123,0,0.423,0.051,0.526,0.1302
"401",1,0.514655451566451,0.00613695944925123,0,0.423,0.051,0.526,0.1302
"402",1,0.514655451566451,0.00613695944925123,0,0.423,0.051,0.526,0.1302
"403",1,0.514655451566451,0.00613695944925123,0,0.423,0.051,0.526,0.1302
"404",0.00390625,0.514655451566451,0.00613695944925123,0,0.423,0.051,0.526,0.1302
"405",1,0.514655451566451,0.00613695944925123,0,0.423,0.051,0.526,0.1302
"406",1,0.514655451566451,0.00613695944925123,0,0.423,0.051,0.526,0.1302
"407",0.01171875,0.514655451566451,0.00613695944925123,0,0.423,0.051,0.526,0.1302
"408",1,0.514655451566451,0.00613695944925123,0,0.423,0.051,0.526,0.1302
"409",0.01953125,0.514655451566451,0.00613695944925123,0,0.423,0.051,0.526,0.1302
"410",1,0.514655451566451,0.00613695944925123,0,0.423,0.051,0.526,0.1302
"411",1,0.514655451566451,0.00613695944925123,0,0.423,0.051,0.526,0.1302
"412",1,0.514655451566451,0.00613695944925123,0,0.423,0.051,0.526,0.1302
"413",1,0.514655451566451,0.00613695944925123,0,0.423,0.051,0.526,0.1302
"414",1,0.514655451566451,0.00613695944925123,0,0.423,0.051,0.526,0.1302
"415",1,0.514655451566451,0.00613695944925123,0,0.423,0.051,0.526,0.1302
"416",0.08984375,0.514655451566451,0.00613695944925123,0,0.423,0.051,0.526,0.1302
"417",1,0.514655451566451,0.00613695944925123,0,0.423,0.051,0.526,0.1302
"418",0.0703125,0.514655451566451,0.00613695944925123,0,0.423,0.051,0.526,0.1302
"419",0.04296875,0.514655451566451,0.00613695944925123,0,0.423,0.051,0.526,0.1302
"420",0.015625,0.514655451566451,0.00613695944925123,0,0.423,0.051,0.526,0.1302
"421",0.02734375,0.514655451566451,0.00613695944925123,0,0.423,0.051,0.526,0.1302
"422",0.05078125,0.514655451566451,0.00613695944925123,0,0.423,0.051,0.526,0.1302
"423",0.05859375,0.514655451566451,0.00613695944925123,0,0.423,0.051,0.526,0.1302
"424",0.26171875,0.514655451566451,0.00613695944925123,0,0.423,0.051,0.526,0.1302
"425",0.03515625,0.514655451566451,0.00613695944925123,0,0.423,0.051,0.526,0.1302
"426",1,0.514655451566451,0.00613695944925123,0,0.423,0.051,0.526,0.1302
"427",1,0.514655451566451,0.00613695944925123,0,0.423,0.051,0.526,0.1302
"428",1,0.514655451566451,0.00613695944925123,0,0.423,0.051,0.526,0.1302
"429",1,0.514655451566451,0.00613695944925123,0,0.423,0.051,0.526,0.1302
"430",0.07421875,0.514655451566451,0.00613695944925123,0,0.423,0.051,0.526,0.1302
"431",1,0.514655451566451,0.00613695944925123,0,0.423,0.051,0.526,0.1302
"432",0.00390625,0.514655451566451,0.00613695944925123,0,0.423,0.051,0.526,0.1302
"433",1,0.514655451566451,0.00613695944925123,0,0.423,0.051,0.526,0.1302
"434",1,0.514655451566451,0.00613695944925123,0,0.423,0.051,0.526,0.1302
"435",0.02734375,0.514655451566451,0.00613695944925123,0,0.423,0.051,0.526,0.1302
"436",0.01953125,0.514655451566451,0.00613695944925123,0,0.423,0.051,0.526,0.1302
"437",0.04296875,0.514655451566451,0.00613695944925123,0,0.423,0.051,0.526,0.1302
"438",0.0625,0.514655451566451,0.00613695944925123,0,0.423,0.051,0.526,0.1302
"439",1,0.514655451566451,0.00613695944925123,0,0.423,0.051,0.526,0.1302
"440",0.05078125,0.514655451566451,0.00613695944925123,0,0.423,0.051,0.526,0.1302
"441",0.0078125,0.514655451566451,0.00613695944925123,0,0.423,0.051,0.526,0.1302
"442",1,0.514655451566451,0.00613695944925123,0,0.423,0.051,0.526,0.1302
"443",1,0.514655451566451,0.00613695944925123,0,0.423,0.051,0.526,0.1302
"444",1,0.514655451566451,0.00613695944925123,0,0.423,0.051,0.526,0.1302
"445",1,0.514655451566451,0.00613695944925123,0,0.423,0.051,0.526,0.1302
"446",1,0.514655451566451,0.00613695944925123,0,0.423,0.051,0.526,0.1302
"447",1,0.514655451566451,0.00613695944925123,0,0.423,0.051,0.526,0.1302
"448",1,0.514655451566451,0.00613695944925123,0,0.423,0.051,0.526,0.1302
"449",1,0.514655451566451,0.00613695944925123,0,0.423,0.051,0.526,0.1302
"450",1,0.514655451566451,0.00613695944925123,0,0.423,0.051,0.526,0.1302
"451",0.1015625,0.514655451566451,0.00613695944925123,0,0.423,0.051,0.526,0.1302
"452",1,0.514655451566451,0.00613695944925123,0,0.423,0.051,0.526,0.1302
"453",0.0078125,0.514655451566451,0.00613695944925123,0,0.423,0.051,0.526,0.1302
"454",1,0.514655451566451,0.00613695944925123,0,0.423,0.051,0.526,0.1302
"455",0.01953125,0.514655451566451,0.00613695944925123,0,0.423,0.051,0.526,0.1302
"456",1,0.514655451566451,0.00613695944925123,0,0.423,0.051,0.526,0.1302
"457",0.0078125,0.514655451566451,0.00613695944925123,0,0.423,0.051,0.526,0.1302
"458",0.1640625,0.514655451566451,0.00613695944925123,0,0.423,0.051,0.526,0.1302
"459",1,0.514655451566451,0.00613695944925123,0,0.423,0.051,0.526,0.1302
"460",1,0.514655451566451,0.00613695944925123,0,0.423,0.051,0.526,0.1302
"461",1,0.514655451566451,0.00613695944925123,0,0.423,0.051,0.526,0.1302
"462",1,0.514655451566451,0.00613695944925123,0,0.423,0.051,0.526,0.1302
"463",0.0234375,0.514655451566451,0.00613695944925123,0,0.423,0.051,0.526,0.1302
"464",0,0.514655451566451,0.00613695944925123,0,0.423,0.051,0.526,0.1302
"465",1,0.514655451566451,0.00613695944925123,0,0.423,0.051,0.526,0.1302
"466",0.0078125,0.514655451566451,0.00613695944925123,0,0.423,0.051,0.526,0.1302
"467",0.09765625,0.514655451566451,0.00613695944925123,0,0.423,0.051,0.526,0.1302
"468",1,0.514655451566451,0.00613695944925123,0,0.423,0.051,0.526,0.1302
"469",0.06640625,0.514655451566451,0.00613695944925123,0,0.423,0.051,0.526,0.1302
"470",1,0.514655451566451,0.00613695944925123,0,0.423,0.051,0.526,0.1302
"471",0.03125,0.514655451566451,0.00613695944925123,0,0.423,0.051,0.526,0.1302
"472",1,0.514655451566451,0.00613695944925123,0,0.423,0.051,0.526,0.1302
"473",1,0.514655451566451,0.00613695944925123,0,0.423,0.051,0.526,0.1302
"474",0.0234375,0.514655451566451,0.00613695944925123,0,0.423,0.051,0.526,0.1302
"475",0.078125,0.514655451566451,0.00613695944925123,0,0.423,0.051,0.526,0.1302
"476",1,0.514655451566451,0.00613695944925123,0,0.423,0.051,0.526,0.1302
"477",0.02734375,0.514655451566451,0.00613695944925123,0,0.423,0.051,0.526,0.1302
"478",1,0.514655451566451,0.00613695944925123,0,0.423,0.051,0.526,0.1302
"479",1,0.514655451566451,0.00613695944925123,0,0.423,0.051,0.526,0.1302
"480",0.0234375,0.514655451566451,0.00613695944925123,0,0.423,0.051,0.526,0.1302
"481",0.03125,0.514655451566451,0.00613695944925123,0,0.423,0.051,0.526,0.1302
"482",0.01953125,0.514655451566451,0.00613695944925123,0,0.423,0.051,0.526,0.1302
"483",1,0.514655451566451,0.00613695944925123,0,0.423,0.051,0.526,0.1302
"484",0.01171875,0.514655451566451,0.00613695944925123,0,0.423,0.051,0.526,0.1302
"485",1,0.514655451566451,0.00613695944925123,0,0.423,0.051,0.526,0.1302
"486",1,0.514655451566451,0.00613695944925123,0,0.423,0.051,0.526,0.1302
"487",0.25390625,0.514655451566451,0.00613695944925123,0,0.423,0.051,0.526,0.1302
"488",0.01171875,0.514655451566451,0.00613695944925123,0,0.423,0.051,0.526,0.1302
"489",0.0078125,0.514655451566451,0.00613695944925123,0,0.423,0.051,0.526,0.1302
"490",0.015625,0.514655451566451,0.00613695944925123,0,0.423,0.051,0.526,0.1302
"491",1,0.514655451566451,0.00613695944925123,0,0.423,0.051,0.526,0.1302
"492",0.03515625,0.514655451566451,0.00613695944925123,0,0.423,0.051,0.526,0.1302
"493",1,0.514655451566451,0.00613695944925123,0,0.423,0.051,0.526,0.1302
"494",1,0.514655451566451,0.00613695944925123,0,0.423,0.051,0.526,0.1302
"495",0.03515625,0.514655451566451,0.00613695944925123,0,0.423,0.051,0.526,0.1302
"496",0.01953125,0.514655451566451,0.00613695944925123,0,0.423,0.051,0.526,0.1302
"497",0.00390625,0.514655451566451,0.00613695944925123,0,0.423,0.051,0.526,0.1302
"498",1,0.514655451566451,0.00613695944925123,0,0.423,0.051,0.526,0.1302
"499",1,0.514655451566451,0.00613695944925123,0,0.423,0.051,0.526,0.1302
"500",0.04296875,0.514655451566451,0.00613695944925123,0,0.423,0.051,0.526,0.1302
"501",1,0.514655451566451,0.00613695944925123,0,0.423,0.051,0.526,0.1302
"502",0,0.514655451566451,0.00613695944925123,0,0.423,0.051,0.526,0.1302
"503",1,0.514655451566451,0.00613695944925123,0,0.423,0.051,0.526,0.1302
"504",0.015625,0.514655451566451,0.00613695944925123,0,0.423,0.051,0.526,0.1302
"505",0.02734375,0.514655451566451,0.00613695944925123,0,0.423,0.051,0.526,0.1302
"506",1,0.514655451566451,0.00613695944925123,0,0.423,0.051,0.526,0.1302
"507",1,0.514655451566451,0.00613695944925123,0,0.423,0.051,0.526,0.1302
"508",0.015625,0.514655451566451,0.00613695944925123,0,0.423,0.051,0.526,0.1302
"509",0.0234375,0.514655451566451,0.00613695944925123,0,0.423,0.051,0.526,0.1302
"510",0.01171875,0.514655451566451,0.00613695944925123,0,0.423,0.051,0.526,0.1302
"511",0.03125,0.514655451566451,0.00613695944925123,0,0.423,0.051,0.526,0.1302
"512",0.16015625,0.514655451566451,0.00613695944925123,0,0.423,0.051,0.526,0.1302
"513",0,0.514655451566451,0.00613695944925123,0,0.423,0.051,0.526,0.1302
"514",1,0.514655451566451,0.00613695944925123,0,0.423,0.051,0.526,0.1302
"515",1,0.514655451566451,0.00613695944925123,0,0.423,0.051,0.526,0.1302
"516",0.03125,0.514655451566451,0.00613695944925123,0,0.423,0.051,0.526,0.1302
"517",0.01171875,0.514655451566451,0.00613695944925123,0,0.423,0.051,0.526,0.1302
"518",1,0.514655451566451,0.00613695944925123,0,0.423,0.051,0.526,0.1302
"519",1,0.514655451566451,0.00613695944925123,0,0.423,0.051,0.526,0.1302
"520",1,0.514655451566451,0.00613695944925123,0,0.423,0.051,0.526,0.1302
"521",0.00390625,0.514655451566451,0.00613695944925123,0,0.423,0.051,0.526,0.1302
"522",0.015625,0.514655451566451,0.00613695944925123,0,0.423,0.051,0.526,0.1302
"523",0.0390625,0.514655451566451,0.00613695944925123,0,0.423,0.051,0.526,0.1302
"524",0.01953125,0.514655451566451,0.00613695944925123,0,0.423,0.051,0.526,0.1302
"525",0.1328125,0.514655451566451,0.00613695944925123,0,0.423,0.051,0.526,0.1302
"526",1,0.514655451566451,0.00613695944925123,0,0.423,0.051,0.526,0.1302
"527",1,0.514655451566451,0.00613695944925123,0,0.423,0.051,0.526,0.1302
"528",1,0.514655451566451,0.00613695944925123,0,0.423,0.051,0.526,0.1302
"529",0.203125,0.514655451566451,0.00613695944925123,0,0.423,0.051,0.526,0.1302
"530",1,0.514655451566451,0.00613695944925123,0,0.423,0.051,0.526,0.1302
"531",1,0.514655451566451,0.00613695944925123,0,0.423,0.051,0.526,0.1302
"532",1,0.514655451566451,0.00613695944925123,0,0.423,0.051,0.526,0.1302
"533",0.078125,0.514655451566451,0.00613695944925123,0,0.423,0.051,0.526,0.1302
"534",1,0.514655451566451,0.00613695944925123,0,0.423,0.051,0.526,0.1302
"535",0.05859375,0.514655451566451,0.00613695944925123,0,0.423,0.051,0.526,0.1302
"536",0.08203125,0.514655451566451,0.00613695944925123,0,0.423,0.051,0.526,0.1302
"537",1,0.514655451566451,0.00613695944925123,0,0.423,0.051,0.526,0.1302
"538",0,0.514655451566451,0.00613695944925123,0,0.423,0.051,0.526,0.1302
"539",0.0234375,0.514655451566451,0.00613695944925123,0,0.423,0.051,0.526,0.1302
"540",1,0.514655451566451,0.00613695944925123,0,0.423,0.051,0.526,0.1302
"541",0.03515625,0.514655451566451,0.00613695944925123,0,0.423,0.051,0.526,0.1302
"542",1,0.514655451566451,0.00613695944925123,0,0.423,0.051,0.526,0.1302
"543",0.0078125,0.514655451566451,0.00613695944925123,0,0.423,0.051,0.526,0.1302
"544",0.01953125,0.514655451566451,0.00613695944925123,0,0.423,0.051,0.526,0.1302
"545",1,0.514655451566451,0.00613695944925123,0,0.423,0.051,0.526,0.1302
"546",1,0.514655451566451,0.00613695944925123,0,0.423,0.051,0.526,0.1302
"547",1,0.514655451566451,0.00613695944925123,0,0.423,0.051,0.526,0.1302
"548",0.01171875,0.514655451566451,0.00613695944925123,0,0.423,0.051,0.526,0.1302
"549",1,0.514655451566451,0.00613695944925123,0,0.423,0.051,0.526,0.1302
"550",0.15234375,0.514655451566451,0.00613695944925123,0,0.423,0.051,0.526,0.1302
"551",0.01953125,0.514655451566451,0.00613695944925123,0,0.423,0.051,0.526,0.1302
"552",1,0.514655451566451,0.00613695944925123,0,0.423,0.051,0.526,0.1302
"553",1,0.514655451566451,0.00613695944925123,0,0.423,0.051,0.526,0.1302
"554",1,0.514655451566451,0.00613695944925123,0,0.423,0.051,0.526,0.1302
"555",0.125,0.514655451566451,0.00613695944925123,0,0.423,0.051,0.526,0.1302
"556",1,0.514655451566451,0.00613695944925123,0,0.423,0.051,0.526,0.1302
"557",0.07421875,0.514655451566451,0.00613695944925123,0,0.423,0.051,0.526,0.1302
"558",1,0.514655451566451,0.00613695944925123,0,0.423,0.051,0.526,0.1302
"559",1,0.514655451566451,0.00613695944925123,0,0.423,0.051,0.526,0.1302
"560",1,0.514655451566451,0.00613695944925123,0,0.423,0.051,0.526,0.1302
"561",1,0.514655451566451,0.00613695944925123,0,0.423,0.051,0.526,0.1302
"562",1,0.514655451566451,0.00613695944925123,0,0.423,0.051,0.526,0.1302
"563",0.25390625,0.514655451566451,0.00613695944925123,0,0.423,0.051,0.526,0.1302
"564",0.08203125,0.514655451566451,0.00613695944925123,0,0.423,0.051,0.526,0.1302
"565",1,0.514655451566451,0.00613695944925123,0,0.423,0.051,0.526,0.1302
"566",1,0.514655451566451,0.00613695944925123,0,0.423,0.051,0.526,0.1302
"567",1,0.514655451566451,0.00613695944925123,0,0.423,0.051,0.526,0.1302
"568",0.00390625,0.514655451566451,0.00613695944925123,0,0.423,0.051,0.526,0.1302
"569",0.015625,0.514655451566451,0.00613695944925123,0,0.423,0.051,0.526,0.1302
"570",1,0.514655451566451,0.00613695944925123,0,0.423,0.051,0.526,0.1302
"571",1,0.514655451566451,0.00613695944925123,0,0.423,0.051,0.526,0.1302
"572",0.015625,0.514655451566451,0.00613695944925123,0,0.423,0.051,0.526,0.1302
"573",1,0.514655451566451,0.00613695944925123,0,0.423,0.051,0.526,0.1302
"574",1,0.514655451566451,0.00613695944925123,0,0.423,0.051,0.526,0.1302
"575",1,0.514655451566451,0.00613695944925123,0,0.423,0.051,0.526,0.1302
"576",0.0078125,0.514655451566451,0.00613695944925123,0,0.423,0.051,0.526,0.1302
"577",0.03125,0.514655451566451,0.00613695944925123,0,0.423,0.051,0.526,0.1302
"578",1,0.514655451566451,0.00613695944925123,0,0.423,0.051,0.526,0.1302
"579",1,0.514655451566451,0.00613695944925123,0,0.423,0.051,0.526,0.1302
"580",0.00390625,0.514655451566451,0.00613695944925123,0,0.423,0.051,0.526,0.1302
"581",1,0.514655451566451,0.00613695944925123,0,0.423,0.051,0.526,0.1302
"582",1,0.514655451566451,0.00613695944925123,0,0.423,0.051,0.526,0.1302
"583",1,0.514655451566451,0.00613695944925123,0,0.423,0.051,0.526,0.1302
"584",0.34765625,0.514655451566451,0.00613695944925123,0,0.423,0.051,0.526,0.1302
"585",0.0390625,0.514655451566451,0.00613695944925123,0,0.423,0.051,0.526,0.1302
"586",0.0234375,0.514655451566451,0.00613695944925123,0,0.423,0.051,0.526,0.1302
"587",1,0.514655451566451,0.00613695944925123,0,0.423,0.051,0.526,0.1302
"588",1,0.514655451566451,0.00613695944925123,0,0.423,0.051,0.526,0.1302
"589",1,0.514655451566451,0.00613695944925123,0,0.423,0.051,0.526,0.1302
"590",1,0.514655451566451,0.00613695944925123,0,0.423,0.051,0.526,0.1302
"591",0.08203125,0.514655451566451,0.00613695944925123,0,0.423,0.051,0.526,0.1302
"592",0.01171875,0.514655451566451,0.00613695944925123,0,0.423,0.051,0.526,0.1302
"593",1,0.514655451566451,0.00613695944925123,0,0.423,0.051,0.526,0.1302
"594",1,0.514655451566451,0.00613695944925123,0,0.423,0.051,0.526,0.1302
"595",1,0.514655451566451,0.00613695944925123,0,0.423,0.051,0.526,0.1302
"596",1,0.514655451566451,0.00613695944925123,0,0.423,0.051,0.526,0.1302
"597",0.03125,0.514655451566451,0.00613695944925123,0,0.423,0.051,0.526,0.1302
"598",0.01171875,0.514655451566451,0.00613695944925123,0,0.423,0.051,0.526,0.1302
"599",1,0.514655451566451,0.00613695944925123,0,0.423,0.051,0.526,0.1302
"600",1,0.514655451566451,0.00613695944925123,0,0.423,0.051,0.526,0.1302
"601",0.02734375,0.514655451566451,0.00613695944925123,0,0.423,0.051,0.526,0.1302
"602",1,0.514655451566451,0.00613695944925123,0,0.423,0.051,0.526,0.1302
"603",1,0.514655451566451,0.00613695944925123,0,0.423,0.051,0.526,0.1302
"604",1,0.514655451566451,0.00613695944925123,0,0.423,0.051,0.526,0.1302
"605",0.03125,0.514655451566451,0.00613695944925123,0,0.423,0.051,0.526,0.1302
"606",0.03125,0.514655451566451,0.00613695944925123,0,0.423,0.051,0.526,0.1302
"607",1,0.514655451566451,0.00613695944925123,0,0.423,0.051,0.526,0.1302
"608",1,0.514655451566451,0.00613695944925123,0,0.423,0.051,0.526,0.1302
"609",1,0.514655451566451,0.00613695944925123,0,0.423,0.051,0.526,0.1302
"610",0.50390625,0.514655451566451,0.00613695944925123,0,0.423,0.051,0.526,0.1302
"611",0.0078125,0.514655451566451,0.00613695944925123,0,0.423,0.051,0.526,0.1302
"612",1,0.514655451566451,0.00613695944925123,0,0.423,0.051,0.526,0.1302
"613",1,0.514655451566451,0.00613695944925123,0,0.423,0.051,0.526,0.1302
"614",1,0.514655451566451,0.00613695944925123,0,0.423,0.051,0.526,0.1302
"615",0.0078125,0.514655451566451,0.00613695944925123,0,0.423,0.051,0.526,0.1302
"616",0.0390625,0.514655451566451,0.00613695944925123,0,0.423,0.051,0.526,0.1302
"617",1,0.514655451566451,0.00613695944925123,0,0.423,0.051,0.526,0.1302
"618",1,0.514655451566451,0.00613695944925123,0,0.423,0.051,0.526,0.1302
"619",1,0.514655451566451,0.00613695944925123,0,0.423,0.051,0.526,0.1302
"620",0.04296875,0.514655451566451,0.00613695944925123,0,0.423,0.051,0.526,0.1302
"621",1,0.514655451566451,0.00613695944925123,0,0.423,0.051,0.526,0.1302
"622",1,0.514655451566451,0.00613695944925123,0,0.423,0.051,0.526,0.1302
"623",1,0.514655451566451,0.00613695944925123,0,0.423,0.051,0.526,0.1302
"624",1,0.514655451566451,0.00613695944925123,0,0.423,0.051,0.526,0.1302
"625",1,0.514655451566451,0.00613695944925123,0,0.423,0.051,0.526,0.1302
"626",1,0.514655451566451,0.00613695944925123,0,0.423,0.051,0.526,0.1302
"627",1,0.514655451566451,0.00613695944925123,0,0.423,0.051,0.526,0.1302
"628",1,0.514655451566451,0.00613695944925123,0,0.423,0.051,0.526,0.1302
"629",1,0.514655451566451,0.00613695944925123,0,0.423,0.051,0.526,0.1302
"630",0.0390625,0.514655451566451,0.00613695944925123,0,0.423,0.051,0.526,0.1302
"631",0.0390625,0.514655451566451,0.00613695944925123,0,0.423,0.051,0.526,0.1302
"632",1,0.514655451566451,0.00613695944925123,0,0.423,0.051,0.526,0.1302
"633",0.01171875,0.514655451566451,0.00613695944925123,0,0.423,0.051,0.526,0.1302
"634",1,0.514655451566451,0.00613695944925123,0,0.423,0.051,0.526,0.1302
"635",0,0.514655451566451,0.00613695944925123,0,0.423,0.051,0.526,0.1302
"636",0.0078125,0.514655451566451,0.00613695944925123,0,0.423,0.051,0.526,0.1302
"637",0.078125,0.514655451566451,0.00613695944925123,0,0.423,0.051,0.526,0.1302
"638",0.00390625,0.514655451566451,0.00613695944925123,0,0.423,0.051,0.526,0.1302
"639",0.0546875,0.514655451566451,0.00613695944925123,0,0.423,0.051,0.526,0.1302
"640",0.01953125,0.514655451566451,0.00613695944925123,0,0.423,0.051,0.526,0.1302
"641",0.2734375,0.514655451566451,0.00613695944925123,0,0.423,0.051,0.526,0.1302
"642",0.0703125,0.514655451566451,0.00613695944925123,0,0.423,0.051,0.526,0.1302
"643",1,0.514655451566451,0.00613695944925123,0,0.423,0.051,0.526,0.1302
"644",1,0.514655451566451,0.00613695944925123,0,0.423,0.051,0.526,0.1302
"645",1,0.514655451566451,0.00613695944925123,0,0.423,0.051,0.526,0.1302
"646",1,0.514655451566451,0.00613695944925123,0,0.423,0.051,0.526,0.1302
"647",1,0.514655451566451,0.00613695944925123,0,0.423,0.051,0.526,0.1302
"648",1,0.514655451566451,0.00613695944925123,0,0.423,0.051,0.526,0.1302
"649",1,0.514655451566451,0.00613695944925123,0,0.423,0.051,0.526,0.1302
"650",0.2578125,0.514655451566451,0.00613695944925123,0,0.423,0.051,0.526,0.1302
"651",1,0.514655451566451,0.00613695944925123,0,0.423,0.051,0.526,0.1302
"652",1,0.514655451566451,0.00613695944925123,0,0.423,0.051,0.526,0.1302
"653",1,0.514655451566451,0.00613695944925123,0,0.423,0.051,0.526,0.1302
"654",1,0.514655451566451,0.00613695944925123,0,0.423,0.051,0.526,0.1302
"655",1,0.514655451566451,0.00613695944925123,0,0.423,0.051,0.526,0.1302
"656",0.03125,0.514655451566451,0.00613695944925123,0,0.423,0.051,0.526,0.1302
"657",1,0.514655451566451,0.00613695944925123,0,0.423,0.051,0.526,0.1302
"658",0.00390625,0.514655451566451,0.00613695944925123,0,0.423,0.051,0.526,0.1302
"659",1,0.514655451566451,0.00613695944925123,0,0.423,0.051,0.526,0.1302
"660",1,0.514655451566451,0.00613695944925123,0,0.423,0.051,0.526,0.1302
"661",1,0.514655451566451,0.00613695944925123,0,0.423,0.051,0.526,0.1302
"662",0.03125,0.514655451566451,0.00613695944925123,0,0.423,0.051,0.526,0.1302
"663",1,0.514655451566451,0.00613695944925123,0,0.423,0.051,0.526,0.1302
"664",0.0078125,0.514655451566451,0.00613695944925123,0,0.423,0.051,0.526,0.1302
"665",1,0.514655451566451,0.00613695944925123,0,0.423,0.051,0.526,0.1302
"666",0.265625,0.514655451566451,0.00613695944925123,0,0.423,0.051,0.526,0.1302
"667",1,0.514655451566451,0.00613695944925123,0,0.423,0.051,0.526,0.1302
"668",0.03125,0.514655451566451,0.00613695944925123,0,0.423,0.051,0.526,0.1302
"669",0.14453125,0.514655451566451,0.00613695944925123,0,0.423,0.051,0.526,0.1302
"670",0.01953125,0.514655451566451,0.00613695944925123,0,0.423,0.051,0.526,0.1302
"671",1,0.514655451566451,0.00613695944925123,0,0.423,0.051,0.526,0.1302
"672",0.05859375,0.514655451566451,0.00613695944925123,0,0.423,0.051,0.526,0.1302
"673",1,0.514655451566451,0.00613695944925123,0,0.423,0.051,0.526,0.1302
"674",1,0.514655451566451,0.00613695944925123,0,0.423,0.051,0.526,0.1302
"675",0.00390625,0.514655451566451,0.00613695944925123,0,0.423,0.051,0.526,0.1302
"676",1,0.514655451566451,0.00613695944925123,0,0.423,0.051,0.526,0.1302
"677",0.05078125,0.514655451566451,0.00613695944925123,0,0.423,0.051,0.526,0.1302
"678",0.00390625,0.514655451566451,0.00613695944925123,0,0.423,0.051,0.526,0.1302
"679",1,0.514655451566451,0.00613695944925123,0,0.423,0.051,0.526,0.1302
"680",0.0078125,0.514655451566451,0.00613695944925123,0,0.423,0.051,0.526,0.1302
"681",1,0.514655451566451,0.00613695944925123,0,0.423,0.051,0.526,0.1302
"682",0.0703125,0.514655451566451,0.00613695944925123,0,0.423,0.051,0.526,0.1302
"683",1,0.514655451566451,0.00613695944925123,0,0.423,0.051,0.526,0.1302
"684",1,0.514655451566451,0.00613695944925123,0,0.423,0.051,0.526,0.1302
"685",1,0.514655451566451,0.00613695944925123,0,0.423,0.051,0.526,0.1302
"686",1,0.514655451566451,0.00613695944925123,0,0.423,0.051,0.526,0.1302
"687",0.02734375,0.514655451566451,0.00613695944925123,0,0.423,0.051,0.526,0.1302
"688",0.015625,0.514655451566451,0.00613695944925123,0,0.423,0.051,0.526,0.1302
"689",1,0.514655451566451,0.00613695944925123,0,0.423,0.051,0.526,0.1302
"690",1,0.514655451566451,0.00613695944925123,0,0.423,0.051,0.526,0.1302
"691",0.00390625,0.514655451566451,0.00613695944925123,0,0.423,0.051,0.526,0.1302
"692",0.01171875,0.514655451566451,0.00613695944925123,0,0.423,0.051,0.526,0.1302
"693",1,0.514655451566451,0.00613695944925123,0,0.423,0.051,0.526,0.1302
"694",0.0390625,0.514655451566451,0.00613695944925123,0,0.423,0.051,0.526,0.1302
"695",0.0546875,0.514655451566451,0.00613695944925123,0,0.423,0.051,0.526,0.1302
"696",0.03515625,0.514655451566451,0.00613695944925123,0,0.423,0.051,0.526,0.1302
"697",0.08203125,0.514655451566451,0.00613695944925123,0,0.423,0.051,0.526,0.1302
"698",1,0.514655451566451,0.00613695944925123,0,0.423,0.051,0.526,0.1302
"699",0.05078125,0.514655451566451,0.00613695944925123,0,0.423,0.051,0.526,0.1302
"700",1,0.514655451566451,0.00613695944925123,0,0.423,0.051,0.526,0.1302
"701",1,0.514655451566451,0.00613695944925123,0,0.423,0.051,0.526,0.1302
"702",1,0.514655451566451,0.00613695944925123,0,0.423,0.051,0.526,0.1302
"703",0.2578125,0.514655451566451,0.00613695944925123,0,0.423,0.051,0.526,0.1302
"704",0.04296875,0.514655451566451,0.00613695944925123,0,0.423,0.051,0.526,0.1302
"705",1,0.514655451566451,0.00613695944925123,0,0.423,0.051,0.526,0.1302
"706",0.015625,0.514655451566451,0.00613695944925123,0,0.423,0.051,0.526,0.1302
"707",1,0.514655451566451,0.00613695944925123,0,0.423,0.051,0.526,0.1302
"708",0.015625,0.514655451566451,0.00613695944925123,0,0.423,0.051,0.526,0.1302
"709",1,0.514655451566451,0.00613695944925123,0,0.423,0.051,0.526,0.1302
"710",1,0.514655451566451,0.00613695944925123,0,0.423,0.051,0.526,0.1302
"711",1,0.514655451566451,0.00613695944925123,0,0.423,0.051,0.526,0.1302
"712",1,0.514655451566451,0.00613695944925123,0,0.423,0.051,0.526,0.1302
"713",1,0.514655451566451,0.00613695944925123,0,0.423,0.051,0.526,0.1302
"714",0.078125,0.514655451566451,0.00613695944925123,0,0.423,0.051,0.526,0.1302
"715",1,0.514655451566451,0.00613695944925123,0,0.423,0.051,0.526,0.1302
"716",0,0.514655451566451,0.00613695944925123,0,0.423,0.051,0.526,0.1302
"717",1,0.514655451566451,0.00613695944925123,0,0.423,0.051,0.526,0.1302
"718",1,0.514655451566451,0.00613695944925123,0,0.423,0.051,0.526,0.1302
"719",1,0.514655451566451,0.00613695944925123,0,0.423,0.051,0.526,0.1302
"720",1,0.514655451566451,0.00613695944925123,0,0.423,0.051,0.526,0.1302
"721",1,0.514655451566451,0.00613695944925123,0,0.423,0.051,0.526,0.1302
"722",1,0.514655451566451,0.00613695944925123,0,0.423,0.051,0.526,0.1302
"723",1,0.514655451566451,0.00613695944925123,0,0.423,0.051,0.526,0.1302
"724",1,0.514655451566451,0.00613695944925123,0,0.423,0.051,0.526,0.1302
"725",0.265625,0.514655451566451,0.00613695944925123,0,0.423,0.051,0.526,0.1302
"726",1,0.514655451566451,0.00613695944925123,0,0.423,0.051,0.526,0.1302
"727",1,0.514655451566451,0.00613695944925123,0,0.423,0.051,0.526,0.1302
"728",0.2578125,0.514655451566451,0.00613695944925123,0,0.423,0.051,0.526,0.1302
"729",1,0.514655451566451,0.00613695944925123,0,0.423,0.051,0.526,0.1302
"730",0.02734375,0.514655451566451,0.00613695944925123,0,0.423,0.051,0.526,0.1302
"731",0.01171875,0.514655451566451,0.00613695944925123,0,0.423,0.051,0.526,0.1302
"732",1,0.514655451566451,0.00613695944925123,0,0.423,0.051,0.526,0.1302
"733",0.01171875,0.514655451566451,0.00613695944925123,0,0.423,0.051,0.526,0.1302
"734",1,0.514655451566451,0.00613695944925123,0,0.423,0.051,0.526,0.1302
"735",0.0078125,0.514655451566451,0.00613695944925123,0,0.423,0.051,0.526,0.1302
"736",0.0078125,0.514655451566451,0.00613695944925123,0,0.423,0.051,0.526,0.1302
"737",1,0.514655451566451,0.00613695944925123,0,0.423,0.051,0.526,0.1302
"738",1,0.514655451566451,0.00613695944925123,0,0.423,0.051,0.526,0.1302
"739",1,0.514655451566451,0.00613695944925123,0,0.423,0.051,0.526,0.1302
"740",1,0.514655451566451,0.00613695944925123,0,0.423,0.051,0.526,0.1302
"741",1,0.514655451566451,0.00613695944925123,0,0.423,0.051,0.526,0.1302
"742",0.0703125,0.514655451566451,0.00613695944925123,0,0.423,0.051,0.526,0.1302
"743",0.00390625,0.514655451566451,0.00613695944925123,0,0.423,0.051,0.526,0.1302
"744",1,0.514655451566451,0.00613695944925123,0,0.423,0.051,0.526,0.1302
"745",1,0.514655451566451,0.00613695944925123,0,0.423,0.051,0.526,0.1302
"746",1,0.514655451566451,0.00613695944925123,0,0.423,0.051,0.526,0.1302
"747",1,0.514655451566451,0.00613695944925123,0,0.423,0.051,0.526,0.1302
"748",0.00390625,0.514655451566451,0.00613695944925123,0,0.423,0.051,0.526,0.1302
"749",1,0.514655451566451,0.00613695944925123,0,0.423,0.051,0.526,0.1302
"750",0.00390625,0.514655451566451,0.00613695944925123,0,0.423,0.051,0.526,0.1302
"751",1,0.514655451566451,0.00613695944925123,0,0.423,0.051,0.526,0.1302
"752",1,0.514655451566451,0.00613695944925123,0,0.423,0.051,0.526,0.1302
"753",1,0.514655451566451,0.00613695944925123,0,0.423,0.051,0.526,0.1302
"754",1,0.514655451566451,0.00613695944925123,0,0.423,0.051,0.526,0.1302
"755",1,0.514655451566451,0.00613695944925123,0,0.423,0.051,0.526,0.1302
"756",0.05078125,0.514655451566451,0.00613695944925123,0,0.423,0.051,0.526,0.1302
"757",1,0.514655451566451,0.00613695944925123,0,0.423,0.051,0.526,0.1302
"758",1,0.514655451566451,0.00613695944925123,0,0.423,0.051,0.526,0.1302
"759",1,0.514655451566451,0.00613695944925123,0,0.423,0.051,0.526,0.1302
"760",0.015625,0.514655451566451,0.00613695944925123,0,0.423,0.051,0.526,0.1302
"761",1,0.514655451566451,0.00613695944925123,0,0.423,0.051,0.526,0.1302
"762",1,0.514655451566451,0.00613695944925123,0,0.423,0.051,0.526,0.1302
"763",0.01171875,0.514655451566451,0.00613695944925123,0,0.423,0.051,0.526,0.1302
"764",1,0.514655451566451,0.00613695944925123,0,0.423,0.051,0.526,0.1302
"765",1,0.514655451566451,0.00613695944925123,0,0.423,0.051,0.526,0.1302
"766",1,0.514655451566451,0.00613695944925123,0,0.423,0.051,0.526,0.1302
"767",0.046875,0.514655451566451,0.00613695944925123,0,0.423,0.051,0.526,0.1302
"768",1,0.514655451566451,0.00613695944925123,0,0.423,0.051,0.526,0.1302
"769",0,0.514655451566451,0.00613695944925123,0,0.423,0.051,0.526,0.1302
"770",0.03125,0.514655451566451,0.00613695944925123,0,0.423,0.051,0.526,0.1302
"771",1,0.514655451566451,0.00613695944925123,0,0.423,0.051,0.526,0.1302
"772",0.05078125,0.514655451566451,0.00613695944925123,0,0.423,0.051,0.526,0.1302
"773",0.02734375,0.514655451566451,0.00613695944925123,0,0.423,0.051,0.526,0.1302
"774",1,0.514655451566451,0.00613695944925123,0,0.423,0.051,0.526,0.1302
"775",1,0.514655451566451,0.00613695944925123,0,0.423,0.051,0.526,0.1302
"776",0.14453125,0.514655451566451,0.00613695944925123,0,0.423,0.051,0.526,0.1302
"777",0.02734375,0.514655451566451,0.00613695944925123,0,0.423,0.051,0.526,0.1302
"778",1,0.514655451566451,0.00613695944925123,0,0.423,0.051,0.526,0.1302
"779",0.0859375,0.514655451566451,0.00613695944925123,0,0.423,0.051,0.526,0.1302
"780",1,0.514655451566451,0.00613695944925123,0,0.423,0.051,0.526,0.1302
"781",1,0.514655451566451,0.00613695944925123,0,0.423,0.051,0.526,0.1302
"782",1,0.514655451566451,0.00613695944925123,0,0.423,0.051,0.526,0.1302
"783",1,0.514655451566451,0.00613695944925123,0,0.423,0.051,0.526,0.1302
"784",0.046875,0.514655451566451,0.00613695944925123,0,0.423,0.051,0.526,0.1302
"785",0.0234375,0.514655451566451,0.00613695944925123,0,0.423,0.051,0.526,0.1302
"786",1,0.514655451566451,0.00613695944925123,0,0.423,0.051,0.526,0.1302
"787",0.03515625,0.514655451566451,0.00613695944925123,0,0.423,0.051,0.526,0.1302
"788",0.046875,0.514655451566451,0.00613695944925123,0,0.423,0.051,0.526,0.1302
"789",1,0.514655451566451,0.00613695944925123,0,0.423,0.051,0.526,0.1302
"790",0.5,0.514655451566451,0.00613695944925123,0,0.423,0.051,0.526,0.1302
"791",0,0.514655451566451,0.00613695944925123,0,0.423,0.051,0.526,0.1302
"792",0.0234375,0.514655451566451,0.00613695944925123,0,0.423,0.051,0.526,0.1302
"793",1,0.514655451566451,0.00613695944925123,0,0.423,0.051,0.526,0.1302
"794",0.29296875,0.514655451566451,0.00613695944925123,0,0.423,0.051,0.526,0.1302
"795",0.015625,0.514655451566451,0.00613695944925123,0,0.423,0.051,0.526,0.1302
"796",1,0.514655451566451,0.00613695944925123,0,0.423,0.051,0.526,0.1302
"797",1,0.514655451566451,0.00613695944925123,0,0.423,0.051,0.526,0.1302
"798",1,0.514655451566451,0.00613695944925123,0,0.423,0.051,0.526,0.1302
"799",1,0.514655451566451,0.00613695944925123,0,0.423,0.051,0.526,0.1302
"800",1,0.514655451566451,0.00613695944925123,0,0.423,0.051,0.526,0.1302
"801",0.03125,0.514655451566451,0.00613695944925123,0,0.423,0.051,0.526,0.1302
"802",0.03515625,0.514655451566451,0.00613695944925123,0,0.423,0.051,0.526,0.1302
"803",0.00390625,0.514655451566451,0.00613695944925123,0,0.423,0.051,0.526,0.1302
"804",0.0078125,0.514655451566451,0.00613695944925123,0,0.423,0.051,0.526,0.1302
"805",1,0.514655451566451,0.00613695944925123,0,0.423,0.051,0.526,0.1302
"806",1,0.514655451566451,0.00613695944925123,0,0.423,0.051,0.526,0.1302
"807",1,0.514655451566451,0.00613695944925123,0,0.423,0.051,0.526,0.1302
"808",0.04296875,0.514655451566451,0.00613695944925123,0,0.423,0.051,0.526,0.1302
"809",0.0078125,0.514655451566451,0.00613695944925123,0,0.423,0.051,0.526,0.1302
"810",0.0859375,0.514655451566451,0.00613695944925123,0,0.423,0.051,0.526,0.1302
"811",0.13671875,0.514655451566451,0.00613695944925123,0,0.423,0.051,0.526,0.1302
"812",1,0.514655451566451,0.00613695944925123,0,0.423,0.051,0.526,0.1302
"813",0.0078125,0.514655451566451,0.00613695944925123,0,0.423,0.051,0.526,0.1302
"814",0.015625,0.514655451566451,0.00613695944925123,0,0.423,0.051,0.526,0.1302
"815",0.0390625,0.514655451566451,0.00613695944925123,0,0.423,0.051,0.526,0.1302
"816",0.015625,0.514655451566451,0.00613695944925123,0,0.423,0.051,0.526,0.1302
"817",0.51171875,0.514655451566451,0.00613695944925123,0,0.423,0.051,0.526,0.1302
"818",0.00390625,0.514655451566451,0.00613695944925123,0,0.423,0.051,0.526,0.1302
"819",1,0.514655451566451,0.00613695944925123,0,0.423,0.051,0.526,0.1302
"820",0,0.514655451566451,0.00613695944925123,0,0.423,0.051,0.526,0.1302
"821",1,0.514655451566451,0.00613695944925123,0,0.423,0.051,0.526,0.1302
"822",0.05078125,0.514655451566451,0.00613695944925123,0,0.423,0.051,0.526,0.1302
"823",1,0.514655451566451,0.00613695944925123,0,0.423,0.051,0.526,0.1302
"824",1,0.514655451566451,0.00613695944925123,0,0.423,0.051,0.526,0.1302
"825",0.0078125,0.514655451566451,0.00613695944925123,0,0.423,0.051,0.526,0.1302
"826",0.03125,0.514655451566451,0.00613695944925123,0,0.423,0.051,0.526,0.1302
"827",1,0.514655451566451,0.00613695944925123,0,0.423,0.051,0.526,0.1302
"828",0.03125,0.514655451566451,0.00613695944925123,0,0.423,0.051,0.526,0.1302
"829",0.02734375,0.514655451566451,0.00613695944925123,0,0.423,0.051,0.526,0.1302
"830",0.03515625,0.514655451566451,0.00613695944925123,0,0.423,0.051,0.526,0.1302
"831",1,0.514655451566451,0.00613695944925123,0,0.423,0.051,0.526,0.1302
"832",1,0.514655451566451,0.00613695944925123,0,0.423,0.051,0.526,0.1302
"833",0.0078125,0.514655451566451,0.00613695944925123,0,0.423,0.051,0.526,0.1302
"834",0.02734375,0.514655451566451,0.00613695944925123,0,0.423,0.051,0.526,0.1302
"835",0.046875,0.514655451566451,0.00613695944925123,0,0.423,0.051,0.526,0.1302
"836",0.0078125,0.514655451566451,0.00613695944925123,0,0.423,0.051,0.526,0.1302
"837",1,0.514655451566451,0.00613695944925123,0,0.423,0.051,0.526,0.1302
"838",0.328125,0.514655451566451,0.00613695944925123,0,0.423,0.051,0.526,0.1302
"839",0.09765625,0.514655451566451,0.00613695944925123,0,0.423,0.051,0.526,0.1302
"840",1,0.514655451566451,0.00613695944925123,0,0.423,0.051,0.526,0.1302
"841",1,0.514655451566451,0.00613695944925123,0,0.423,0.051,0.526,0.1302
"842",1,0.514655451566451,0.00613695944925123,0,0.423,0.051,0.526,0.1302
"843",1,0.514655451566451,0.00613695944925123,0,0.423,0.051,0.526,0.1302
"844",0.09375,0.514655451566451,0.00613695944925123,0,0.423,0.051,0.526,0.1302
"845",0.1328125,0.514655451566451,0.00613695944925123,0,0.423,0.051,0.526,0.1302
"846",0.13671875,0.514655451566451,0.00613695944925123,0,0.423,0.051,0.526,0.1302
"847",0.08984375,0.514655451566451,0.00613695944925123,0,0.423,0.051,0.526,0.1302
"848",0.00390625,0.514655451566451,0.00613695944925123,0,0.423,0.051,0.526,0.1302
"849",1,0.514655451566451,0.00613695944925123,0,0.423,0.051,0.526,0.1302
"850",1,0.514655451566451,0.00613695944925123,0,0.423,0.051,0.526,0.1302
"851",0.0390625,0.514655451566451,0.00613695944925123,0,0.423,0.051,0.526,0.1302
"852",0.046875,0.514655451566451,0.00613695944925123,0,0.423,0.051,0.526,0.1302
"853",1,0.514655451566451,0.00613695944925123,0,0.423,0.051,0.526,0.1302
"854",0.01171875,0.514655451566451,0.00613695944925123,0,0.423,0.051,0.526,0.1302
"855",0.015625,0.514655451566451,0.00613695944925123,0,0.423,0.051,0.526,0.1302
"856",0.04296875,0.514655451566451,0.00613695944925123,0,0.423,0.051,0.526,0.1302
"857",0.09375,0.514655451566451,0.00613695944925123,0,0.423,0.051,0.526,0.1302
"858",1,0.514655451566451,0.00613695944925123,0,0.423,0.051,0.526,0.1302
"859",1,0.514655451566451,0.00613695944925123,0,0.423,0.051,0.526,0.1302
"860",0.0625,0.514655451566451,0.00613695944925123,0,0.423,0.051,0.526,0.1302
"861",1,0.514655451566451,0.00613695944925123,0,0.423,0.051,0.526,0.1302
"862",0.015625,0.514655451566451,0.00613695944925123,0,0.423,0.051,0.526,0.1302
"863",0.04296875,0.514655451566451,0.00613695944925123,0,0.423,0.051,0.526,0.1302
"864",1,0.514655451566451,0.00613695944925123,0,0.423,0.051,0.526,0.1302
"865",0.03515625,0.514655451566451,0.00613695944925123,0,0.423,0.051,0.526,0.1302
"866",1,0.514655451566451,0.00613695944925123,0,0.423,0.051,0.526,0.1302
"867",1,0.514655451566451,0.00613695944925123,0,0.423,0.051,0.526,0.1302
"868",1,0.514655451566451,0.00613695944925123,0,0.423,0.051,0.526,0.1302
"869",1,0.514655451566451,0.00613695944925123,0,0.423,0.051,0.526,0.1302
"870",0.0078125,0.514655451566451,0.00613695944925123,0,0.423,0.051,0.526,0.1302
"871",1,0.514655451566451,0.00613695944925123,0,0.423,0.051,0.526,0.1302
"872",0.140625,0.514655451566451,0.00613695944925123,0,0.423,0.051,0.526,0.1302
"873",1,0.514655451566451,0.00613695944925123,0,0.423,0.051,0.526,0.1302
"874",1,0.514655451566451,0.00613695944925123,0,0.423,0.051,0.526,0.1302
"875",1,0.514655451566451,0.00613695944925123,0,0.423,0.051,0.526,0.1302
"876",1,0.514655451566451,0.00613695944925123,0,0.423,0.051,0.526,0.1302
"877",1,0.514655451566451,0.00613695944925123,0,0.423,0.051,0.526,0.1302
"878",1,0.514655451566451,0.00613695944925123,0,0.423,0.051,0.526,0.1302
"879",1,0.514655451566451,0.00613695944925123,0,0.423,0.051,0.526,0.1302
"880",0.0390625,0.514655451566451,0.00613695944925123,0,0.423,0.051,0.526,0.1302
"881",1,0.514655451566451,0.00613695944925123,0,0.423,0.051,0.526,0.1302
"882",0.0703125,0.514655451566451,0.00613695944925123,0,0.423,0.051,0.526,0.1302
"883",0.05859375,0.514655451566451,0.00613695944925123,0,0.423,0.051,0.526,0.1302
"884",0.00390625,0.514655451566451,0.00613695944925123,0,0.423,0.051,0.526,0.1302
"885",0.0390625,0.514655451566451,0.00613695944925123,0,0.423,0.051,0.526,0.1302
"886",1,0.514655451566451,0.00613695944925123,0,0.423,0.051,0.526,0.1302
"887",1,0.514655451566451,0.00613695944925123,0,0.423,0.051,0.526,0.1302
"888",0.07421875,0.514655451566451,0.00613695944925123,0,0.423,0.051,0.526,0.1302
"889",0.00390625,0.514655451566451,0.00613695944925123,0,0.423,0.051,0.526,0.1302
"890",1,0.514655451566451,0.00613695944925123,0,0.423,0.051,0.526,0.1302
"891",1,0.514655451566451,0.00613695944925123,0,0.423,0.051,0.526,0.1302
"892",1,0.514655451566451,0.00613695944925123,0,0.423,0.051,0.526,0.1302
"893",1,0.514655451566451,0.00613695944925123,0,0.423,0.051,0.526,0.1302
"894",0.02734375,0.514655451566451,0.00613695944925123,0,0.423,0.051,0.526,0.1302
"895",1,0.514655451566451,0.00613695944925123,0,0.423,0.051,0.526,0.1302
"896",1,0.514655451566451,0.00613695944925123,0,0.423,0.051,0.526,0.1302
"897",1,0.514655451566451,0.00613695944925123,0,0.423,0.051,0.526,0.1302
"898",0.0078125,0.514655451566451,0.00613695944925123,0,0.423,0.051,0.526,0.1302
"899",1,0.514655451566451,0.00613695944925123,0,0.423,0.051,0.526,0.1302
"900",1,0.514655451566451,0.00613695944925123,0,0.423,0.051,0.526,0.1302
"901",1,0.514655451566451,0.00613695944925123,0,0.423,0.051,0.526,0.1302
"902",0.00390625,0.514655451566451,0.00613695944925123,0,0.423,0.051,0.526,0.1302
"903",1,0.514655451566451,0.00613695944925123,0,0.423,0.051,0.526,0.1302
"904",0.046875,0.514655451566451,0.00613695944925123,0,0.423,0.051,0.526,0.1302
"905",0.00390625,0.514655451566451,0.00613695944925123,0,0.423,0.051,0.526,0.1302
"906",1,0.514655451566451,0.00613695944925123,0,0.423,0.051,0.526,0.1302
"907",0.015625,0.514655451566451,0.00613695944925123,0,0.423,0.051,0.526,0.1302
"908",0.0234375,0.514655451566451,0.00613695944925123,0,0.423,0.051,0.526,0.1302
"909",0.0078125,0.514655451566451,0.00613695944925123,0,0.423,0.051,0.526,0.1302
"910",0.04296875,0.514655451566451,0.00613695944925123,0,0.423,0.051,0.526,0.1302
"911",1,0.514655451566451,0.00613695944925123,0,0.423,0.051,0.526,0.1302
"912",0.05078125,0.514655451566451,0.00613695944925123,0,0.423,0.051,0.526,0.1302
"913",0.0234375,0.514655451566451,0.00613695944925123,0,0.423,0.051,0.526,0.1302
"914",0.15625,0.514655451566451,0.00613695944925123,0,0.423,0.051,0.526,0.1302
"915",0.0234375,0.514655451566451,0.00613695944925123,0,0.423,0.051,0.526,0.1302
"916",0.13671875,0.514655451566451,0.00613695944925123,0,0.423,0.051,0.526,0.1302
"917",0.0234375,0.514655451566451,0.00613695944925123,0,0.423,0.051,0.526,0.1302
"918",0.01171875,0.514655451566451,0.00613695944925123,0,0.423,0.051,0.526,0.1302
"919",1,0.514655451566451,0.00613695944925123,0,0.423,0.051,0.526,0.1302
"920",0.01171875,0.514655451566451,0.00613695944925123,0,0.423,0.051,0.526,0.1302
"921",1,0.514655451566451,0.00613695944925123,0,0.423,0.051,0.526,0.1302
"922",1,0.514655451566451,0.00613695944925123,0,0.423,0.051,0.526,0.1302
"923",0.02734375,0.514655451566451,0.00613695944925123,0,0.423,0.051,0.526,0.1302
"924",0.16015625,0.514655451566451,0.00613695944925123,0,0.423,0.051,0.526,0.1302
"925",1,0.514655451566451,0.00613695944925123,0,0.423,0.051,0.526,0.1302
"926",0.01171875,0.514655451566451,0.00613695944925123,0,0.423,0.051,0.526,0.1302
"927",1,0.514655451566451,0.00613695944925123,0,0.423,0.051,0.526,0.1302
"928",0.01953125,0.514655451566451,0.00613695944925123,0,0.423,0.051,0.526,0.1302
"929",0.00390625,0.514655451566451,0.00613695944925123,0,0.423,0.051,0.526,0.1302
"930",1,0.514655451566451,0.00613695944925123,0,0.423,0.051,0.526,0.1302
"931",0.015625,0.514655451566451,0.00613695944925123,0,0.423,0.051,0.526,0.1302
"932",1,0.514655451566451,0.00613695944925123,0,0.423,0.051,0.526,0.1302
"933",0.015625,0.514655451566451,0.00613695944925123,0,0.423,0.051,0.526,0.1302
"934",0.0234375,0.514655451566451,0.00613695944925123,0,0.423,0.051,0.526,0.1302
"935",1,0.514655451566451,0.00613695944925123,0,0.423,0.051,0.526,0.1302
"936",1,0.514655451566451,0.00613695944925123,0,0.423,0.051,0.526,0.1302
"937",0.01953125,0.514655451566451,0.00613695944925123,0,0.423,0.051,0.526,0.1302
"938",0,0.514655451566451,0.00613695944925123,0,0.423,0.051,0.526,0.1302
"939",1,0.514655451566451,0.00613695944925123,0,0.423,0.051,0.526,0.1302
"940",1,0.514655451566451,0.00613695944925123,0,0.423,0.051,0.526,0.1302
"941",1,0.514655451566451,0.00613695944925123,0,0.423,0.051,0.526,0.1302
"942",0.02734375,0.514655451566451,0.00613695944925123,0,0.423,0.051,0.526,0.1302
"943",1,0.514655451566451,0.00613695944925123,0,0.423,0.051,0.526,0.1302
"944",0.03125,0.514655451566451,0.00613695944925123,0,0.423,0.051,0.526,0.1302
"945",1,0.514655451566451,0.00613695944925123,0,0.423,0.051,0.526,0.1302
"946",0.015625,0.514655451566451,0.00613695944925123,0,0.423,0.051,0.526,0.1302
"947",0.07421875,0.514655451566451,0.00613695944925123,0,0.423,0.051,0.526,0.1302
"948",1,0.514655451566451,0.00613695944925123,0,0.423,0.051,0.526,0.1302
"949",0.42578125,0.514655451566451,0.00613695944925123,0,0.423,0.051,0.526,0.1302
"950",1,0.514655451566451,0.00613695944925123,0,0.423,0.051,0.526,0.1302
"951",1,0.514655451566451,0.00613695944925123,0,0.423,0.051,0.526,0.1302
"952",1,0.514655451566451,0.00613695944925123,0,0.423,0.051,0.526,0.1302
"953",1,0.514655451566451,0.00613695944925123,0,0.423,0.051,0.526,0.1302
"954",0.01953125,0.514655451566451,0.00613695944925123,0,0.423,0.051,0.526,0.1302
"955",1,0.514655451566451,0.00613695944925123,0,0.423,0.051,0.526,0.1302
"956",1,0.514655451566451,0.00613695944925123,0,0.423,0.051,0.526,0.1302
"957",1,0.514655451566451,0.00613695944925123,0,0.423,0.051,0.526,0.1302
"958",0.015625,0.514655451566451,0.00613695944925123,0,0.423,0.051,0.526,0.1302
"959",1,0.514655451566451,0.00613695944925123,0,0.423,0.051,0.526,0.1302
"960",1,0.514655451566451,0.00613695944925123,0,0.423,0.051,0.526,0.1302
"961",1,0.514655451566451,0.00613695944925123,0,0.423,0.051,0.526,0.1302
"962",0.00390625,0.514655451566451,0.00613695944925123,0,0.423,0.051,0.526,0.1302
"963",0.0390625,0.514655451566451,0.00613695944925123,0,0.423,0.051,0.526,0.1302
"964",1,0.514655451566451,0.00613695944925123,0,0.423,0.051,0.526,0.1302
"965",0.0703125,0.514655451566451,0.00613695944925123,0,0.423,0.051,0.526,0.1302
"966",0.01953125,0.514655451566451,0.00613695944925123,0,0.423,0.051,0.526,0.1302
"967",1,0.514655451566451,0.00613695944925123,0,0.423,0.051,0.526,0.1302
"968",0.0703125,0.514655451566451,0.00613695944925123,0,0.423,0.051,0.526,0.1302
"969",1,0.514655451566451,0.00613695944925123,0,0.423,0.051,0.526,0.1302
"970",0.015625,0.514655451566451,0.00613695944925123,0,0.423,0.051,0.526,0.1302
"971",0.265625,0.514655451566451,0.00613695944925123,0,0.423,0.051,0.526,0.1302
"972",1,0.514655451566451,0.00613695944925123,0,0.423,0.051,0.526,0.1302
"973",0.04296875,0.514655451566451,0.00613695944925123,0,0.423,0.051,0.526,0.1302
"974",0.0546875,0.514655451566451,0.00613695944925123,0,0.423,0.051,0.526,0.1302
"975",0.03515625,0.514655451566451,0.00613695944925123,0,0.423,0.051,0.526,0.1302
"976",0.01171875,0.514655451566451,0.00613695944925123,0,0.423,0.051,0.526,0.1302
"977",1,0.514655451566451,0.00613695944925123,0,0.423,0.051,0.526,0.1302
"978",0.0390625,0.514655451566451,0.00613695944925123,0,0.423,0.051,0.526,0.1302
"979",1,0.514655451566451,0.00613695944925123,0,0.423,0.051,0.526,0.1302
"980",0.13671875,0.514655451566451,0.00613695944925123,0,0.423,0.051,0.526,0.1302
"981",1,0.514655451566451,0.00613695944925123,0,0.423,0.051,0.526,0.1302
"982",1,0.514655451566451,0.00613695944925123,0,0.423,0.051,0.526,0.1302
"983",0.078125,0.514655451566451,0.00613695944925123,0,0.423,0.051,0.526,0.1302
"984",0.0234375,0.514655451566451,0.00613695944925123,0,0.423,0.051,0.526,0.1302
"985",1,0.514655451566451,0.00613695944925123,0,0.423,0.051,0.526,0.1302
"986",0.0078125,0.514655451566451,0.00613695944925123,0,0.423,0.051,0.526,0.1302
"987",0.00390625,0.514655451566451,0.00613695944925123,0,0.423,0.051,0.526,0.1302
"988",0.0234375,0.514655451566451,0.00613695944925123,0,0.423,0.051,0.526,0.1302
"989",1,0.514655451566451,0.00613695944925123,0,0.423,0.051,0.526,0.1302
"990",0.0234375,0.514655451566451,0.00613695944925123,0,0.423,0.051,0.526,0.1302
"991",1,0.514655451566451,0.00613695944925123,0,0.423,0.051,0.526,0.1302
"992",0.14453125,0.514655451566451,0.00613695944925123,0,0.423,0.051,0.526,0.1302
"993",0.00390625,0.514655451566451,0.00613695944925123,0,0.423,0.051,0.526,0.1302
"994",0.5078125,0.514655451566451,0.00613695944925123,0,0.423,0.051,0.526,0.1302
"995",0.03125,0.514655451566451,0.00613695944925123,0,0.423,0.051,0.526,0.1302
"996",0.0234375,0.514655451566451,0.00613695944925123,0,0.423,0.051,0.526,0.1302
"997",0.08984375,0.514655451566451,0.00613695944925123,0,0.423,0.051,0.526,0.1302
"998",1,0.514655451566451,0.00613695944925123,0,0.423,0.051,0.526,0.1302
"999",1,0.514655451566451,0.00613695944925123,0,0.423,0.051,0.526,0.1302
"1000",1,0.514655451566451,0.00613695944925123,0,0.423,0.051,0.526,0.1302
"1001",0.03515625,0.514655451566451,0.00613695944925123,0,0.423,0.051,0.526,0.1302
"1002",0.00390625,0.514655451566451,0.00613695944925123,0,0.423,0.051,0.526,0.1302
"1003",0.03125,0.514655451566451,0.00613695944925123,0,0.423,0.051,0.526,0.1302
"1004",1,0.514655451566451,0.00613695944925123,0,0.423,0.051,0.526,0.1302
"1005",0.0078125,0.514655451566451,0.00613695944925123,0,0.423,0.051,0.526,0.1302
"1006",0.2578125,0.514655451566451,0.00613695944925123,0,0.423,0.051,0.526,0.1302
"1007",1,0.514655451566451,0.00613695944925123,0,0.423,0.051,0.526,0.1302
"1008",1,0.514655451566451,0.00613695944925123,0,0.423,0.051,0.526,0.1302
"1009",1,0.514655451566451,0.00613695944925123,0,0.423,0.051,0.526,0.1302
"1010",1,0.514655451566451,0.00613695944925123,0,0.423,0.051,0.526,0.1302
"1011",0.01171875,0.514655451566451,0.00613695944925123,0,0.423,0.051,0.526,0.1302
"1012",0.0234375,0.514655451566451,0.00613695944925123,0,0.423,0.051,0.526,0.1302
"1013",0.0078125,0.514655451566451,0.00613695944925123,0,0.423,0.051,0.526,0.1302
"1014",0.08984375,0.514655451566451,0.00613695944925123,0,0.423,0.051,0.526,0.1302
"1015",1,0.514655451566451,0.00613695944925123,0,0.423,0.051,0.526,0.1302
"1016",1,0.514655451566451,0.00613695944925123,0,0.423,0.051,0.526,0.1302
"1017",0,0.514655451566451,0.00613695944925123,0,0.423,0.051,0.526,0.1302
"1018",1,0.514655451566451,0.00613695944925123,0,0.423,0.051,0.526,0.1302
"1019",0.0078125,0.514655451566451,0.00613695944925123,0,0.423,0.051,0.526,0.1302
"1020",0.07421875,0.514655451566451,0.00613695944925123,0,0.423,0.051,0.526,0.1302
"1021",1,0.514655451566451,0.00613695944925123,0,0.423,0.051,0.526,0.1302
"1022",1,0.514655451566451,0.00613695944925123,0,0.423,0.051,0.526,0.1302
"1023",0.015625,0.514655451566451,0.00613695944925123,0,0.423,0.051,0.526,0.1302
"1024",1,0.514655451566451,0.00613695944925123,0,0.423,0.051,0.526,0.1302
"1025",1,0.514655451566451,0.00613695944925123,0,0.423,0.051,0.526,0.1302
"1026",0.00390625,0.514655451566451,0.00613695944925123,0,0.423,0.051,0.526,0.1302
"1027",0.0546875,0.514655451566451,0.00613695944925123,0,0.423,0.051,0.526,0.1302
"1028",0.09765625,0.514655451566451,0.00613695944925123,0,0.423,0.051,0.526,0.1302
"1029",1,0.514655451566451,0.00613695944925123,0,0.423,0.051,0.526,0.1302
"1030",1,0.514655451566451,0.00613695944925123,0,0.423,0.051,0.526,0.1302
"1031",0,0.514655451566451,0.00613695944925123,0,0.423,0.051,0.526,0.1302
"1032",1,0.514655451566451,0.00613695944925123,0,0.423,0.051,0.526,0.1302
"1033",1,0.514655451566451,0.00613695944925123,0,0.423,0.051,0.526,0.1302
"1034",0.0078125,0.514655451566451,0.00613695944925123,0,0.423,0.051,0.526,0.1302
"1035",0.03125,0.514655451566451,0.00613695944925123,0,0.423,0.051,0.526,0.1302
"1036",0.0234375,0.514655451566451,0.00613695944925123,0,0.423,0.051,0.526,0.1302
"1037",0,0.514655451566451,0.00613695944925123,0,0.423,0.051,0.526,0.1302
"1038",1,0.514655451566451,0.00613695944925123,0,0.423,0.051,0.526,0.1302
"1039",1,0.514655451566451,0.00613695944925123,0,0.423,0.051,0.526,0.1302
"1040",1,0.514655451566451,0.00613695944925123,0,0.423,0.051,0.526,0.1302
"1041",0.140625,0.514655451566451,0.00613695944925123,0,0.423,0.051,0.526,0.1302
"1042",1,0.514655451566451,0.00613695944925123,0,0.423,0.051,0.526,0.1302
"1043",1,0.514655451566451,0.00613695944925123,0,0.423,0.051,0.526,0.1302
"1044",0.00390625,0.514655451566451,0.00613695944925123,0,0.423,0.051,0.526,0.1302
"1045",1,0.514655451566451,0.00613695944925123,0,0.423,0.051,0.526,0.1302
"1046",1,0.514655451566451,0.00613695944925123,0,0.423,0.051,0.526,0.1302
"1047",0.06640625,0.514655451566451,0.00613695944925123,0,0.423,0.051,0.526,0.1302
"1048",0.52734375,0.514655451566451,0.00613695944925123,0,0.423,0.051,0.526,0.1302
"1049",1,0.514655451566451,0.00613695944925123,0,0.423,0.051,0.526,0.1302
"1050",1,0.514655451566451,0.00613695944925123,0,0.423,0.051,0.526,0.1302
"1051",0,0.514655451566451,0.00613695944925123,0,0.423,0.051,0.526,0.1302
"1052",0.02734375,0.514655451566451,0.00613695944925123,0,0.423,0.051,0.526,0.1302
"1053",1,0.514655451566451,0.00613695944925123,0,0.423,0.051,0.526,0.1302
"1054",1,0.514655451566451,0.00613695944925123,0,0.423,0.051,0.526,0.1302
"1055",1,0.514655451566451,0.00613695944925123,0,0.423,0.051,0.526,0.1302
"1056",0.01953125,0.514655451566451,0.00613695944925123,0,0.423,0.051,0.526,0.1302
"1057",1,0.514655451566451,0.00613695944925123,0,0.423,0.051,0.526,0.1302
"1058",0.01953125,0.514655451566451,0.00613695944925123,0,0.423,0.051,0.526,0.1302
"1059",1,0.514655451566451,0.00613695944925123,0,0.423,0.051,0.526,0.1302
"1060",1,0.514655451566451,0.00613695944925123,0,0.423,0.051,0.526,0.1302
"1061",1,0.514655451566451,0.00613695944925123,0,0.423,0.051,0.526,0.1302
"1062",1,0.514655451566451,0.00613695944925123,0,0.423,0.051,0.526,0.1302
"1063",1,0.514655451566451,0.00613695944925123,0,0.423,0.051,0.526,0.1302
"1064",1,0.514655451566451,0.00613695944925123,0,0.423,0.051,0.526,0.1302
"1065",1,0.514655451566451,0.00613695944925123,0,0.423,0.051,0.526,0.1302
"1066",1,0.514655451566451,0.00613695944925123,0,0.423,0.051,0.526,0.1302
"1067",0.0078125,0.514655451566451,0.00613695944925123,0,0.423,0.051,0.526,0.1302
"1068",1,0.514655451566451,0.00613695944925123,0,0.423,0.051,0.526,0.1302
"1069",0.0390625,0.514655451566451,0.00613695944925123,0,0.423,0.051,0.526,0.1302
"1070",1,0.514655451566451,0.00613695944925123,0,0.423,0.051,0.526,0.1302
"1071",1,0.514655451566451,0.00613695944925123,0,0.423,0.051,0.526,0.1302
"1072",1,0.514655451566451,0.00613695944925123,0,0.423,0.051,0.526,0.1302
"1073",0.07421875,0.514655451566451,0.00613695944925123,0,0.423,0.051,0.526,0.1302
"1074",1,0.514655451566451,0.00613695944925123,0,0.423,0.051,0.526,0.1302
"1075",0.0390625,0.514655451566451,0.00613695944925123,0,0.423,0.051,0.526,0.1302
"1076",0,0.514655451566451,0.00613695944925123,0,0.423,0.051,0.526,0.1302
"1077",1,0.514655451566451,0.00613695944925123,0,0.423,0.051,0.526,0.1302
"1078",0.0390625,0.514655451566451,0.00613695944925123,0,0.423,0.051,0.526,0.1302
"1079",1,0.514655451566451,0.00613695944925123,0,0.423,0.051,0.526,0.1302
"1080",0.578125,0.514655451566451,0.00613695944925123,0,0.423,0.051,0.526,0.1302
"1081",0.0625,0.514655451566451,0.00613695944925123,0,0.423,0.051,0.526,0.1302
"1082",0.00390625,0.514655451566451,0.00613695944925123,0,0.423,0.051,0.526,0.1302
"1083",0.00390625,0.514655451566451,0.00613695944925123,0,0.423,0.051,0.526,0.1302
"1084",0.015625,0.514655451566451,0.00613695944925123,0,0.423,0.051,0.526,0.1302
"1085",1,0.514655451566451,0.00613695944925123,0,0.423,0.051,0.526,0.1302
"1086",0.0390625,0.514655451566451,0.00613695944925123,0,0.423,0.051,0.526,0.1302
"1087",1,0.514655451566451,0.00613695944925123,0,0.423,0.051,0.526,0.1302
"1088",0,0.514655451566451,0.00613695944925123,0,0.423,0.051,0.526,0.1302
"1089",0.0390625,0.514655451566451,0.00613695944925123,0,0.423,0.051,0.526,0.1302
"1090",0.5078125,0.514655451566451,0.00613695944925123,0,0.423,0.051,0.526,0.1302
"1091",1,0.514655451566451,0.00613695944925123,0,0.423,0.051,0.526,0.1302
"1092",1,0.514655451566451,0.00613695944925123,0,0.423,0.051,0.526,0.1302
"1093",0.0078125,0.514655451566451,0.00613695944925123,0,0.423,0.051,0.526,0.1302
"1094",0.04296875,0.514655451566451,0.00613695944925123,0,0.423,0.051,0.526,0.1302
"1095",0.01953125,0.514655451566451,0.00613695944925123,0,0.423,0.051,0.526,0.1302
"1096",0.265625,0.514655451566451,0.00613695944925123,0,0.423,0.051,0.526,0.1302
"1097",1,0.514655451566451,0.00613695944925123,0,0.423,0.051,0.526,0.1302
"1098",1,0.514655451566451,0.00613695944925123,0,0.423,0.051,0.526,0.1302
"1099",0.0625,0.514655451566451,0.00613695944925123,0,0.423,0.051,0.526,0.1302
"1100",0.0703125,0.514655451566451,0.00613695944925123,0,0.423,0.051,0.526,0.1302
"1101",1,0.514655451566451,0.00613695944925123,0,0.423,0.051,0.526,0.1302
"1102",1,0.514655451566451,0.00613695944925123,0,0.423,0.051,0.526,0.1302
"1103",0.03125,0.514655451566451,0.00613695944925123,0,0.423,0.051,0.526,0.1302
"1104",0.015625,0.514655451566451,0.00613695944925123,0,0.423,0.051,0.526,0.1302
"1105",0.015625,0.514655451566451,0.00613695944925123,0,0.423,0.051,0.526,0.1302
"1106",1,0.514655451566451,0.00613695944925123,0,0.423,0.051,0.526,0.1302
"1107",0.00390625,0.514655451566451,0.00613695944925123,0,0.423,0.051,0.526,0.1302
"1108",1,0.514655451566451,0.00613695944925123,0,0.423,0.051,0.526,0.1302
"1109",0.01171875,0.514655451566451,0.00613695944925123,0,0.423,0.051,0.526,0.1302
"1110",0.03515625,0.514655451566451,0.00613695944925123,0,0.423,0.051,0.526,0.1302
"1111",1,0.514655451566451,0.00613695944925123,0,0.423,0.051,0.526,0.1302
"1112",0.01953125,0.514655451566451,0.00613695944925123,0,0.423,0.051,0.526,0.1302
"1113",1,0.514655451566451,0.00613695944925123,0,0.423,0.051,0.526,0.1302
"1114",0.08203125,0.514655451566451,0.00613695944925123,0,0.423,0.051,0.526,0.1302
"1115",1,0.514655451566451,0.00613695944925123,0,0.423,0.051,0.526,0.1302
"1116",1,0.514655451566451,0.00613695944925123,0,0.423,0.051,0.526,0.1302
"1117",0.0625,0.514655451566451,0.00613695944925123,0,0.423,0.051,0.526,0.1302
"1118",0,0.514655451566451,0.00613695944925123,0,0.423,0.051,0.526,0.1302
"1119",1,0.514655451566451,0.00613695944925123,0,0.423,0.051,0.526,0.1302
"1120",0.02734375,0.514655451566451,0.00613695944925123,0,0.423,0.051,0.526,0.1302
"1121",1,0.514655451566451,0.00613695944925123,0,0.423,0.051,0.526,0.1302
"1122",1,0.514655451566451,0.00613695944925123,0,0.423,0.051,0.526,0.1302
"1123",1,0.514655451566451,0.00613695944925123,0,0.423,0.051,0.526,0.1302
"1124",1,0.514655451566451,0.00613695944925123,0,0.423,0.051,0.526,0.1302
"1125",0.0234375,0.514655451566451,0.00613695944925123,0,0.423,0.051,0.526,0.1302
"1126",1,0.514655451566451,0.00613695944925123,0,0.423,0.051,0.526,0.1302
"1127",1,0.514655451566451,0.00613695944925123,0,0.423,0.051,0.526,0.1302
"1128",0.50390625,0.514655451566451,0.00613695944925123,0,0.423,0.051,0.526,0.1302
"1129",1,0.514655451566451,0.00613695944925123,0,0.423,0.051,0.526,0.1302
"1130",1,0.514655451566451,0.00613695944925123,0,0.423,0.051,0.526,0.1302
"1131",0.00390625,0.514655451566451,0.00613695944925123,0,0.423,0.051,0.526,0.1302
"1132",1,0.514655451566451,0.00613695944925123,0,0.423,0.051,0.526,0.1302
"1133",1,0.514655451566451,0.00613695944925123,0,0.423,0.051,0.526,0.1302
"1134",0.015625,0.514655451566451,0.00613695944925123,0,0.423,0.051,0.526,0.1302
"1135",1,0.514655451566451,0.00613695944925123,0,0.423,0.051,0.526,0.1302
"1136",0.06640625,0.514655451566451,0.00613695944925123,0,0.423,0.051,0.526,0.1302
"1137",0.0078125,0.514655451566451,0.00613695944925123,0,0.423,0.051,0.526,0.1302
"1138",0.09765625,0.514655451566451,0.00613695944925123,0,0.423,0.051,0.526,0.1302
"1139",0.0078125,0.514655451566451,0.00613695944925123,0,0.423,0.051,0.526,0.1302
"1140",1,0.514655451566451,0.00613695944925123,0,0.423,0.051,0.526,0.1302
"1141",0.04296875,0.514655451566451,0.00613695944925123,0,0.423,0.051,0.526,0.1302
"1142",1,0.514655451566451,0.00613695944925123,0,0.423,0.051,0.526,0.1302
"1143",0.0078125,0.514655451566451,0.00613695944925123,0,0.423,0.051,0.526,0.1302
"1144",1,0.514655451566451,0.00613695944925123,0,0.423,0.051,0.526,0.1302
"1145",1,0.514655451566451,0.00613695944925123,0,0.423,0.051,0.526,0.1302
"1146",0.3125,0.514655451566451,0.00613695944925123,0,0.423,0.051,0.526,0.1302
"1147",0.05859375,0.514655451566451,0.00613695944925123,0,0.423,0.051,0.526,0.1302
"1148",1,0.514655451566451,0.00613695944925123,0,0.423,0.051,0.526,0.1302
"1149",0.015625,0.514655451566451,0.00613695944925123,0,0.423,0.051,0.526,0.1302
"1150",1,0.514655451566451,0.00613695944925123,0,0.423,0.051,0.526,0.1302
"1151",1,0.514655451566451,0.00613695944925123,0,0.423,0.051,0.526,0.1302
"1152",1,0.514655451566451,0.00613695944925123,0,0.423,0.051,0.526,0.1302
"1153",0.0390625,0.514655451566451,0.00613695944925123,0,0.423,0.051,0.526,0.1302
"1154",1,0.514655451566451,0.00613695944925123,0,0.423,0.051,0.526,0.1302
"1155",0.05078125,0.514655451566451,0.00613695944925123,0,0.423,0.051,0.526,0.1302
"1156",1,0.514655451566451,0.00613695944925123,0,0.423,0.051,0.526,0.1302
"1157",0.02734375,0.514655451566451,0.00613695944925123,0,0.423,0.051,0.526,0.1302
"1158",0.0234375,0.514655451566451,0.00613695944925123,0,0.423,0.051,0.526,0.1302
"1159",1,0.514655451566451,0.00613695944925123,0,0.423,0.051,0.526,0.1302
"1160",0.015625,0.514655451566451,0.00613695944925123,0,0.423,0.051,0.526,0.1302
"1161",1,0.514655451566451,0.00613695944925123,0,0.423,0.051,0.526,0.1302
"1162",0.0546875,0.514655451566451,0.00613695944925123,0,0.423,0.051,0.526,0.1302
"1163",0.05859375,0.514655451566451,0.00613695944925123,0,0.423,0.051,0.526,0.1302
"1164",0.03515625,0.514655451566451,0.00613695944925123,0,0.423,0.051,0.526,0.1302
"1165",1,0.514655451566451,0.00613695944925123,0,0.423,0.051,0.526,0.1302
"1166",1,0.514655451566451,0.00613695944925123,0,0.423,0.051,0.526,0.1302
"1167",0.0234375,0.514655451566451,0.00613695944925123,0,0.423,0.051,0.526,0.1302
"1168",0.04296875,0.514655451566451,0.00613695944925123,0,0.423,0.051,0.526,0.1302
"1169",1,0.514655451566451,0.00613695944925123,0,0.423,0.051,0.526,0.1302
"1170",1,0.514655451566451,0.00613695944925123,0,0.423,0.051,0.526,0.1302
"1171",1,0.514655451566451,0.00613695944925123,0,0.423,0.051,0.526,0.1302
"1172",0.015625,0.514655451566451,0.00613695944925123,0,0.423,0.051,0.526,0.1302
"1173",0.0078125,0.514655451566451,0.00613695944925123,0,0.423,0.051,0.526,0.1302
"1174",1,0.514655451566451,0.00613695944925123,0,0.423,0.051,0.526,0.1302
"1175",0.0078125,0.514655451566451,0.00613695944925123,0,0.423,0.051,0.526,0.1302
"1176",0.0390625,0.514655451566451,0.00613695944925123,0,0.423,0.051,0.526,0.1302
"1177",0.01171875,0.514655451566451,0.00613695944925123,0,0.423,0.051,0.526,0.1302
"1178",1,0.514655451566451,0.00613695944925123,0,0.423,0.051,0.526,0.1302
"1179",1,0.514655451566451,0.00613695944925123,0,0.423,0.051,0.526,0.1302
"1180",1,0.514655451566451,0.00613695944925123,0,0.423,0.051,0.526,0.1302
"1181",0.02734375,0.514655451566451,0.00613695944925123,0,0.423,0.051,0.526,0.1302
"1182",0,0.514655451566451,0.00613695944925123,0,0.423,0.051,0.526,0.1302
"1183",0.09765625,0.514655451566451,0.00613695944925123,0,0.423,0.051,0.526,0.1302
"1184",0.0234375,0.514655451566451,0.00613695944925123,0,0.423,0.051,0.526,0.1302
"1185",0.0546875,0.514655451566451,0.00613695944925123,0,0.423,0.051,0.526,0.1302
"1186",1,0.514655451566451,0.00613695944925123,0,0.423,0.051,0.526,0.1302
"1187",1,0.514655451566451,0.00613695944925123,0,0.423,0.051,0.526,0.1302
"1188",0.05859375,0.514655451566451,0.00613695944925123,0,0.423,0.051,0.526,0.1302
"1189",0.0078125,0.514655451566451,0.00613695944925123,0,0.423,0.051,0.526,0.1302
"1190",0,0.514655451566451,0.00613695944925123,0,0.423,0.051,0.526,0.1302
"1191",0.01171875,0.514655451566451,0.00613695944925123,0,0.423,0.051,0.526,0.1302
"1192",1,0.514655451566451,0.00613695944925123,0,0.423,0.051,0.526,0.1302
"1193",0.0078125,0.514655451566451,0.00613695944925123,0,0.423,0.051,0.526,0.1302
"1194",0.01953125,0.514655451566451,0.00613695944925123,0,0.423,0.051,0.526,0.1302
"1195",1,0.514655451566451,0.00613695944925123,0,0.423,0.051,0.526,0.1302
"1196",0.0078125,0.514655451566451,0.00613695944925123,0,0.423,0.051,0.526,0.1302
"1197",0.0234375,0.514655451566451,0.00613695944925123,0,0.423,0.051,0.526,0.1302
"1198",1,0.514655451566451,0.00613695944925123,0,0.423,0.051,0.526,0.1302
"1199",0.03125,0.514655451566451,0.00613695944925123,0,0.423,0.051,0.526,0.1302
"1200",0.11328125,0.514655451566451,0.00613695944925123,0,0.423,0.051,0.526,0.1302
"1201",1,0.514655451566451,0.00613695944925123,0,0.423,0.051,0.526,0.1302
"1202",1,0.514655451566451,0.00613695944925123,0,0.423,0.051,0.526,0.1302
"1203",0.0859375,0.514655451566451,0.00613695944925123,0,0.423,0.051,0.526,0.1302
"1204",1,0.514655451566451,0.00613695944925123,0,0.423,0.051,0.526,0.1302
"1205",0.01171875,0.514655451566451,0.00613695944925123,0,0.423,0.051,0.526,0.1302
"1206",0.0234375,0.514655451566451,0.00613695944925123,0,0.423,0.051,0.526,0.1302
"1207",0.234375,0.514655451566451,0.00613695944925123,0,0.423,0.051,0.526,0.1302
"1208",0.2734375,0.514655451566451,0.00613695944925123,0,0.423,0.051,0.526,0.1302
"1209",0.1484375,0.514655451566451,0.00613695944925123,0,0.423,0.051,0.526,0.1302
"1210",1,0.514655451566451,0.00613695944925123,0,0.423,0.051,0.526,0.1302
"1211",1,0.514655451566451,0.00613695944925123,0,0.423,0.051,0.526,0.1302
"1212",0.02734375,0.514655451566451,0.00613695944925123,0,0.423,0.051,0.526,0.1302
"1213",1,0.514655451566451,0.00613695944925123,0,0.423,0.051,0.526,0.1302
"1214",1,0.514655451566451,0.00613695944925123,0,0.423,0.051,0.526,0.1302
"1215",0.015625,0.514655451566451,0.00613695944925123,0,0.423,0.051,0.526,0.1302
"1216",0.01171875,0.514655451566451,0.00613695944925123,0,0.423,0.051,0.526,0.1302
"1217",0.12890625,0.514655451566451,0.00613695944925123,0,0.423,0.051,0.526,0.1302
"1218",1,0.514655451566451,0.00613695944925123,0,0.423,0.051,0.526,0.1302
"1219",1,0.514655451566451,0.00613695944925123,0,0.423,0.051,0.526,0.1302
"1220",1,0.514655451566451,0.00613695944925123,0,0.423,0.051,0.526,0.1302
"1221",1,0.514655451566451,0.00613695944925123,0,0.423,0.051,0.526,0.1302
"1222",1,0.514655451566451,0.00613695944925123,0,0.423,0.051,0.526,0.1302
"1223",0.0078125,0.514655451566451,0.00613695944925123,0,0.423,0.051,0.526,0.1302
"1224",0.078125,0.514655451566451,0.00613695944925123,0,0.423,0.051,0.526,0.1302
"1225",0.02734375,0.514655451566451,0.00613695944925123,0,0.423,0.051,0.526,0.1302
"1226",1,0.514655451566451,0.00613695944925123,0,0.423,0.051,0.526,0.1302
"1227",0.00390625,0.514655451566451,0.00613695944925123,0,0.423,0.051,0.526,0.1302
"1228",0.0078125,0.514655451566451,0.00613695944925123,0,0.423,0.051,0.526,0.1302
"1229",1,0.514655451566451,0.00613695944925123,0,0.423,0.051,0.526,0.1302
"1230",0.03515625,0.514655451566451,0.00613695944925123,0,0.423,0.051,0.526,0.1302
"1231",1,0.514655451566451,0.00613695944925123,0,0.423,0.051,0.526,0.1302
"1232",0.02734375,0.514655451566451,0.00613695944925123,0,0.423,0.051,0.526,0.1302
"1233",1,0.514655451566451,0.00613695944925123,0,0.423,0.051,0.526,0.1302
"1234",0.0703125,0.514655451566451,0.00613695944925123,0,0.423,0.051,0.526,0.1302
"1235",0,0.514655451566451,0.00613695944925123,0,0.423,0.051,0.526,0.1302
"1236",0.08984375,0.514655451566451,0.00613695944925123,0,0.423,0.051,0.526,0.1302
"1237",1,0.514655451566451,0.00613695944925123,0,0.423,0.051,0.526,0.1302
"1238",1,0.514655451566451,0.00613695944925123,0,0.423,0.051,0.526,0.1302
"1239",1,0.514655451566451,0.00613695944925123,0,0.423,0.051,0.526,0.1302
"1240",0.15234375,0.514655451566451,0.00613695944925123,0,0.423,0.051,0.526,0.1302
"1241",1,0.514655451566451,0.00613695944925123,0,0.423,0.051,0.526,0.1302
"1242",1,0.514655451566451,0.00613695944925123,0,0.423,0.051,0.526,0.1302
"1243",1,0.514655451566451,0.00613695944925123,0,0.423,0.051,0.526,0.1302
"1244",0.0625,0.514655451566451,0.00613695944925123,0,0.423,0.051,0.526,0.1302
"1245",1,0.514655451566451,0.00613695944925123,0,0.423,0.051,0.526,0.1302
"1246",0.015625,0.514655451566451,0.00613695944925123,0,0.423,0.051,0.526,0.1302
"1247",1,0.514655451566451,0.00613695944925123,0,0.423,0.051,0.526,0.1302
"1248",1,0.514655451566451,0.00613695944925123,0,0.423,0.051,0.526,0.1302
"1249",1,0.514655451566451,0.00613695944925123,0,0.423,0.051,0.526,0.1302
"1250",0.046875,0.514655451566451,0.00613695944925123,0,0.423,0.051,0.526,0.1302
"1251",0.0234375,0.514655451566451,0.00613695944925123,0,0.423,0.051,0.526,0.1302
"1252",1,0.514655451566451,0.00613695944925123,0,0.423,0.051,0.526,0.1302
"1253",1,0.514655451566451,0.00613695944925123,0,0.423,0.051,0.526,0.1302
"1254",1,0.514655451566451,0.00613695944925123,0,0.423,0.051,0.526,0.1302
"1255",0.02734375,0.514655451566451,0.00613695944925123,0,0.423,0.051,0.526,0.1302
"1256",1,0.514655451566451,0.00613695944925123,0,0.423,0.051,0.526,0.1302
"1257",0.01171875,0.514655451566451,0.00613695944925123,0,0.423,0.051,0.526,0.1302
"1258",1,0.514655451566451,0.00613695944925123,0,0.423,0.051,0.526,0.1302
"1259",1,0.514655451566451,0.00613695944925123,0,0.423,0.051,0.526,0.1302
"1260",1,0.514655451566451,0.00613695944925123,0,0.423,0.051,0.526,0.1302
"1261",1,0.514655451566451,0.00613695944925123,0,0.423,0.051,0.526,0.1302
"1262",1,0.514655451566451,0.00613695944925123,0,0.423,0.051,0.526,0.1302
"1263",1,0.514655451566451,0.00613695944925123,0,0.423,0.051,0.526,0.1302
"1264",1,0.514655451566451,0.00613695944925123,0,0.423,0.051,0.526,0.1302
"1265",0.01953125,0.514655451566451,0.00613695944925123,0,0.423,0.051,0.526,0.1302
"1266",0.0390625,0.514655451566451,0.00613695944925123,0,0.423,0.051,0.526,0.1302
"1267",0.0078125,0.514655451566451,0.00613695944925123,0,0.423,0.051,0.526,0.1302
"1268",0.02734375,0.514655451566451,0.00613695944925123,0,0.423,0.051,0.526,0.1302
"1269",0.02734375,0.514655451566451,0.00613695944925123,0,0.423,0.051,0.526,0.1302
"1270",1,0.514655451566451,0.00613695944925123,0,0.423,0.051,0.526,0.1302
"1271",0.50390625,0.514655451566451,0.00613695944925123,0,0.423,0.051,0.526,0.1302
"1272",1,0.514655451566451,0.00613695944925123,0,0.423,0.051,0.526,0.1302
"1273",1,0.514655451566451,0.00613695944925123,0,0.423,0.051,0.526,0.1302
"1274",1,0.514655451566451,0.00613695944925123,0,0.423,0.051,0.526,0.1302
"1275",1,0.514655451566451,0.00613695944925123,0,0.423,0.051,0.526,0.1302
"1276",1,0.514655451566451,0.00613695944925123,0,0.423,0.051,0.526,0.1302
"1277",0.03515625,0.514655451566451,0.00613695944925123,0,0.423,0.051,0.526,0.1302
"1278",0.04296875,0.514655451566451,0.00613695944925123,0,0.423,0.051,0.526,0.1302
"1279",1,0.514655451566451,0.00613695944925123,0,0.423,0.051,0.526,0.1302
"1280",1,0.514655451566451,0.00613695944925123,0,0.423,0.051,0.526,0.1302
"1281",1,0.514655451566451,0.00613695944925123,0,0.423,0.051,0.526,0.1302
"1282",1,0.514655451566451,0.00613695944925123,0,0.423,0.051,0.526,0.1302
"1283",0.1640625,0.514655451566451,0.00613695944925123,0,0.423,0.051,0.526,0.1302
"1284",0.015625,0.514655451566451,0.00613695944925123,0,0.423,0.051,0.526,0.1302
"1285",0.03125,0.514655451566451,0.00613695944925123,0,0.423,0.051,0.526,0.1302
"1286",0.01171875,0.514655451566451,0.00613695944925123,0,0.423,0.051,0.526,0.1302
"1287",0.0078125,0.514655451566451,0.00613695944925123,0,0.423,0.051,0.526,0.1302
"1288",0.01171875,0.514655451566451,0.00613695944925123,0,0.423,0.051,0.526,0.1302
"1289",0.01171875,0.514655451566451,0.00613695944925123,0,0.423,0.051,0.526,0.1302
"1290",1,0.514655451566451,0.00613695944925123,0,0.423,0.051,0.526,0.1302
"1291",1,0.514655451566451,0.00613695944925123,0,0.423,0.051,0.526,0.1302
"1292",0.03515625,0.514655451566451,0.00613695944925123,0,0.423,0.051,0.526,0.1302
"1293",1,0.514655451566451,0.00613695944925123,0,0.423,0.051,0.526,0.1302
"1294",0.03515625,0.514655451566451,0.00613695944925123,0,0.423,0.051,0.526,0.1302
"1295",1,0.514655451566451,0.00613695944925123,0,0.423,0.051,0.526,0.1302
"1296",1,0.514655451566451,0.00613695944925123,0,0.423,0.051,0.526,0.1302
"1297",0.015625,0.514655451566451,0.00613695944925123,0,0.423,0.051,0.526,0.1302
"1298",0.1015625,0.514655451566451,0.00613695944925123,0,0.423,0.051,0.526,0.1302
"1299",1,0.514655451566451,0.00613695944925123,0,0.423,0.051,0.526,0.1302
"1300",0.015625,0.514655451566451,0.00613695944925123,0,0.423,0.051,0.526,0.1302
"1301",0.01953125,0.514655451566451,0.00613695944925123,0,0.423,0.051,0.526,0.1302
"1302",0.015625,0.514655451566451,0.00613695944925123,0,0.423,0.051,0.526,0.1302
"1303",1,0.514655451566451,0.00613695944925123,0,0.423,0.051,0.526,0.1302
"1304",1,0.514655451566451,0.00613695944925123,0,0.423,0.051,0.526,0.1302
"1305",1,0.514655451566451,0.00613695944925123,0,0.423,0.051,0.526,0.1302
"1306",1,0.514655451566451,0.00613695944925123,0,0.423,0.051,0.526,0.1302
"1307",0,0.514655451566451,0.00613695944925123,0,0.423,0.051,0.526,0.1302
"1308",0.00390625,0.514655451566451,0.00613695944925123,0,0.423,0.051,0.526,0.1302
"1309",0.0078125,0.514655451566451,0.00613695944925123,0,0.423,0.051,0.526,0.1302
"1310",0.0234375,0.514655451566451,0.00613695944925123,0,0.423,0.051,0.526,0.1302
"1311",0.015625,0.514655451566451,0.00613695944925123,0,0.423,0.051,0.526,0.1302
"1312",0.02734375,0.514655451566451,0.00613695944925123,0,0.423,0.051,0.526,0.1302
"1313",0.0234375,0.514655451566451,0.00613695944925123,0,0.423,0.051,0.526,0.1302
"1314",1,0.514655451566451,0.00613695944925123,0,0.423,0.051,0.526,0.1302
"1315",1,0.514655451566451,0.00613695944925123,0,0.423,0.051,0.526,0.1302
"1316",1,0.514655451566451,0.00613695944925123,0,0.423,0.051,0.526,0.1302
"1317",1,0.514655451566451,0.00613695944925123,0,0.423,0.051,0.526,0.1302
"1318",0.00390625,0.514655451566451,0.00613695944925123,0,0.423,0.051,0.526,0.1302
"1319",0.00390625,0.514655451566451,0.00613695944925123,0,0.423,0.051,0.526,0.1302
"1320",1,0.514655451566451,0.00613695944925123,0,0.423,0.051,0.526,0.1302
"1321",0.05859375,0.514655451566451,0.00613695944925123,0,0.423,0.051,0.526,0.1302
"1322",0.015625,0.514655451566451,0.00613695944925123,0,0.423,0.051,0.526,0.1302
"1323",1,0.514655451566451,0.00613695944925123,0,0.423,0.051,0.526,0.1302
"1324",0.25390625,0.514655451566451,0.00613695944925123,0,0.423,0.051,0.526,0.1302
"1325",0.0234375,0.514655451566451,0.00613695944925123,0,0.423,0.051,0.526,0.1302
"1326",0.01171875,0.514655451566451,0.00613695944925123,0,0.423,0.051,0.526,0.1302
"1327",0.015625,0.514655451566451,0.00613695944925123,0,0.423,0.051,0.526,0.1302
"1328",1,0.514655451566451,0.00613695944925123,0,0.423,0.051,0.526,0.1302
"1329",1,0.514655451566451,0.00613695944925123,0,0.423,0.051,0.526,0.1302
"1330",1,0.514655451566451,0.00613695944925123,0,0.423,0.051,0.526,0.1302
"1331",1,0.514655451566451,0.00613695944925123,0,0.423,0.051,0.526,0.1302
"1332",1,0.514655451566451,0.00613695944925123,0,0.423,0.051,0.526,0.1302
"1333",1,0.514655451566451,0.00613695944925123,0,0.423,0.051,0.526,0.1302
"1334",1,0.514655451566451,0.00613695944925123,0,0.423,0.051,0.526,0.1302
"1335",0.0234375,0.514655451566451,0.00613695944925123,0,0.423,0.051,0.526,0.1302
"1336",1,0.514655451566451,0.00613695944925123,0,0.423,0.051,0.526,0.1302
"1337",0.1484375,0.514655451566451,0.00613695944925123,0,0.423,0.051,0.526,0.1302
"1338",1,0.514655451566451,0.00613695944925123,0,0.423,0.051,0.526,0.1302
"1339",0.171875,0.514655451566451,0.00613695944925123,0,0.423,0.051,0.526,0.1302
"1340",0.015625,0.514655451566451,0.00613695944925123,0,0.423,0.051,0.526,0.1302
"1341",1,0.514655451566451,0.00613695944925123,0,0.423,0.051,0.526,0.1302
"1342",1,0.514655451566451,0.00613695944925123,0,0.423,0.051,0.526,0.1302
"1343",1,0.514655451566451,0.00613695944925123,0,0.423,0.051,0.526,0.1302
"1344",0.01171875,0.514655451566451,0.00613695944925123,0,0.423,0.051,0.526,0.1302
"1345",1,0.514655451566451,0.00613695944925123,0,0.423,0.051,0.526,0.1302
"1346",1,0.514655451566451,0.00613695944925123,0,0.423,0.051,0.526,0.1302
"1347",1,0.514655451566451,0.00613695944925123,0,0.423,0.051,0.526,0.1302
"1348",0.05859375,0.514655451566451,0.00613695944925123,0,0.423,0.051,0.526,0.1302
"1349",1,0.514655451566451,0.00613695944925123,0,0.423,0.051,0.526,0.1302
"1350",1,0.514655451566451,0.00613695944925123,0,0.423,0.051,0.526,0.1302
"1351",0.28125,0.514655451566451,0.00613695944925123,0,0.423,0.051,0.526,0.1302
"1352",1,0.514655451566451,0.00613695944925123,0,0.423,0.051,0.526,0.1302
"1353",0.06640625,0.514655451566451,0.00613695944925123,0,0.423,0.051,0.526,0.1302
"1354",0.0234375,0.514655451566451,0.00613695944925123,0,0.423,0.051,0.526,0.1302
"1355",1,0.514655451566451,0.00613695944925123,0,0.423,0.051,0.526,0.1302
"1356",0.01953125,0.514655451566451,0.00613695944925123,0,0.423,0.051,0.526,0.1302
"1357",0.01953125,0.514655451566451,0.00613695944925123,0,0.423,0.051,0.526,0.1302
"1358",0.01953125,0.514655451566451,0.00613695944925123,0,0.423,0.051,0.526,0.1302
"1359",0,0.514655451566451,0.00613695944925123,0,0.423,0.051,0.526,0.1302
"1360",1,0.514655451566451,0.00613695944925123,0,0.423,0.051,0.526,0.1302
"1361",1,0.514655451566451,0.00613695944925123,0,0.423,0.051,0.526,0.1302
"1362",1,0.514655451566451,0.00613695944925123,0,0.423,0.051,0.526,0.1302
"1363",1,0.514655451566451,0.00613695944925123,0,0.423,0.051,0.526,0.1302
"1364",1,0.514655451566451,0.00613695944925123,0,0.423,0.051,0.526,0.1302
"1365",1,0.514655451566451,0.00613695944925123,0,0.423,0.051,0.526,0.1302
"1366",0.03515625,0.514655451566451,0.00613695944925123,0,0.423,0.051,0.526,0.1302
"1367",0.00390625,0.514655451566451,0.00613695944925123,0,0.423,0.051,0.526,0.1302
"1368",1,0.514655451566451,0.00613695944925123,0,0.423,0.051,0.526,0.1302
"1369",1,0.514655451566451,0.00613695944925123,0,0.423,0.051,0.526,0.1302
"1370",1,0.514655451566451,0.00613695944925123,0,0.423,0.051,0.526,0.1302
"1371",1,0.514655451566451,0.00613695944925123,0,0.423,0.051,0.526,0.1302
"1372",0.03515625,0.514655451566451,0.00613695944925123,0,0.423,0.051,0.526,0.1302
"1373",1,0.514655451566451,0.00613695944925123,0,0.423,0.051,0.526,0.1302
"1374",0.0078125,0.514655451566451,0.00613695944925123,0,0.423,0.051,0.526,0.1302
"1375",0,0.514655451566451,0.00613695944925123,0,0.423,0.051,0.526,0.1302
"1376",1,0.514655451566451,0.00613695944925123,0,0.423,0.051,0.526,0.1302
"1377",0.1328125,0.514655451566451,0.00613695944925123,0,0.423,0.051,0.526,0.1302
"1378",1,0.514655451566451,0.00613695944925123,0,0.423,0.051,0.526,0.1302
"1379",0.00390625,0.514655451566451,0.00613695944925123,0,0.423,0.051,0.526,0.1302
"1380",1,0.514655451566451,0.00613695944925123,0,0.423,0.051,0.526,0.1302
"1381",1,0.514655451566451,0.00613695944925123,0,0.423,0.051,0.526,0.1302
"1382",0.03125,0.514655451566451,0.00613695944925123,0,0.423,0.051,0.526,0.1302
"1383",0.015625,0.514655451566451,0.00613695944925123,0,0.423,0.051,0.526,0.1302
"1384",1,0.514655451566451,0.00613695944925123,0,0.423,0.051,0.526,0.1302
"1385",1,0.514655451566451,0.00613695944925123,0,0.423,0.051,0.526,0.1302
"1386",0.00390625,0.514655451566451,0.00613695944925123,0,0.423,0.051,0.526,0.1302
"1387",1,0.514655451566451,0.00613695944925123,0,0.423,0.051,0.526,0.1302
"1388",0.04296875,0.514655451566451,0.00613695944925123,0,0.423,0.051,0.526,0.1302
"1389",0.02734375,0.514655451566451,0.00613695944925123,0,0.423,0.051,0.526,0.1302
"1390",0.02734375,0.514655451566451,0.00613695944925123,0,0.423,0.051,0.526,0.1302
"1391",1,0.514655451566451,0.00613695944925123,0,0.423,0.051,0.526,0.1302
"1392",1,0.514655451566451,0.00613695944925123,0,0.423,0.051,0.526,0.1302
"1393",1,0.514655451566451,0.00613695944925123,0,0.423,0.051,0.526,0.1302
"1394",1,0.514655451566451,0.00613695944925123,0,0.423,0.051,0.526,0.1302
"1395",1,0.514655451566451,0.00613695944925123,0,0.423,0.051,0.526,0.1302
"1396",0,0.514655451566451,0.00613695944925123,0,0.423,0.051,0.526,0.1302
"1397",1,0.514655451566451,0.00613695944925123,0,0.423,0.051,0.526,0.1302
"1398",1,0.514655451566451,0.00613695944925123,0,0.423,0.051,0.526,0.1302
"1399",0.01171875,0.514655451566451,0.00613695944925123,0,0.423,0.051,0.526,0.1302
"1400",1,0.514655451566451,0.00613695944925123,0,0.423,0.051,0.526,0.1302
"1401",1,0.514655451566451,0.00613695944925123,0,0.423,0.051,0.526,0.1302
"1402",1,0.514655451566451,0.00613695944925123,0,0.423,0.051,0.526,0.1302
"1403",1,0.514655451566451,0.00613695944925123,0,0.423,0.051,0.526,0.1302
"1404",0.00390625,0.514655451566451,0.00613695944925123,0,0.423,0.051,0.526,0.1302
"1405",1,0.514655451566451,0.00613695944925123,0,0.423,0.051,0.526,0.1302
"1406",1,0.514655451566451,0.00613695944925123,0,0.423,0.051,0.526,0.1302
"1407",0.01171875,0.514655451566451,0.00613695944925123,0,0.423,0.051,0.526,0.1302
"1408",1,0.514655451566451,0.00613695944925123,0,0.423,0.051,0.526,0.1302
"1409",0.01953125,0.514655451566451,0.00613695944925123,0,0.423,0.051,0.526,0.1302
"1410",1,0.514655451566451,0.00613695944925123,0,0.423,0.051,0.526,0.1302
"1411",1,0.514655451566451,0.00613695944925123,0,0.423,0.051,0.526,0.1302
"1412",1,0.514655451566451,0.00613695944925123,0,0.423,0.051,0.526,0.1302
"1413",1,0.514655451566451,0.00613695944925123,0,0.423,0.051,0.526,0.1302
"1414",1,0.514655451566451,0.00613695944925123,0,0.423,0.051,0.526,0.1302
"1415",1,0.514655451566451,0.00613695944925123,0,0.423,0.051,0.526,0.1302
"1416",0.08984375,0.514655451566451,0.00613695944925123,0,0.423,0.051,0.526,0.1302
"1417",1,0.514655451566451,0.00613695944925123,0,0.423,0.051,0.526,0.1302
"1418",0.0703125,0.514655451566451,0.00613695944925123,0,0.423,0.051,0.526,0.1302
"1419",0.04296875,0.514655451566451,0.00613695944925123,0,0.423,0.051,0.526,0.1302
"1420",0.015625,0.514655451566451,0.00613695944925123,0,0.423,0.051,0.526,0.1302
"1421",0.02734375,0.514655451566451,0.00613695944925123,0,0.423,0.051,0.526,0.1302
"1422",0.05078125,0.514655451566451,0.00613695944925123,0,0.423,0.051,0.526,0.1302
"1423",0.05859375,0.514655451566451,0.00613695944925123,0,0.423,0.051,0.526,0.1302
"1424",0.26171875,0.514655451566451,0.00613695944925123,0,0.423,0.051,0.526,0.1302
"1425",0.03515625,0.514655451566451,0.00613695944925123,0,0.423,0.051,0.526,0.1302
"1426",1,0.514655451566451,0.00613695944925123,0,0.423,0.051,0.526,0.1302
"1427",1,0.514655451566451,0.00613695944925123,0,0.423,0.051,0.526,0.1302
"1428",1,0.514655451566451,0.00613695944925123,0,0.423,0.051,0.526,0.1302
"1429",1,0.514655451566451,0.00613695944925123,0,0.423,0.051,0.526,0.1302
"1430",0.07421875,0.514655451566451,0.00613695944925123,0,0.423,0.051,0.526,0.1302
"1431",1,0.514655451566451,0.00613695944925123,0,0.423,0.051,0.526,0.1302
"1432",0.00390625,0.514655451566451,0.00613695944925123,0,0.423,0.051,0.526,0.1302
"1433",1,0.514655451566451,0.00613695944925123,0,0.423,0.051,0.526,0.1302
"1434",1,0.514655451566451,0.00613695944925123,0,0.423,0.051,0.526,0.1302
"1435",0.02734375,0.514655451566451,0.00613695944925123,0,0.423,0.051,0.526,0.1302
"1436",0.01953125,0.514655451566451,0.00613695944925123,0,0.423,0.051,0.526,0.1302
"1437",0.04296875,0.514655451566451,0.00613695944925123,0,0.423,0.051,0.526,0.1302
"1438",0.0625,0.514655451566451,0.00613695944925123,0,0.423,0.051,0.526,0.1302
"1439",1,0.514655451566451,0.00613695944925123,0,0.423,0.051,0.526,0.1302
"1440",0.05078125,0.514655451566451,0.00613695944925123,0,0.423,0.051,0.526,0.1302
"1441",0.0078125,0.514655451566451,0.00613695944925123,0,0.423,0.051,0.526,0.1302
"1442",1,0.514655451566451,0.00613695944925123,0,0.423,0.051,0.526,0.1302
"1443",1,0.514655451566451,0.00613695944925123,0,0.423,0.051,0.526,0.1302
"1444",1,0.514655451566451,0.00613695944925123,0,0.423,0.051,0.526,0.1302
"1445",1,0.514655451566451,0.00613695944925123,0,0.423,0.051,0.526,0.1302
"1446",1,0.514655451566451,0.00613695944925123,0,0.423,0.051,0.526,0.1302
"1447",1,0.514655451566451,0.00613695944925123,0,0.423,0.051,0.526,0.1302
"1448",1,0.514655451566451,0.00613695944925123,0,0.423,0.051,0.526,0.1302
"1449",1,0.514655451566451,0.00613695944925123,0,0.423,0.051,0.526,0.1302
"1450",1,0.514655451566451,0.00613695944925123,0,0.423,0.051,0.526,0.1302
"1451",0.1015625,0.514655451566451,0.00613695944925123,0,0.423,0.051,0.526,0.1302
"1452",1,0.514655451566451,0.00613695944925123,0,0.423,0.051,0.526,0.1302
"1453",0.0078125,0.514655451566451,0.00613695944925123,0,0.423,0.051,0.526,0.1302
"1454",1,0.514655451566451,0.00613695944925123,0,0.423,0.051,0.526,0.1302
"1455",0.01953125,0.514655451566451,0.00613695944925123,0,0.423,0.051,0.526,0.1302
"1456",1,0.514655451566451,0.00613695944925123,0,0.423,0.051,0.526,0.1302
"1457",0.0078125,0.514655451566451,0.00613695944925123,0,0.423,0.051,0.526,0.1302
"1458",0.1640625,0.514655451566451,0.00613695944925123,0,0.423,0.051,0.526,0.1302
"1459",1,0.514655451566451,0.00613695944925123,0,0.423,0.051,0.526,0.1302
"1460",1,0.514655451566451,0.00613695944925123,0,0.423,0.051,0.526,0.1302
"1461",1,0.514655451566451,0.00613695944925123,0,0.423,0.051,0.526,0.1302
"1462",1,0.514655451566451,0.00613695944925123,0,0.423,0.051,0.526,0.1302
"1463",0.0234375,0.514655451566451,0.00613695944925123,0,0.423,0.051,0.526,0.1302
"1464",0,0.514655451566451,0.00613695944925123,0,0.423,0.051,0.526,0.1302
"1465",1,0.514655451566451,0.00613695944925123,0,0.423,0.051,0.526,0.1302
"1466",0.0078125,0.514655451566451,0.00613695944925123,0,0.423,0.051,0.526,0.1302
"1467",0.09765625,0.514655451566451,0.00613695944925123,0,0.423,0.051,0.526,0.1302
"1468",1,0.514655451566451,0.00613695944925123,0,0.423,0.051,0.526,0.1302
"1469",0.06640625,0.514655451566451,0.00613695944925123,0,0.423,0.051,0.526,0.1302
"1470",1,0.514655451566451,0.00613695944925123,0,0.423,0.051,0.526,0.1302
"1471",0.03125,0.514655451566451,0.00613695944925123,0,0.423,0.051,0.526,0.1302
"1472",1,0.514655451566451,0.00613695944925123,0,0.423,0.051,0.526,0.1302
"1473",1,0.514655451566451,0.00613695944925123,0,0.423,0.051,0.526,0.1302
"1474",0.0234375,0.514655451566451,0.00613695944925123,0,0.423,0.051,0.526,0.1302
"1475",0.078125,0.514655451566451,0.00613695944925123,0,0.423,0.051,0.526,0.1302
"1476",1,0.514655451566451,0.00613695944925123,0,0.423,0.051,0.526,0.1302
"1477",0.02734375,0.514655451566451,0.00613695944925123,0,0.423,0.051,0.526,0.1302
"1478",1,0.514655451566451,0.00613695944925123,0,0.423,0.051,0.526,0.1302
"1479",1,0.514655451566451,0.00613695944925123,0,0.423,0.051,0.526,0.1302
"1480",0.0234375,0.514655451566451,0.00613695944925123,0,0.423,0.051,0.526,0.1302
"1481",0.03125,0.514655451566451,0.00613695944925123,0,0.423,0.051,0.526,0.1302
"1482",0.01953125,0.514655451566451,0.00613695944925123,0,0.423,0.051,0.526,0.1302
"1483",1,0.514655451566451,0.00613695944925123,0,0.423,0.051,0.526,0.1302
"1484",0.01171875,0.514655451566451,0.00613695944925123,0,0.423,0.051,0.526,0.1302
"1485",1,0.514655451566451,0.00613695944925123,0,0.423,0.051,0.526,0.1302
"1486",1,0.514655451566451,0.00613695944925123,0,0.423,0.051,0.526,0.1302
"1487",0.25390625,0.514655451566451,0.00613695944925123,0,0.423,0.051,0.526,0.1302
"1488",0.01171875,0.514655451566451,0.00613695944925123,0,0.423,0.051,0.526,0.1302
"1489",0.0078125,0.514655451566451,0.00613695944925123,0,0.423,0.051,0.526,0.1302
"1490",0.015625,0.514655451566451,0.00613695944925123,0,0.423,0.051,0.526,0.1302
"1491",1,0.514655451566451,0.00613695944925123,0,0.423,0.051,0.526,0.1302
"1492",0.03515625,0.514655451566451,0.00613695944925123,0,0.423,0.051,0.526,0.1302
"1493",1,0.514655451566451,0.00613695944925123,0,0.423,0.051,0.526,0.1302
"1494",1,0.514655451566451,0.00613695944925123,0,0.423,0.051,0.526,0.1302
"1495",0.03515625,0.514655451566451,0.00613695944925123,0,0.423,0.051,0.526,0.1302
"1496",0.01953125,0.514655451566451,0.00613695944925123,0,0.423,0.051,0.526,0.1302
"1497",0.00390625,0.514655451566451,0.00613695944925123,0,0.423,0.051,0.526,0.1302
"1498",1,0.514655451566451,0.00613695944925123,0,0.423,0.051,0.526,0.1302
"1499",1,0.514655451566451,0.00613695944925123,0,0.423,0.051,0.526,0.1302
"1500",0.04296875,0.514655451566451,0.00613695944925123,0,0.423,0.051,0.526,0.1302
"1501",1,0.514655451566451,0.00613695944925123,0,0.423,0.051,0.526,0.1302
"1502",0,0.514655451566451,0.00613695944925123,0,0.423,0.051,0.526,0.1302
"1503",1,0.514655451566451,0.00613695944925123,0,0.423,0.051,0.526,0.1302
"1504",0.015625,0.514655451566451,0.00613695944925123,0,0.423,0.051,0.526,0.1302
"1505",0.02734375,0.514655451566451,0.00613695944925123,0,0.423,0.051,0.526,0.1302
"1506",1,0.514655451566451,0.00613695944925123,0,0.423,0.051,0.526,0.1302
"1507",1,0.514655451566451,0.00613695944925123,0,0.423,0.051,0.526,0.1302
"1508",0.015625,0.514655451566451,0.00613695944925123,0,0.423,0.051,0.526,0.1302
"1509",0.0234375,0.514655451566451,0.00613695944925123,0,0.423,0.051,0.526,0.1302
"1510",0.01171875,0.514655451566451,0.00613695944925123,0,0.423,0.051,0.526,0.1302
"1511",0.03125,0.514655451566451,0.00613695944925123,0,0.423,0.051,0.526,0.1302
"1512",0.16015625,0.514655451566451,0.00613695944925123,0,0.423,0.051,0.526,0.1302
"1513",0,0.514655451566451,0.00613695944925123,0,0.423,0.051,0.526,0.1302
"1514",1,0.514655451566451,0.00613695944925123,0,0.423,0.051,0.526,0.1302
"1515",1,0.514655451566451,0.00613695944925123,0,0.423,0.051,0.526,0.1302
"1516",0.03125,0.514655451566451,0.00613695944925123,0,0.423,0.051,0.526,0.1302
"1517",0.01171875,0.514655451566451,0.00613695944925123,0,0.423,0.051,0.526,0.1302
"1518",1,0.514655451566451,0.00613695944925123,0,0.423,0.051,0.526,0.1302
"1519",1,0.514655451566451,0.00613695944925123,0,0.423,0.051,0.526,0.1302
"1520",1,0.514655451566451,0.00613695944925123,0,0.423,0.051,0.526,0.1302
"1521",0.00390625,0.514655451566451,0.00613695944925123,0,0.423,0.051,0.526,0.1302
"1522",0.015625,0.514655451566451,0.00613695944925123,0,0.423,0.051,0.526,0.1302
"1523",0.0390625,0.514655451566451,0.00613695944925123,0,0.423,0.051,0.526,0.1302
"1524",0.01953125,0.514655451566451,0.00613695944925123,0,0.423,0.051,0.526,0.1302
"1525",0.1328125,0.514655451566451,0.00613695944925123,0,0.423,0.051,0.526,0.1302
"1526",1,0.514655451566451,0.00613695944925123,0,0.423,0.051,0.526,0.1302
"1527",1,0.514655451566451,0.00613695944925123,0,0.423,0.051,0.526,0.1302
"1528",1,0.514655451566451,0.00613695944925123,0,0.423,0.051,0.526,0.1302
"1529",0.203125,0.514655451566451,0.00613695944925123,0,0.423,0.051,0.526,0.1302
"1530",1,0.514655451566451,0.00613695944925123,0,0.423,0.051,0.526,0.1302
"1531",1,0.514655451566451,0.00613695944925123,0,0.423,0.051,0.526,0.1302
"1532",1,0.514655451566451,0.00613695944925123,0,0.423,0.051,0.526,0.1302
"1533",0.078125,0.514655451566451,0.00613695944925123,0,0.423,0.051,0.526,0.1302
"1534",1,0.514655451566451,0.00613695944925123,0,0.423,0.051,0.526,0.1302
"1535",0.05859375,0.514655451566451,0.00613695944925123,0,0.423,0.051,0.526,0.1302
"1536",0.08203125,0.514655451566451,0.00613695944925123,0,0.423,0.051,0.526,0.1302
"1537",1,0.514655451566451,0.00613695944925123,0,0.423,0.051,0.526,0.1302
"1538",0,0.514655451566451,0.00613695944925123,0,0.423,0.051,0.526,0.1302
"1539",0.0234375,0.514655451566451,0.00613695944925123,0,0.423,0.051,0.526,0.1302
"1540",1,0.514655451566451,0.00613695944925123,0,0.423,0.051,0.526,0.1302
"1541",0.03515625,0.514655451566451,0.00613695944925123,0,0.423,0.051,0.526,0.1302
"1542",1,0.514655451566451,0.00613695944925123,0,0.423,0.051,0.526,0.1302
"1543",0.0078125,0.514655451566451,0.00613695944925123,0,0.423,0.051,0.526,0.1302
"1544",0.01953125,0.514655451566451,0.00613695944925123,0,0.423,0.051,0.526,0.1302
"1545",1,0.514655451566451,0.00613695944925123,0,0.423,0.051,0.526,0.1302
"1546",1,0.514655451566451,0.00613695944925123,0,0.423,0.051,0.526,0.1302
"1547",1,0.514655451566451,0.00613695944925123,0,0.423,0.051,0.526,0.1302
"1548",0.01171875,0.514655451566451,0.00613695944925123,0,0.423,0.051,0.526,0.1302
"1549",1,0.514655451566451,0.00613695944925123,0,0.423,0.051,0.526,0.1302
"1550",0.15234375,0.514655451566451,0.00613695944925123,0,0.423,0.051,0.526,0.1302
"1551",0.01953125,0.514655451566451,0.00613695944925123,0,0.423,0.051,0.526,0.1302
"1552",1,0.514655451566451,0.00613695944925123,0,0.423,0.051,0.526,0.1302
"1553",1,0.514655451566451,0.00613695944925123,0,0.423,0.051,0.526,0.1302
"1554",1,0.514655451566451,0.00613695944925123,0,0.423,0.051,0.526,0.1302
"1555",0.125,0.514655451566451,0.00613695944925123,0,0.423,0.051,0.526,0.1302
"1556",1,0.514655451566451,0.00613695944925123,0,0.423,0.051,0.526,0.1302
"1557",0.07421875,0.514655451566451,0.00613695944925123,0,0.423,0.051,0.526,0.1302
"1558",1,0.514655451566451,0.00613695944925123,0,0.423,0.051,0.526,0.1302
"1559",1,0.514655451566451,0.00613695944925123,0,0.423,0.051,0.526,0.1302
"1560",1,0.514655451566451,0.00613695944925123,0,0.423,0.051,0.526,0.1302
"1561",1,0.514655451566451,0.00613695944925123,0,0.423,0.051,0.526,0.1302
"1562",1,0.514655451566451,0.00613695944925123,0,0.423,0.051,0.526,0.1302
"1563",0.25390625,0.514655451566451,0.00613695944925123,0,0.423,0.051,0.526,0.1302
"1564",0.08203125,0.514655451566451,0.00613695944925123,0,0.423,0.051,0.526,0.1302
"1565",1,0.514655451566451,0.00613695944925123,0,0.423,0.051,0.526,0.1302
"1566",1,0.514655451566451,0.00613695944925123,0,0.423,0.051,0.526,0.1302
"1567",1,0.514655451566451,0.00613695944925123,0,0.423,0.051,0.526,0.1302
"1568",0.00390625,0.514655451566451,0.00613695944925123,0,0.423,0.051,0.526,0.1302
"1569",0.015625,0.514655451566451,0.00613695944925123,0,0.423,0.051,0.526,0.1302
"1570",1,0.514655451566451,0.00613695944925123,0,0.423,0.051,0.526,0.1302
"1571",1,0.514655451566451,0.00613695944925123,0,0.423,0.051,0.526,0.1302
"1572",0.015625,0.514655451566451,0.00613695944925123,0,0.423,0.051,0.526,0.1302
"1573",1,0.514655451566451,0.00613695944925123,0,0.423,0.051,0.526,0.1302
"1574",1,0.514655451566451,0.00613695944925123,0,0.423,0.051,0.526,0.1302
"1575",1,0.514655451566451,0.00613695944925123,0,0.423,0.051,0.526,0.1302
"1576",0.0078125,0.514655451566451,0.00613695944925123,0,0.423,0.051,0.526,0.1302
"1577",0.03125,0.514655451566451,0.00613695944925123,0,0.423,0.051,0.526,0.1302
"1578",1,0.514655451566451,0.00613695944925123,0,0.423,0.051,0.526,0.1302
"1579",1,0.514655451566451,0.00613695944925123,0,0.423,0.051,0.526,0.1302
"1580",0.00390625,0.514655451566451,0.00613695944925123,0,0.423,0.051,0.526,0.1302
"1581",1,0.514655451566451,0.00613695944925123,0,0.423,0.051,0.526,0.1302
"1582",1,0.514655451566451,0.00613695944925123,0,0.423,0.051,0.526,0.1302
"1583",1,0.514655451566451,0.00613695944925123,0,0.423,0.051,0.526,0.1302
"1584",0.34765625,0.514655451566451,0.00613695944925123,0,0.423,0.051,0.526,0.1302
"1585",0.0390625,0.514655451566451,0.00613695944925123,0,0.423,0.051,0.526,0.1302
"1586",0.0234375,0.514655451566451,0.00613695944925123,0,0.423,0.051,0.526,0.1302
"1587",1,0.514655451566451,0.00613695944925123,0,0.423,0.051,0.526,0.1302
"1588",1,0.514655451566451,0.00613695944925123,0,0.423,0.051,0.526,0.1302
"1589",1,0.514655451566451,0.00613695944925123,0,0.423,0.051,0.526,0.1302
"1590",1,0.514655451566451,0.00613695944925123,0,0.423,0.051,0.526,0.1302
"1591",0.08203125,0.514655451566451,0.00613695944925123,0,0.423,0.051,0.526,0.1302
"1592",0.01171875,0.514655451566451,0.00613695944925123,0,0.423,0.051,0.526,0.1302
"1593",1,0.514655451566451,0.00613695944925123,0,0.423,0.051,0.526,0.1302
"1594",1,0.514655451566451,0.00613695944925123,0,0.423,0.051,0.526,0.1302
"1595",1,0.514655451566451,0.00613695944925123,0,0.423,0.051,0.526,0.1302
"1596",1,0.514655451566451,0.00613695944925123,0,0.423,0.051,0.526,0.1302
"1597",0.03125,0.514655451566451,0.00613695944925123,0,0.423,0.051,0.526,0.1302
"1598",0.01171875,0.514655451566451,0.00613695944925123,0,0.423,0.051,0.526,0.1302
"1599",1,0.514655451566451,0.00613695944925123,0,0.423,0.051,0.526,0.1302
"1600",1,0.514655451566451,0.00613695944925123,0,0.423,0.051,0.526,0.1302
"1601",0.02734375,0.514655451566451,0.00613695944925123,0,0.423,0.051,0.526,0.1302
"1602",1,0.514655451566451,0.00613695944925123,0,0.423,0.051,0.526,0.1302
"1603",1,0.514655451566451,0.00613695944925123,0,0.423,0.051,0.526,0.1302
"1604",1,0.514655451566451,0.00613695944925123,0,0.423,0.051,0.526,0.1302
"1605",0.03125,0.514655451566451,0.00613695944925123,0,0.423,0.051,0.526,0.1302
"1606",0.03125,0.514655451566451,0.00613695944925123,0,0.423,0.051,0.526,0.1302
"1607",1,0.514655451566451,0.00613695944925123,0,0.423,0.051,0.526,0.1302
"1608",1,0.514655451566451,0.00613695944925123,0,0.423,0.051,0.526,0.1302
"1609",1,0.514655451566451,0.00613695944925123,0,0.423,0.051,0.526,0.1302
"1610",0.50390625,0.514655451566451,0.00613695944925123,0,0.423,0.051,0.526,0.1302
"1611",0.0078125,0.514655451566451,0.00613695944925123,0,0.423,0.051,0.526,0.1302
"1612",1,0.514655451566451,0.00613695944925123,0,0.423,0.051,0.526,0.1302
"1613",1,0.514655451566451,0.00613695944925123,0,0.423,0.051,0.526,0.1302
"1614",1,0.514655451566451,0.00613695944925123,0,0.423,0.051,0.526,0.1302
"1615",0.0078125,0.514655451566451,0.00613695944925123,0,0.423,0.051,0.526,0.1302
"1616",0.0390625,0.514655451566451,0.00613695944925123,0,0.423,0.051,0.526,0.1302
"1617",1,0.514655451566451,0.00613695944925123,0,0.423,0.051,0.526,0.1302
"1618",1,0.514655451566451,0.00613695944925123,0,0.423,0.051,0.526,0.1302
"1619",1,0.514655451566451,0.00613695944925123,0,0.423,0.051,0.526,0.1302
"1620",0.04296875,0.514655451566451,0.00613695944925123,0,0.423,0.051,0.526,0.1302
"1621",1,0.514655451566451,0.00613695944925123,0,0.423,0.051,0.526,0.1302
"1622",1,0.514655451566451,0.00613695944925123,0,0.423,0.051,0.526,0.1302
"1623",1,0.514655451566451,0.00613695944925123,0,0.423,0.051,0.526,0.1302
"1624",1,0.514655451566451,0.00613695944925123,0,0.423,0.051,0.526,0.1302
"1625",1,0.514655451566451,0.00613695944925123,0,0.423,0.051,0.526,0.1302
"1626",1,0.514655451566451,0.00613695944925123,0,0.423,0.051,0.526,0.1302
"1627",1,0.514655451566451,0.00613695944925123,0,0.423,0.051,0.526,0.1302
"1628",1,0.514655451566451,0.00613695944925123,0,0.423,0.051,0.526,0.1302
"1629",1,0.514655451566451,0.00613695944925123,0,0.423,0.051,0.526,0.1302
"1630",0.0390625,0.514655451566451,0.00613695944925123,0,0.423,0.051,0.526,0.1302
"1631",0.0390625,0.514655451566451,0.00613695944925123,0,0.423,0.051,0.526,0.1302
"1632",1,0.514655451566451,0.00613695944925123,0,0.423,0.051,0.526,0.1302
"1633",0.01171875,0.514655451566451,0.00613695944925123,0,0.423,0.051,0.526,0.1302
"1634",1,0.514655451566451,0.00613695944925123,0,0.423,0.051,0.526,0.1302
"1635",0,0.514655451566451,0.00613695944925123,0,0.423,0.051,0.526,0.1302
"1636",0.0078125,0.514655451566451,0.00613695944925123,0,0.423,0.051,0.526,0.1302
"1637",0.078125,0.514655451566451,0.00613695944925123,0,0.423,0.051,0.526,0.1302
"1638",0.00390625,0.514655451566451,0.00613695944925123,0,0.423,0.051,0.526,0.1302
"1639",0.0546875,0.514655451566451,0.00613695944925123,0,0.423,0.051,0.526,0.1302
"1640",0.01953125,0.514655451566451,0.00613695944925123,0,0.423,0.051,0.526,0.1302
"1641",0.2734375,0.514655451566451,0.00613695944925123,0,0.423,0.051,0.526,0.1302
"1642",0.0703125,0.514655451566451,0.00613695944925123,0,0.423,0.051,0.526,0.1302
"1643",1,0.514655451566451,0.00613695944925123,0,0.423,0.051,0.526,0.1302
"1644",1,0.514655451566451,0.00613695944925123,0,0.423,0.051,0.526,0.1302
"1645",1,0.514655451566451,0.00613695944925123,0,0.423,0.051,0.526,0.1302
"1646",1,0.514655451566451,0.00613695944925123,0,0.423,0.051,0.526,0.1302
"1647",1,0.514655451566451,0.00613695944925123,0,0.423,0.051,0.526,0.1302
"1648",1,0.514655451566451,0.00613695944925123,0,0.423,0.051,0.526,0.1302
"1649",1,0.514655451566451,0.00613695944925123,0,0.423,0.051,0.526,0.1302
"1650",0.2578125,0.514655451566451,0.00613695944925123,0,0.423,0.051,0.526,0.1302
"1651",1,0.514655451566451,0.00613695944925123,0,0.423,0.051,0.526,0.1302
"1652",1,0.514655451566451,0.00613695944925123,0,0.423,0.051,0.526,0.1302
"1653",1,0.514655451566451,0.00613695944925123,0,0.423,0.051,0.526,0.1302
"1654",1,0.514655451566451,0.00613695944925123,0,0.423,0.051,0.526,0.1302
"1655",1,0.514655451566451,0.00613695944925123,0,0.423,0.051,0.526,0.1302
"1656",0.03125,0.514655451566451,0.00613695944925123,0,0.423,0.051,0.526,0.1302
"1657",1,0.514655451566451,0.00613695944925123,0,0.423,0.051,0.526,0.1302
"1658",0.00390625,0.514655451566451,0.00613695944925123,0,0.423,0.051,0.526,0.1302
"1659",1,0.514655451566451,0.00613695944925123,0,0.423,0.051,0.526,0.1302
"1660",1,0.514655451566451,0.00613695944925123,0,0.423,0.051,0.526,0.1302
"1661",1,0.514655451566451,0.00613695944925123,0,0.423,0.051,0.526,0.1302
"1662",0.03125,0.514655451566451,0.00613695944925123,0,0.423,0.051,0.526,0.1302
"1663",1,0.514655451566451,0.00613695944925123,0,0.423,0.051,0.526,0.1302
"1664",0.0078125,0.514655451566451,0.00613695944925123,0,0.423,0.051,0.526,0.1302
"1665",1,0.514655451566451,0.00613695944925123,0,0.423,0.051,0.526,0.1302
"1666",0.265625,0.514655451566451,0.00613695944925123,0,0.423,0.051,0.526,0.1302
"1667",1,0.514655451566451,0.00613695944925123,0,0.423,0.051,0.526,0.1302
"1668",0.03125,0.514655451566451,0.00613695944925123,0,0.423,0.051,0.526,0.1302
"1669",0.14453125,0.514655451566451,0.00613695944925123,0,0.423,0.051,0.526,0.1302
"1670",0.01953125,0.514655451566451,0.00613695944925123,0,0.423,0.051,0.526,0.1302
"1671",1,0.514655451566451,0.00613695944925123,0,0.423,0.051,0.526,0.1302
"1672",0.05859375,0.514655451566451,0.00613695944925123,0,0.423,0.051,0.526,0.1302
"1673",1,0.514655451566451,0.00613695944925123,0,0.423,0.051,0.526,0.1302
"1674",1,0.514655451566451,0.00613695944925123,0,0.423,0.051,0.526,0.1302
"1675",0.00390625,0.514655451566451,0.00613695944925123,0,0.423,0.051,0.526,0.1302
"1676",1,0.514655451566451,0.00613695944925123,0,0.423,0.051,0.526,0.1302
"1677",0.05078125,0.514655451566451,0.00613695944925123,0,0.423,0.051,0.526,0.1302
"1678",0.00390625,0.514655451566451,0.00613695944925123,0,0.423,0.051,0.526,0.1302
"1679",1,0.514655451566451,0.00613695944925123,0,0.423,0.051,0.526,0.1302
"1680",0.0078125,0.514655451566451,0.00613695944925123,0,0.423,0.051,0.526,0.1302
"1681",1,0.514655451566451,0.00613695944925123,0,0.423,0.051,0.526,0.1302
"1682",0.0703125,0.514655451566451,0.00613695944925123,0,0.423,0.051,0.526,0.1302
"1683",1,0.514655451566451,0.00613695944925123,0,0.423,0.051,0.526,0.1302
"1684",1,0.514655451566451,0.00613695944925123,0,0.423,0.051,0.526,0.1302
"1685",1,0.514655451566451,0.00613695944925123,0,0.423,0.051,0.526,0.1302
"1686",1,0.514655451566451,0.00613695944925123,0,0.423,0.051,0.526,0.1302
"1687",0.02734375,0.514655451566451,0.00613695944925123,0,0.423,0.051,0.526,0.1302
"1688",0.015625,0.514655451566451,0.00613695944925123,0,0.423,0.051,0.526,0.1302
"1689",1,0.514655451566451,0.00613695944925123,0,0.423,0.051,0.526,0.1302
"1690",1,0.514655451566451,0.00613695944925123,0,0.423,0.051,0.526,0.1302
"1691",0.00390625,0.514655451566451,0.00613695944925123,0,0.423,0.051,0.526,0.1302
"1692",0.01171875,0.514655451566451,0.00613695944925123,0,0.423,0.051,0.526,0.1302
"1693",1,0.514655451566451,0.00613695944925123,0,0.423,0.051,0.526,0.1302
"1694",0.0390625,0.514655451566451,0.00613695944925123,0,0.423,0.051,0.526,0.1302
"1695",0.0546875,0.514655451566451,0.00613695944925123,0,0.423,0.051,0.526,0.1302
"1696",0.03515625,0.514655451566451,0.00613695944925123,0,0.423,0.051,0.526,0.1302
"1697",0.08203125,0.514655451566451,0.00613695944925123,0,0.423,0.051,0.526,0.1302
"1698",1,0.514655451566451,0.00613695944925123,0,0.423,0.051,0.526,0.1302
"1699",0.05078125,0.514655451566451,0.00613695944925123,0,0.423,0.051,0.526,0.1302
"1700",1,0.514655451566451,0.00613695944925123,0,0.423,0.051,0.526,0.1302
"1701",1,0.514655451566451,0.00613695944925123,0,0.423,0.051,0.526,0.1302
"1702",1,0.514655451566451,0.00613695944925123,0,0.423,0.051,0.526,0.1302
"1703",0.2578125,0.514655451566451,0.00613695944925123,0,0.423,0.051,0.526,0.1302
"1704",0.04296875,0.514655451566451,0.00613695944925123,0,0.423,0.051,0.526,0.1302
"1705",1,0.514655451566451,0.00613695944925123,0,0.423,0.051,0.526,0.1302
"1706",0.015625,0.514655451566451,0.00613695944925123,0,0.423,0.051,0.526,0.1302
"1707",1,0.514655451566451,0.00613695944925123,0,0.423,0.051,0.526,0.1302
"1708",0.015625,0.514655451566451,0.00613695944925123,0,0.423,0.051,0.526,0.1302
"1709",1,0.514655451566451,0.00613695944925123,0,0.423,0.051,0.526,0.1302
"1710",1,0.514655451566451,0.00613695944925123,0,0.423,0.051,0.526,0.1302
"1711",1,0.514655451566451,0.00613695944925123,0,0.423,0.051,0.526,0.1302
"1712",1,0.514655451566451,0.00613695944925123,0,0.423,0.051,0.526,0.1302
"1713",1,0.514655451566451,0.00613695944925123,0,0.423,0.051,0.526,0.1302
"1714",0.078125,0.514655451566451,0.00613695944925123,0,0.423,0.051,0.526,0.1302
"1715",1,0.514655451566451,0.00613695944925123,0,0.423,0.051,0.526,0.1302
"1716",0,0.514655451566451,0.00613695944925123,0,0.423,0.051,0.526,0.1302
"1717",1,0.514655451566451,0.00613695944925123,0,0.423,0.051,0.526,0.1302
"1718",1,0.514655451566451,0.00613695944925123,0,0.423,0.051,0.526,0.1302
"1719",1,0.514655451566451,0.00613695944925123,0,0.423,0.051,0.526,0.1302
"1720",1,0.514655451566451,0.00613695944925123,0,0.423,0.051,0.526,0.1302
"1721",1,0.514655451566451,0.00613695944925123,0,0.423,0.051,0.526,0.1302
"1722",1,0.514655451566451,0.00613695944925123,0,0.423,0.051,0.526,0.1302
"1723",1,0.514655451566451,0.00613695944925123,0,0.423,0.051,0.526,0.1302
"1724",1,0.514655451566451,0.00613695944925123,0,0.423,0.051,0.526,0.1302
"1725",0.265625,0.514655451566451,0.00613695944925123,0,0.423,0.051,0.526,0.1302
"1726",1,0.514655451566451,0.00613695944925123,0,0.423,0.051,0.526,0.1302
"1727",1,0.514655451566451,0.00613695944925123,0,0.423,0.051,0.526,0.1302
"1728",0.2578125,0.514655451566451,0.00613695944925123,0,0.423,0.051,0.526,0.1302
"1729",1,0.514655451566451,0.00613695944925123,0,0.423,0.051,0.526,0.1302
"1730",0.02734375,0.514655451566451,0.00613695944925123,0,0.423,0.051,0.526,0.1302
"1731",0.01171875,0.514655451566451,0.00613695944925123,0,0.423,0.051,0.526,0.1302
"1732",1,0.514655451566451,0.00613695944925123,0,0.423,0.051,0.526,0.1302
"1733",0.01171875,0.514655451566451,0.00613695944925123,0,0.423,0.051,0.526,0.1302
"1734",1,0.514655451566451,0.00613695944925123,0,0.423,0.051,0.526,0.1302
"1735",0.0078125,0.514655451566451,0.00613695944925123,0,0.423,0.051,0.526,0.1302
"1736",0.0078125,0.514655451566451,0.00613695944925123,0,0.423,0.051,0.526,0.1302
"1737",1,0.514655451566451,0.00613695944925123,0,0.423,0.051,0.526,0.1302
"1738",1,0.514655451566451,0.00613695944925123,0,0.423,0.051,0.526,0.1302
"1739",1,0.514655451566451,0.00613695944925123,0,0.423,0.051,0.526,0.1302
"1740",1,0.514655451566451,0.00613695944925123,0,0.423,0.051,0.526,0.1302
"1741",1,0.514655451566451,0.00613695944925123,0,0.423,0.051,0.526,0.1302
"1742",0.0703125,0.514655451566451,0.00613695944925123,0,0.423,0.051,0.526,0.1302
"1743",0.00390625,0.514655451566451,0.00613695944925123,0,0.423,0.051,0.526,0.1302
"1744",1,0.514655451566451,0.00613695944925123,0,0.423,0.051,0.526,0.1302
"1745",1,0.514655451566451,0.00613695944925123,0,0.423,0.051,0.526,0.1302
"1746",1,0.514655451566451,0.00613695944925123,0,0.423,0.051,0.526,0.1302
"1747",1,0.514655451566451,0.00613695944925123,0,0.423,0.051,0.526,0.1302
"1748",0.00390625,0.514655451566451,0.00613695944925123,0,0.423,0.051,0.526,0.1302
"1749",1,0.514655451566451,0.00613695944925123,0,0.423,0.051,0.526,0.1302
"1750",0.00390625,0.514655451566451,0.00613695944925123,0,0.423,0.051,0.526,0.1302
"1751",1,0.514655451566451,0.00613695944925123,0,0.423,0.051,0.526,0.1302
"1752",1,0.514655451566451,0.00613695944925123,0,0.423,0.051,0.526,0.1302
"1753",1,0.514655451566451,0.00613695944925123,0,0.423,0.051,0.526,0.1302
"1754",1,0.514655451566451,0.00613695944925123,0,0.423,0.051,0.526,0.1302
"1755",1,0.514655451566451,0.00613695944925123,0,0.423,0.051,0.526,0.1302
"1756",0.05078125,0.514655451566451,0.00613695944925123,0,0.423,0.051,0.526,0.1302
"1757",1,0.514655451566451,0.00613695944925123,0,0.423,0.051,0.526,0.1302
"1758",1,0.514655451566451,0.00613695944925123,0,0.423,0.051,0.526,0.1302
"1759",1,0.514655451566451,0.00613695944925123,0,0.423,0.051,0.526,0.1302
"1760",0.015625,0.514655451566451,0.00613695944925123,0,0.423,0.051,0.526,0.1302
"1761",1,0.514655451566451,0.00613695944925123,0,0.423,0.051,0.526,0.1302
"1762",1,0.514655451566451,0.00613695944925123,0,0.423,0.051,0.526,0.1302
"1763",0.01171875,0.514655451566451,0.00613695944925123,0,0.423,0.051,0.526,0.1302
"1764",1,0.514655451566451,0.00613695944925123,0,0.423,0.051,0.526,0.1302
"1765",1,0.514655451566451,0.00613695944925123,0,0.423,0.051,0.526,0.1302
"1766",1,0.514655451566451,0.00613695944925123,0,0.423,0.051,0.526,0.1302
"1767",0.046875,0.514655451566451,0.00613695944925123,0,0.423,0.051,0.526,0.1302
"1768",1,0.514655451566451,0.00613695944925123,0,0.423,0.051,0.526,0.1302
"1769",0,0.514655451566451,0.00613695944925123,0,0.423,0.051,0.526,0.1302
"1770",0.03125,0.514655451566451,0.00613695944925123,0,0.423,0.051,0.526,0.1302
"1771",1,0.514655451566451,0.00613695944925123,0,0.423,0.051,0.526,0.1302
"1772",0.05078125,0.514655451566451,0.00613695944925123,0,0.423,0.051,0.526,0.1302
"1773",0.02734375,0.514655451566451,0.00613695944925123,0,0.423,0.051,0.526,0.1302
"1774",1,0.514655451566451,0.00613695944925123,0,0.423,0.051,0.526,0.1302
"1775",1,0.514655451566451,0.00613695944925123,0,0.423,0.051,0.526,0.1302
"1776",0.14453125,0.514655451566451,0.00613695944925123,0,0.423,0.051,0.526,0.1302
"1777",0.02734375,0.514655451566451,0.00613695944925123,0,0.423,0.051,0.526,0.1302
"1778",1,0.514655451566451,0.00613695944925123,0,0.423,0.051,0.526,0.1302
"1779",0.0859375,0.514655451566451,0.00613695944925123,0,0.423,0.051,0.526,0.1302
"1780",1,0.514655451566451,0.00613695944925123,0,0.423,0.051,0.526,0.1302
"1781",1,0.514655451566451,0.00613695944925123,0,0.423,0.051,0.526,0.1302
"1782",1,0.514655451566451,0.00613695944925123,0,0.423,0.051,0.526,0.1302
"1783",1,0.514655451566451,0.00613695944925123,0,0.423,0.051,0.526,0.1302
"1784",0.046875,0.514655451566451,0.00613695944925123,0,0.423,0.051,0.526,0.1302
"1785",0.0234375,0.514655451566451,0.00613695944925123,0,0.423,0.051,0.526,0.1302
"1786",1,0.514655451566451,0.00613695944925123,0,0.423,0.051,0.526,0.1302
"1787",0.03515625,0.514655451566451,0.00613695944925123,0,0.423,0.051,0.526,0.1302
"1788",0.046875,0.514655451566451,0.00613695944925123,0,0.423,0.051,0.526,0.1302
"1789",1,0.514655451566451,0.00613695944925123,0,0.423,0.051,0.526,0.1302
"1790",0.5,0.514655451566451,0.00613695944925123,0,0.423,0.051,0.526,0.1302
"1791",0,0.514655451566451,0.00613695944925123,0,0.423,0.051,0.526,0.1302
"1792",0.0234375,0.514655451566451,0.00613695944925123,0,0.423,0.051,0.526,0.1302
"1793",1,0.514655451566451,0.00613695944925123,0,0.423,0.051,0.526,0.1302
"1794",0.29296875,0.514655451566451,0.00613695944925123,0,0.423,0.051,0.526,0.1302
"1795",0.015625,0.514655451566451,0.00613695944925123,0,0.423,0.051,0.526,0.1302
"1796",1,0.514655451566451,0.00613695944925123,0,0.423,0.051,0.526,0.1302
"1797",1,0.514655451566451,0.00613695944925123,0,0.423,0.051,0.526,0.1302
"1798",1,0.514655451566451,0.00613695944925123,0,0.423,0.051,0.526,0.1302
"1799",1,0.514655451566451,0.00613695944925123,0,0.423,0.051,0.526,0.1302
"1800",1,0.514655451566451,0.00613695944925123,0,0.423,0.051,0.526,0.1302
"1801",0.03125,0.514655451566451,0.00613695944925123,0,0.423,0.051,0.526,0.1302
"1802",0.03515625,0.514655451566451,0.00613695944925123,0,0.423,0.051,0.526,0.1302
"1803",0.00390625,0.514655451566451,0.00613695944925123,0,0.423,0.051,0.526,0.1302
"1804",0.0078125,0.514655451566451,0.00613695944925123,0,0.423,0.051,0.526,0.1302
"1805",1,0.514655451566451,0.00613695944925123,0,0.423,0.051,0.526,0.1302
"1806",1,0.514655451566451,0.00613695944925123,0,0.423,0.051,0.526,0.1302
"1807",1,0.514655451566451,0.00613695944925123,0,0.423,0.051,0.526,0.1302
"1808",0.04296875,0.514655451566451,0.00613695944925123,0,0.423,0.051,0.526,0.1302
"1809",0.0078125,0.514655451566451,0.00613695944925123,0,0.423,0.051,0.526,0.1302
"1810",0.0859375,0.514655451566451,0.00613695944925123,0,0.423,0.051,0.526,0.1302
"1811",0.13671875,0.514655451566451,0.00613695944925123,0,0.423,0.051,0.526,0.1302
"1812",1,0.514655451566451,0.00613695944925123,0,0.423,0.051,0.526,0.1302
"1813",0.0078125,0.514655451566451,0.00613695944925123,0,0.423,0.051,0.526,0.1302
"1814",0.015625,0.514655451566451,0.00613695944925123,0,0.423,0.051,0.526,0.1302
"1815",0.0390625,0.514655451566451,0.00613695944925123,0,0.423,0.051,0.526,0.1302
"1816",0.015625,0.514655451566451,0.00613695944925123,0,0.423,0.051,0.526,0.1302
"1817",0.51171875,0.514655451566451,0.00613695944925123,0,0.423,0.051,0.526,0.1302
"1818",0.00390625,0.514655451566451,0.00613695944925123,0,0.423,0.051,0.526,0.1302
"1819",1,0.514655451566451,0.00613695944925123,0,0.423,0.051,0.526,0.1302
"1820",0,0.514655451566451,0.00613695944925123,0,0.423,0.051,0.526,0.1302
"1821",1,0.514655451566451,0.00613695944925123,0,0.423,0.051,0.526,0.1302
"1822",0.05078125,0.514655451566451,0.00613695944925123,0,0.423,0.051,0.526,0.1302
"1823",1,0.514655451566451,0.00613695944925123,0,0.423,0.051,0.526,0.1302
"1824",1,0.514655451566451,0.00613695944925123,0,0.423,0.051,0.526,0.1302
"1825",0.0078125,0.514655451566451,0.00613695944925123,0,0.423,0.051,0.526,0.1302
"1826",0.03125,0.514655451566451,0.00613695944925123,0,0.423,0.051,0.526,0.1302
"1827",1,0.514655451566451,0.00613695944925123,0,0.423,0.051,0.526,0.1302
"1828",0.03125,0.514655451566451,0.00613695944925123,0,0.423,0.051,0.526,0.1302
"1829",0.02734375,0.514655451566451,0.00613695944925123,0,0.423,0.051,0.526,0.1302
"1830",0.03515625,0.514655451566451,0.00613695944925123,0,0.423,0.051,0.526,0.1302
"1831",1,0.514655451566451,0.00613695944925123,0,0.423,0.051,0.526,0.1302
"1832",1,0.514655451566451,0.00613695944925123,0,0.423,0.051,0.526,0.1302
"1833",0.0078125,0.514655451566451,0.00613695944925123,0,0.423,0.051,0.526,0.1302
"1834",0.02734375,0.514655451566451,0.00613695944925123,0,0.423,0.051,0.526,0.1302
"1835",0.046875,0.514655451566451,0.00613695944925123,0,0.423,0.051,0.526,0.1302
"1836",0.0078125,0.514655451566451,0.00613695944925123,0,0.423,0.051,0.526,0.1302
"1837",1,0.514655451566451,0.00613695944925123,0,0.423,0.051,0.526,0.1302
"1838",0.328125,0.514655451566451,0.00613695944925123,0,0.423,0.051,0.526,0.1302
"1839",0.09765625,0.514655451566451,0.00613695944925123,0,0.423,0.051,0.526,0.1302
"1840",1,0.514655451566451,0.00613695944925123,0,0.423,0.051,0.526,0.1302
"1841",1,0.514655451566451,0.00613695944925123,0,0.423,0.051,0.526,0.1302
"1842",1,0.514655451566451,0.00613695944925123,0,0.423,0.051,0.526,0.1302
"1843",1,0.514655451566451,0.00613695944925123,0,0.423,0.051,0.526,0.1302
"1844",0.09375,0.514655451566451,0.00613695944925123,0,0.423,0.051,0.526,0.1302
"1845",0.1328125,0.514655451566451,0.00613695944925123,0,0.423,0.051,0.526,0.1302
"1846",0.13671875,0.514655451566451,0.00613695944925123,0,0.423,0.051,0.526,0.1302
"1847",0.08984375,0.514655451566451,0.00613695944925123,0,0.423,0.051,0.526,0.1302
"1848",0.00390625,0.514655451566451,0.00613695944925123,0,0.423,0.051,0.526,0.1302
"1849",1,0.514655451566451,0.00613695944925123,0,0.423,0.051,0.526,0.1302
"1850",1,0.514655451566451,0.00613695944925123,0,0.423,0.051,0.526,0.1302
"1851",0.0390625,0.514655451566451,0.00613695944925123,0,0.423,0.051,0.526,0.1302
"1852",0.046875,0.514655451566451,0.00613695944925123,0,0.423,0.051,0.526,0.1302
"1853",1,0.514655451566451,0.00613695944925123,0,0.423,0.051,0.526,0.1302
"1854",0.01171875,0.514655451566451,0.00613695944925123,0,0.423,0.051,0.526,0.1302
"1855",0.015625,0.514655451566451,0.00613695944925123,0,0.423,0.051,0.526,0.1302
"1856",0.04296875,0.514655451566451,0.00613695944925123,0,0.423,0.051,0.526,0.1302
"1857",0.09375,0.514655451566451,0.00613695944925123,0,0.423,0.051,0.526,0.1302
"1858",1,0.514655451566451,0.00613695944925123,0,0.423,0.051,0.526,0.1302
"1859",1,0.514655451566451,0.00613695944925123,0,0.423,0.051,0.526,0.1302
"1860",0.0625,0.514655451566451,0.00613695944925123,0,0.423,0.051,0.526,0.1302
"1861",1,0.514655451566451,0.00613695944925123,0,0.423,0.051,0.526,0.1302
"1862",0.015625,0.514655451566451,0.00613695944925123,0,0.423,0.051,0.526,0.1302
"1863",0.04296875,0.514655451566451,0.00613695944925123,0,0.423,0.051,0.526,0.1302
"1864",1,0.514655451566451,0.00613695944925123,0,0.423,0.051,0.526,0.1302
"1865",0.03515625,0.514655451566451,0.00613695944925123,0,0.423,0.051,0.526,0.1302
"1866",1,0.514655451566451,0.00613695944925123,0,0.423,0.051,0.526,0.1302
"1867",1,0.514655451566451,0.00613695944925123,0,0.423,0.051,0.526,0.1302
"1868",1,0.514655451566451,0.00613695944925123,0,0.423,0.051,0.526,0.1302
"1869",1,0.514655451566451,0.00613695944925123,0,0.423,0.051,0.526,0.1302
"1870",0.0078125,0.514655451566451,0.00613695944925123,0,0.423,0.051,0.526,0.1302
"1871",1,0.514655451566451,0.00613695944925123,0,0.423,0.051,0.526,0.1302
"1872",0.140625,0.514655451566451,0.00613695944925123,0,0.423,0.051,0.526,0.1302
"1873",1,0.514655451566451,0.00613695944925123,0,0.423,0.051,0.526,0.1302
"1874",1,0.514655451566451,0.00613695944925123,0,0.423,0.051,0.526,0.1302
"1875",1,0.514655451566451,0.00613695944925123,0,0.423,0.051,0.526,0.1302
"1876",1,0.514655451566451,0.00613695944925123,0,0.423,0.051,0.526,0.1302
"1877",1,0.514655451566451,0.00613695944925123,0,0.423,0.051,0.526,0.1302
"1878",1,0.514655451566451,0.00613695944925123,0,0.423,0.051,0.526,0.1302
"1879",1,0.514655451566451,0.00613695944925123,0,0.423,0.051,0.526,0.1302
"1880",0.0390625,0.514655451566451,0.00613695944925123,0,0.423,0.051,0.526,0.1302
"1881",1,0.514655451566451,0.00613695944925123,0,0.423,0.051,0.526,0.1302
"1882",0.0703125,0.514655451566451,0.00613695944925123,0,0.423,0.051,0.526,0.1302
"1883",0.05859375,0.514655451566451,0.00613695944925123,0,0.423,0.051,0.526,0.1302
"1884",0.00390625,0.514655451566451,0.00613695944925123,0,0.423,0.051,0.526,0.1302
"1885",0.0390625,0.514655451566451,0.00613695944925123,0,0.423,0.051,0.526,0.1302
"1886",1,0.514655451566451,0.00613695944925123,0,0.423,0.051,0.526,0.1302
"1887",1,0.514655451566451,0.00613695944925123,0,0.423,0.051,0.526,0.1302
"1888",0.07421875,0.514655451566451,0.00613695944925123,0,0.423,0.051,0.526,0.1302
"1889",0.00390625,0.514655451566451,0.00613695944925123,0,0.423,0.051,0.526,0.1302
"1890",1,0.514655451566451,0.00613695944925123,0,0.423,0.051,0.526,0.1302
"1891",1,0.514655451566451,0.00613695944925123,0,0.423,0.051,0.526,0.1302
"1892",1,0.514655451566451,0.00613695944925123,0,0.423,0.051,0.526,0.1302
"1893",1,0.514655451566451,0.00613695944925123,0,0.423,0.051,0.526,0.1302
"1894",0.02734375,0.514655451566451,0.00613695944925123,0,0.423,0.051,0.526,0.1302
"1895",1,0.514655451566451,0.00613695944925123,0,0.423,0.051,0.526,0.1302
"1896",1,0.514655451566451,0.00613695944925123,0,0.423,0.051,0.526,0.1302
"1897",1,0.514655451566451,0.00613695944925123,0,0.423,0.051,0.526,0.1302
"1898",0.0078125,0.514655451566451,0.00613695944925123,0,0.423,0.051,0.526,0.1302
"1899",1,0.514655451566451,0.00613695944925123,0,0.423,0.051,0.526,0.1302
"1900",1,0.514655451566451,0.00613695944925123,0,0.423,0.051,0.526,0.1302
"1901",1,0.514655451566451,0.00613695944925123,0,0.423,0.051,0.526,0.1302
"1902",0.00390625,0.514655451566451,0.00613695944925123,0,0.423,0.051,0.526,0.1302
"1903",1,0.514655451566451,0.00613695944925123,0,0.423,0.051,0.526,0.1302
"1904",0.046875,0.514655451566451,0.00613695944925123,0,0.423,0.051,0.526,0.1302
"1905",0.00390625,0.514655451566451,0.00613695944925123,0,0.423,0.051,0.526,0.1302
"1906",1,0.514655451566451,0.00613695944925123,0,0.423,0.051,0.526,0.1302
"1907",0.015625,0.514655451566451,0.00613695944925123,0,0.423,0.051,0.526,0.1302
"1908",0.0234375,0.514655451566451,0.00613695944925123,0,0.423,0.051,0.526,0.1302
"1909",0.0078125,0.514655451566451,0.00613695944925123,0,0.423,0.051,0.526,0.1302
"1910",0.04296875,0.514655451566451,0.00613695944925123,0,0.423,0.051,0.526,0.1302
"1911",1,0.514655451566451,0.00613695944925123,0,0.423,0.051,0.526,0.1302
"1912",0.05078125,0.514655451566451,0.00613695944925123,0,0.423,0.051,0.526,0.1302
"1913",0.0234375,0.514655451566451,0.00613695944925123,0,0.423,0.051,0.526,0.1302
"1914",0.15625,0.514655451566451,0.00613695944925123,0,0.423,0.051,0.526,0.1302
"1915",0.0234375,0.514655451566451,0.00613695944925123,0,0.423,0.051,0.526,0.1302
"1916",0.13671875,0.514655451566451,0.00613695944925123,0,0.423,0.051,0.526,0.1302
"1917",0.0234375,0.514655451566451,0.00613695944925123,0,0.423,0.051,0.526,0.1302
"1918",0.01171875,0.514655451566451,0.00613695944925123,0,0.423,0.051,0.526,0.1302
"1919",1,0.514655451566451,0.00613695944925123,0,0.423,0.051,0.526,0.1302
"1920",0.01171875,0.514655451566451,0.00613695944925123,0,0.423,0.051,0.526,0.1302
"1921",1,0.514655451566451,0.00613695944925123,0,0.423,0.051,0.526,0.1302
"1922",1,0.514655451566451,0.00613695944925123,0,0.423,0.051,0.526,0.1302
"1923",0.02734375,0.514655451566451,0.00613695944925123,0,0.423,0.051,0.526,0.1302
"1924",0.16015625,0.514655451566451,0.00613695944925123,0,0.423,0.051,0.526,0.1302
"1925",1,0.514655451566451,0.00613695944925123,0,0.423,0.051,0.526,0.1302
"1926",0.01171875,0.514655451566451,0.00613695944925123,0,0.423,0.051,0.526,0.1302
"1927",1,0.514655451566451,0.00613695944925123,0,0.423,0.051,0.526,0.1302
"1928",0.01953125,0.514655451566451,0.00613695944925123,0,0.423,0.051,0.526,0.1302
"1929",0.00390625,0.514655451566451,0.00613695944925123,0,0.423,0.051,0.526,0.1302
"1930",1,0.514655451566451,0.00613695944925123,0,0.423,0.051,0.526,0.1302
"1931",0.015625,0.514655451566451,0.00613695944925123,0,0.423,0.051,0.526,0.1302
"1932",1,0.514655451566451,0.00613695944925123,0,0.423,0.051,0.526,0.1302
"1933",0.015625,0.514655451566451,0.00613695944925123,0,0.423,0.051,0.526,0.1302
"1934",0.0234375,0.514655451566451,0.00613695944925123,0,0.423,0.051,0.526,0.1302
"1935",1,0.514655451566451,0.00613695944925123,0,0.423,0.051,0.526,0.1302
"1936",1,0.514655451566451,0.00613695944925123,0,0.423,0.051,0.526,0.1302
"1937",0.01953125,0.514655451566451,0.00613695944925123,0,0.423,0.051,0.526,0.1302
"1938",0,0.514655451566451,0.00613695944925123,0,0.423,0.051,0.526,0.1302
"1939",1,0.514655451566451,0.00613695944925123,0,0.423,0.051,0.526,0.1302
"1940",1,0.514655451566451,0.00613695944925123,0,0.423,0.051,0.526,0.1302
"1941",1,0.514655451566451,0.00613695944925123,0,0.423,0.051,0.526,0.1302
"1942",0.02734375,0.514655451566451,0.00613695944925123,0,0.423,0.051,0.526,0.1302
"1943",1,0.514655451566451,0.00613695944925123,0,0.423,0.051,0.526,0.1302
"1944",0.03125,0.514655451566451,0.00613695944925123,0,0.423,0.051,0.526,0.1302
"1945",1,0.514655451566451,0.00613695944925123,0,0.423,0.051,0.526,0.1302
"1946",0.015625,0.514655451566451,0.00613695944925123,0,0.423,0.051,0.526,0.1302
"1947",0.07421875,0.514655451566451,0.00613695944925123,0,0.423,0.051,0.526,0.1302
"1948",1,0.514655451566451,0.00613695944925123,0,0.423,0.051,0.526,0.1302
"1949",0.42578125,0.514655451566451,0.00613695944925123,0,0.423,0.051,0.526,0.1302
"1950",1,0.514655451566451,0.00613695944925123,0,0.423,0.051,0.526,0.1302
"1951",1,0.514655451566451,0.00613695944925123,0,0.423,0.051,0.526,0.1302
"1952",1,0.514655451566451,0.00613695944925123,0,0.423,0.051,0.526,0.1302
"1953",1,0.514655451566451,0.00613695944925123,0,0.423,0.051,0.526,0.1302
"1954",0.01953125,0.514655451566451,0.00613695944925123,0,0.423,0.051,0.526,0.1302
"1955",1,0.514655451566451,0.00613695944925123,0,0.423,0.051,0.526,0.1302
"1956",1,0.514655451566451,0.00613695944925123,0,0.423,0.051,0.526,0.1302
"1957",1,0.514655451566451,0.00613695944925123,0,0.423,0.051,0.526,0.1302
"1958",0.015625,0.514655451566451,0.00613695944925123,0,0.423,0.051,0.526,0.1302
"1959",1,0.514655451566451,0.00613695944925123,0,0.423,0.051,0.526,0.1302
"1960",1,0.514655451566451,0.00613695944925123,0,0.423,0.051,0.526,0.1302
"1961",1,0.514655451566451,0.00613695944925123,0,0.423,0.051,0.526,0.1302
"1962",0.00390625,0.514655451566451,0.00613695944925123,0,0.423,0.051,0.526,0.1302
"1963",0.0390625,0.514655451566451,0.00613695944925123,0,0.423,0.051,0.526,0.1302
"1964",1,0.514655451566451,0.00613695944925123,0,0.423,0.051,0.526,0.1302
"1965",0.0703125,0.514655451566451,0.00613695944925123,0,0.423,0.051,0.526,0.1302
"1966",0.01953125,0.514655451566451,0.00613695944925123,0,0.423,0.051,0.526,0.1302
"1967",1,0.514655451566451,0.00613695944925123,0,0.423,0.051,0.526,0.1302
"1968",0.0703125,0.514655451566451,0.00613695944925123,0,0.423,0.051,0.526,0.1302
"1969",1,0.514655451566451,0.00613695944925123,0,0.423,0.051,0.526,0.1302
"1970",0.015625,0.514655451566451,0.00613695944925123,0,0.423,0.051,0.526,0.1302
"1971",0.265625,0.514655451566451,0.00613695944925123,0,0.423,0.051,0.526,0.1302
"1972",1,0.514655451566451,0.00613695944925123,0,0.423,0.051,0.526,0.1302
"1973",0.04296875,0.514655451566451,0.00613695944925123,0,0.423,0.051,0.526,0.1302
"1974",0.0546875,0.514655451566451,0.00613695944925123,0,0.423,0.051,0.526,0.1302
"1975",0.03515625,0.514655451566451,0.00613695944925123,0,0.423,0.051,0.526,0.1302
"1976",0.01171875,0.514655451566451,0.00613695944925123,0,0.423,0.051,0.526,0.1302
"1977",1,0.514655451566451,0.00613695944925123,0,0.423,0.051,0.526,0.1302
"1978",0.0390625,0.514655451566451,0.00613695944925123,0,0.423,0.051,0.526,0.1302
"1979",1,0.514655451566451,0.00613695944925123,0,0.423,0.051,0.526,0.1302
"1980",0.13671875,0.514655451566451,0.00613695944925123,0,0.423,0.051,0.526,0.1302
"1981",1,0.514655451566451,0.00613695944925123,0,0.423,0.051,0.526,0.1302
"1982",1,0.514655451566451,0.00613695944925123,0,0.423,0.051,0.526,0.1302
"1983",0.078125,0.514655451566451,0.00613695944925123,0,0.423,0.051,0.526,0.1302
"1984",0.0234375,0.514655451566451,0.00613695944925123,0,0.423,0.051,0.526,0.1302
"1985",1,0.514655451566451,0.00613695944925123,0,0.423,0.051,0.526,0.1302
"1986",0.0078125,0.514655451566451,0.00613695944925123,0,0.423,0.051,0.526,0.1302
"1987",0.00390625,0.514655451566451,0.00613695944925123,0,0.423,0.051,0.526,0.1302
"1988",0.0234375,0.514655451566451,0.00613695944925123,0,0.423,0.051,0.526,0.1302
"1989",1,0.514655451566451,0.00613695944925123,0,0.423,0.051,0.526,0.1302
"1990",0.0234375,0.514655451566451,0.00613695944925123,0,0.423,0.051,0.526,0.1302
"1991",1,0.514655451566451,0.00613695944925123,0,0.423,0.051,0.526,0.1302
"1992",0.14453125,0.514655451566451,0.00613695944925123,0,0.423,0.051,0.526,0.1302
"1993",0.00390625,0.514655451566451,0.00613695944925123,0,0.423,0.051,0.526,0.1302
"1994",0.5078125,0.514655451566451,0.00613695944925123,0,0.423,0.051,0.526,0.1302
"1995",0.03125,0.514655451566451,0.00613695944925123,0,0.423,0.051,0.526,0.1302
"1996",0.0234375,0.514655451566451,0.00613695944925123,0,0.423,0.051,0.526,0.1302
"1997",0.08984375,0.514655451566451,0.00613695944925123,0,0.423,0.051,0.526,0.1302
"1998",1,0.514655451566451,0.00613695944925123,0,0.423,0.051,0.526,0.1302
"1999",1,0.514655451566451,0.00613695944925123,0,0.423,0.051,0.526,0.1302
"2000",1,0.514655451566451,0.00613695944925123,0,0.423,0.051,0.526,0.1302
"2001",1,0.514287250198786,0.00604111468278354,0,0.451,0.043,0.506,0.1302
"2002",0.02734375,0.514287250198786,0.00604111468278354,0,0.451,0.043,0.506,0.1302
"2003",1,0.514287250198786,0.00604111468278354,0,0.451,0.043,0.506,0.1302
"2004",0.015625,0.514287250198786,0.00604111468278354,0,0.451,0.043,0.506,0.1302
"2005",0.0546875,0.514287250198786,0.00604111468278354,0,0.451,0.043,0.506,0.1302
"2006",0.01171875,0.514287250198786,0.00604111468278354,0,0.451,0.043,0.506,0.1302
"2007",1,0.514287250198786,0.00604111468278354,0,0.451,0.043,0.506,0.1302
"2008",0.01953125,0.514287250198786,0.00604111468278354,0,0.451,0.043,0.506,0.1302
"2009",1,0.514287250198786,0.00604111468278354,0,0.451,0.043,0.506,0.1302
"2010",1,0.514287250198786,0.00604111468278354,0,0.451,0.043,0.506,0.1302
"2011",1,0.514287250198786,0.00604111468278354,0,0.451,0.043,0.506,0.1302
"2012",1,0.514287250198786,0.00604111468278354,0,0.451,0.043,0.506,0.1302
"2013",0.0078125,0.514287250198786,0.00604111468278354,0,0.451,0.043,0.506,0.1302
"2014",1,0.514287250198786,0.00604111468278354,0,0.451,0.043,0.506,0.1302
"2015",1,0.514287250198786,0.00604111468278354,0,0.451,0.043,0.506,0.1302
"2016",1,0.514287250198786,0.00604111468278354,0,0.451,0.043,0.506,0.1302
"2017",0.01171875,0.514287250198786,0.00604111468278354,0,0.451,0.043,0.506,0.1302
"2018",1,0.514287250198786,0.00604111468278354,0,0.451,0.043,0.506,0.1302
"2019",1,0.514287250198786,0.00604111468278354,0,0.451,0.043,0.506,0.1302
"2020",1,0.514287250198786,0.00604111468278354,0,0.451,0.043,0.506,0.1302
"2021",0.0078125,0.514287250198786,0.00604111468278354,0,0.451,0.043,0.506,0.1302
"2022",0.0390625,0.514287250198786,0.00604111468278354,0,0.451,0.043,0.506,0.1302
"2023",1,0.514287250198786,0.00604111468278354,0,0.451,0.043,0.506,0.1302
"2024",1,0.514287250198786,0.00604111468278354,0,0.451,0.043,0.506,0.1302
"2025",0.01171875,0.514287250198786,0.00604111468278354,0,0.451,0.043,0.506,0.1302
"2026",1,0.514287250198786,0.00604111468278354,0,0.451,0.043,0.506,0.1302
"2027",1,0.514287250198786,0.00604111468278354,0,0.451,0.043,0.506,0.1302
"2028",1,0.514287250198786,0.00604111468278354,0,0.451,0.043,0.506,0.1302
"2029",0.03125,0.514287250198786,0.00604111468278354,0,0.451,0.043,0.506,0.1302
"2030",1,0.514287250198786,0.00604111468278354,0,0.451,0.043,0.506,0.1302
"2031",1,0.514287250198786,0.00604111468278354,0,0.451,0.043,0.506,0.1302
"2032",1,0.514287250198786,0.00604111468278354,0,0.451,0.043,0.506,0.1302
"2033",0.19140625,0.514287250198786,0.00604111468278354,0,0.451,0.043,0.506,0.1302
"2034",1,0.514287250198786,0.00604111468278354,0,0.451,0.043,0.506,0.1302
"2035",0.02734375,0.514287250198786,0.00604111468278354,0,0.451,0.043,0.506,0.1302
"2036",1,0.514287250198786,0.00604111468278354,0,0.451,0.043,0.506,0.1302
"2037",0.04296875,0.514287250198786,0.00604111468278354,0,0.451,0.043,0.506,0.1302
"2038",1,0.514287250198786,0.00604111468278354,0,0.451,0.043,0.506,0.1302
"2039",0.0078125,0.514287250198786,0.00604111468278354,0,0.451,0.043,0.506,0.1302
"2040",1,0.514287250198786,0.00604111468278354,0,0.451,0.043,0.506,0.1302
"2041",1,0.514287250198786,0.00604111468278354,0,0.451,0.043,0.506,0.1302
"2042",0.5234375,0.514287250198786,0.00604111468278354,0,0.451,0.043,0.506,0.1302
"2043",0.0078125,0.514287250198786,0.00604111468278354,0,0.451,0.043,0.506,0.1302
"2044",1,0.514287250198786,0.00604111468278354,0,0.451,0.043,0.506,0.1302
"2045",1,0.514287250198786,0.00604111468278354,0,0.451,0.043,0.506,0.1302
"2046",0.1171875,0.514287250198786,0.00604111468278354,0,0.451,0.043,0.506,0.1302
"2047",1,0.514287250198786,0.00604111468278354,0,0.451,0.043,0.506,0.1302
"2048",0.02734375,0.514287250198786,0.00604111468278354,0,0.451,0.043,0.506,0.1302
"2049",1,0.514287250198786,0.00604111468278354,0,0.451,0.043,0.506,0.1302
"2050",1,0.514287250198786,0.00604111468278354,0,0.451,0.043,0.506,0.1302
"2051",0.140625,0.514287250198786,0.00604111468278354,0,0.451,0.043,0.506,0.1302
"2052",1,0.514287250198786,0.00604111468278354,0,0.451,0.043,0.506,0.1302
"2053",0.02734375,0.514287250198786,0.00604111468278354,0,0.451,0.043,0.506,0.1302
"2054",1,0.514287250198786,0.00604111468278354,0,0.451,0.043,0.506,0.1302
"2055",1,0.514287250198786,0.00604111468278354,0,0.451,0.043,0.506,0.1302
"2056",0.05078125,0.514287250198786,0.00604111468278354,0,0.451,0.043,0.506,0.1302
"2057",1,0.514287250198786,0.00604111468278354,0,0.451,0.043,0.506,0.1302
"2058",1,0.514287250198786,0.00604111468278354,0,0.451,0.043,0.506,0.1302
"2059",0.03125,0.514287250198786,0.00604111468278354,0,0.451,0.043,0.506,0.1302
"2060",0.01953125,0.514287250198786,0.00604111468278354,0,0.451,0.043,0.506,0.1302
"2061",1,0.514287250198786,0.00604111468278354,0,0.451,0.043,0.506,0.1302
"2062",1,0.514287250198786,0.00604111468278354,0,0.451,0.043,0.506,0.1302
"2063",1,0.514287250198786,0.00604111468278354,0,0.451,0.043,0.506,0.1302
"2064",0.5078125,0.514287250198786,0.00604111468278354,0,0.451,0.043,0.506,0.1302
"2065",0.03515625,0.514287250198786,0.00604111468278354,0,0.451,0.043,0.506,0.1302
"2066",1,0.514287250198786,0.00604111468278354,0,0.451,0.043,0.506,0.1302
"2067",1,0.514287250198786,0.00604111468278354,0,0.451,0.043,0.506,0.1302
"2068",0.01171875,0.514287250198786,0.00604111468278354,0,0.451,0.043,0.506,0.1302
"2069",0.015625,0.514287250198786,0.00604111468278354,0,0.451,0.043,0.506,0.1302
"2070",1,0.514287250198786,0.00604111468278354,0,0.451,0.043,0.506,0.1302
"2071",1,0.514287250198786,0.00604111468278354,0,0.451,0.043,0.506,0.1302
"2072",1,0.514287250198786,0.00604111468278354,0,0.451,0.043,0.506,0.1302
"2073",0.03515625,0.514287250198786,0.00604111468278354,0,0.451,0.043,0.506,0.1302
"2074",1,0.514287250198786,0.00604111468278354,0,0.451,0.043,0.506,0.1302
"2075",0.07421875,0.514287250198786,0.00604111468278354,0,0.451,0.043,0.506,0.1302
"2076",1,0.514287250198786,0.00604111468278354,0,0.451,0.043,0.506,0.1302
"2077",0.0078125,0.514287250198786,0.00604111468278354,0,0.451,0.043,0.506,0.1302
"2078",1,0.514287250198786,0.00604111468278354,0,0.451,0.043,0.506,0.1302
"2079",1,0.514287250198786,0.00604111468278354,0,0.451,0.043,0.506,0.1302
"2080",0.03515625,0.514287250198786,0.00604111468278354,0,0.451,0.043,0.506,0.1302
"2081",1,0.514287250198786,0.00604111468278354,0,0.451,0.043,0.506,0.1302
"2082",1,0.514287250198786,0.00604111468278354,0,0.451,0.043,0.506,0.1302
"2083",0.0078125,0.514287250198786,0.00604111468278354,0,0.451,0.043,0.506,0.1302
"2084",0.01953125,0.514287250198786,0.00604111468278354,0,0.451,0.043,0.506,0.1302
"2085",1,0.514287250198786,0.00604111468278354,0,0.451,0.043,0.506,0.1302
"2086",1,0.514287250198786,0.00604111468278354,0,0.451,0.043,0.506,0.1302
"2087",0,0.514287250198786,0.00604111468278354,0,0.451,0.043,0.506,0.1302
"2088",1,0.514287250198786,0.00604111468278354,0,0.451,0.043,0.506,0.1302
"2089",0.0703125,0.514287250198786,0.00604111468278354,0,0.451,0.043,0.506,0.1302
"2090",0.01953125,0.514287250198786,0.00604111468278354,0,0.451,0.043,0.506,0.1302
"2091",1,0.514287250198786,0.00604111468278354,0,0.451,0.043,0.506,0.1302
"2092",0.01953125,0.514287250198786,0.00604111468278354,0,0.451,0.043,0.506,0.1302
"2093",0.00390625,0.514287250198786,0.00604111468278354,0,0.451,0.043,0.506,0.1302
"2094",1,0.514287250198786,0.00604111468278354,0,0.451,0.043,0.506,0.1302
"2095",1,0.514287250198786,0.00604111468278354,0,0.451,0.043,0.506,0.1302
"2096",0.01953125,0.514287250198786,0.00604111468278354,0,0.451,0.043,0.506,0.1302
"2097",0.0078125,0.514287250198786,0.00604111468278354,0,0.451,0.043,0.506,0.1302
"2098",1,0.514287250198786,0.00604111468278354,0,0.451,0.043,0.506,0.1302
"2099",0.0390625,0.514287250198786,0.00604111468278354,0,0.451,0.043,0.506,0.1302
"2100",0.015625,0.514287250198786,0.00604111468278354,0,0.451,0.043,0.506,0.1302
"2101",1,0.514287250198786,0.00604111468278354,0,0.451,0.043,0.506,0.1302
"2102",1,0.514287250198786,0.00604111468278354,0,0.451,0.043,0.506,0.1302
"2103",0.08203125,0.514287250198786,0.00604111468278354,0,0.451,0.043,0.506,0.1302
"2104",0.0234375,0.514287250198786,0.00604111468278354,0,0.451,0.043,0.506,0.1302
"2105",1,0.514287250198786,0.00604111468278354,0,0.451,0.043,0.506,0.1302
"2106",1,0.514287250198786,0.00604111468278354,0,0.451,0.043,0.506,0.1302
"2107",1,0.514287250198786,0.00604111468278354,0,0.451,0.043,0.506,0.1302
"2108",0,0.514287250198786,0.00604111468278354,0,0.451,0.043,0.506,0.1302
"2109",0.06640625,0.514287250198786,0.00604111468278354,0,0.451,0.043,0.506,0.1302
"2110",0.00390625,0.514287250198786,0.00604111468278354,0,0.451,0.043,0.506,0.1302
"2111",0.01171875,0.514287250198786,0.00604111468278354,0,0.451,0.043,0.506,0.1302
"2112",1,0.514287250198786,0.00604111468278354,0,0.451,0.043,0.506,0.1302
"2113",1,0.514287250198786,0.00604111468278354,0,0.451,0.043,0.506,0.1302
"2114",0.00390625,0.514287250198786,0.00604111468278354,0,0.451,0.043,0.506,0.1302
"2115",1,0.514287250198786,0.00604111468278354,0,0.451,0.043,0.506,0.1302
"2116",0.0078125,0.514287250198786,0.00604111468278354,0,0.451,0.043,0.506,0.1302
"2117",0.02734375,0.514287250198786,0.00604111468278354,0,0.451,0.043,0.506,0.1302
"2118",0.05859375,0.514287250198786,0.00604111468278354,0,0.451,0.043,0.506,0.1302
"2119",1,0.514287250198786,0.00604111468278354,0,0.451,0.043,0.506,0.1302
"2120",0.015625,0.514287250198786,0.00604111468278354,0,0.451,0.043,0.506,0.1302
"2121",1,0.514287250198786,0.00604111468278354,0,0.451,0.043,0.506,0.1302
"2122",0.0078125,0.514287250198786,0.00604111468278354,0,0.451,0.043,0.506,0.1302
"2123",1,0.514287250198786,0.00604111468278354,0,0.451,0.043,0.506,0.1302
"2124",1,0.514287250198786,0.00604111468278354,0,0.451,0.043,0.506,0.1302
"2125",1,0.514287250198786,0.00604111468278354,0,0.451,0.043,0.506,0.1302
"2126",1,0.514287250198786,0.00604111468278354,0,0.451,0.043,0.506,0.1302
"2127",0.00390625,0.514287250198786,0.00604111468278354,0,0.451,0.043,0.506,0.1302
"2128",0.0234375,0.514287250198786,0.00604111468278354,0,0.451,0.043,0.506,0.1302
"2129",1,0.514287250198786,0.00604111468278354,0,0.451,0.043,0.506,0.1302
"2130",0.0390625,0.514287250198786,0.00604111468278354,0,0.451,0.043,0.506,0.1302
"2131",0.1171875,0.514287250198786,0.00604111468278354,0,0.451,0.043,0.506,0.1302
"2132",1,0.514287250198786,0.00604111468278354,0,0.451,0.043,0.506,0.1302
"2133",0.109375,0.514287250198786,0.00604111468278354,0,0.451,0.043,0.506,0.1302
"2134",0.0078125,0.514287250198786,0.00604111468278354,0,0.451,0.043,0.506,0.1302
"2135",0.0234375,0.514287250198786,0.00604111468278354,0,0.451,0.043,0.506,0.1302
"2136",1,0.514287250198786,0.00604111468278354,0,0.451,0.043,0.506,0.1302
"2137",0.00390625,0.514287250198786,0.00604111468278354,0,0.451,0.043,0.506,0.1302
"2138",1,0.514287250198786,0.00604111468278354,0,0.451,0.043,0.506,0.1302
"2139",0.0625,0.514287250198786,0.00604111468278354,0,0.451,0.043,0.506,0.1302
"2140",0.03515625,0.514287250198786,0.00604111468278354,0,0.451,0.043,0.506,0.1302
"2141",1,0.514287250198786,0.00604111468278354,0,0.451,0.043,0.506,0.1302
"2142",1,0.514287250198786,0.00604111468278354,0,0.451,0.043,0.506,0.1302
"2143",0.03125,0.514287250198786,0.00604111468278354,0,0.451,0.043,0.506,0.1302
"2144",0.0078125,0.514287250198786,0.00604111468278354,0,0.451,0.043,0.506,0.1302
"2145",1,0.514287250198786,0.00604111468278354,0,0.451,0.043,0.506,0.1302
"2146",0.015625,0.514287250198786,0.00604111468278354,0,0.451,0.043,0.506,0.1302
"2147",1,0.514287250198786,0.00604111468278354,0,0.451,0.043,0.506,0.1302
"2148",0.00390625,0.514287250198786,0.00604111468278354,0,0.451,0.043,0.506,0.1302
"2149",1,0.514287250198786,0.00604111468278354,0,0.451,0.043,0.506,0.1302
"2150",0.07421875,0.514287250198786,0.00604111468278354,0,0.451,0.043,0.506,0.1302
"2151",0.015625,0.514287250198786,0.00604111468278354,0,0.451,0.043,0.506,0.1302
"2152",1,0.514287250198786,0.00604111468278354,0,0.451,0.043,0.506,0.1302
"2153",1,0.514287250198786,0.00604111468278354,0,0.451,0.043,0.506,0.1302
"2154",1,0.514287250198786,0.00604111468278354,0,0.451,0.043,0.506,0.1302
"2155",1,0.514287250198786,0.00604111468278354,0,0.451,0.043,0.506,0.1302
"2156",1,0.514287250198786,0.00604111468278354,0,0.451,0.043,0.506,0.1302
"2157",0,0.514287250198786,0.00604111468278354,0,0.451,0.043,0.506,0.1302
"2158",0.015625,0.514287250198786,0.00604111468278354,0,0.451,0.043,0.506,0.1302
"2159",1,0.514287250198786,0.00604111468278354,0,0.451,0.043,0.506,0.1302
"2160",1,0.514287250198786,0.00604111468278354,0,0.451,0.043,0.506,0.1302
"2161",0.01953125,0.514287250198786,0.00604111468278354,0,0.451,0.043,0.506,0.1302
"2162",0.046875,0.514287250198786,0.00604111468278354,0,0.451,0.043,0.506,0.1302
"2163",1,0.514287250198786,0.00604111468278354,0,0.451,0.043,0.506,0.1302
"2164",0.16015625,0.514287250198786,0.00604111468278354,0,0.451,0.043,0.506,0.1302
"2165",1,0.514287250198786,0.00604111468278354,0,0.451,0.043,0.506,0.1302
"2166",0.07421875,0.514287250198786,0.00604111468278354,0,0.451,0.043,0.506,0.1302
"2167",0.015625,0.514287250198786,0.00604111468278354,0,0.451,0.043,0.506,0.1302
"2168",1,0.514287250198786,0.00604111468278354,0,0.451,0.043,0.506,0.1302
"2169",1,0.514287250198786,0.00604111468278354,0,0.451,0.043,0.506,0.1302
"2170",0.0859375,0.514287250198786,0.00604111468278354,0,0.451,0.043,0.506,0.1302
"2171",0.14453125,0.514287250198786,0.00604111468278354,0,0.451,0.043,0.506,0.1302
"2172",1,0.514287250198786,0.00604111468278354,0,0.451,0.043,0.506,0.1302
"2173",1,0.514287250198786,0.00604111468278354,0,0.451,0.043,0.506,0.1302
"2174",0.05078125,0.514287250198786,0.00604111468278354,0,0.451,0.043,0.506,0.1302
"2175",1,0.514287250198786,0.00604111468278354,0,0.451,0.043,0.506,0.1302
"2176",1,0.514287250198786,0.00604111468278354,0,0.451,0.043,0.506,0.1302
"2177",0.03515625,0.514287250198786,0.00604111468278354,0,0.451,0.043,0.506,0.1302
"2178",1,0.514287250198786,0.00604111468278354,0,0.451,0.043,0.506,0.1302
"2179",1,0.514287250198786,0.00604111468278354,0,0.451,0.043,0.506,0.1302
"2180",0.03515625,0.514287250198786,0.00604111468278354,0,0.451,0.043,0.506,0.1302
"2181",0.02734375,0.514287250198786,0.00604111468278354,0,0.451,0.043,0.506,0.1302
"2182",0.01171875,0.514287250198786,0.00604111468278354,0,0.451,0.043,0.506,0.1302
"2183",1,0.514287250198786,0.00604111468278354,0,0.451,0.043,0.506,0.1302
"2184",1,0.514287250198786,0.00604111468278354,0,0.451,0.043,0.506,0.1302
"2185",1,0.514287250198786,0.00604111468278354,0,0.451,0.043,0.506,0.1302
"2186",1,0.514287250198786,0.00604111468278354,0,0.451,0.043,0.506,0.1302
"2187",1,0.514287250198786,0.00604111468278354,0,0.451,0.043,0.506,0.1302
"2188",1,0.514287250198786,0.00604111468278354,0,0.451,0.043,0.506,0.1302
"2189",0.01171875,0.514287250198786,0.00604111468278354,0,0.451,0.043,0.506,0.1302
"2190",1,0.514287250198786,0.00604111468278354,0,0.451,0.043,0.506,0.1302
"2191",0.046875,0.514287250198786,0.00604111468278354,0,0.451,0.043,0.506,0.1302
"2192",0.0625,0.514287250198786,0.00604111468278354,0,0.451,0.043,0.506,0.1302
"2193",0.0078125,0.514287250198786,0.00604111468278354,0,0.451,0.043,0.506,0.1302
"2194",0.03125,0.514287250198786,0.00604111468278354,0,0.451,0.043,0.506,0.1302
"2195",0.046875,0.514287250198786,0.00604111468278354,0,0.451,0.043,0.506,0.1302
"2196",1,0.514287250198786,0.00604111468278354,0,0.451,0.043,0.506,0.1302
"2197",1,0.514287250198786,0.00604111468278354,0,0.451,0.043,0.506,0.1302
"2198",0.01953125,0.514287250198786,0.00604111468278354,0,0.451,0.043,0.506,0.1302
"2199",1,0.514287250198786,0.00604111468278354,0,0.451,0.043,0.506,0.1302
"2200",1,0.514287250198786,0.00604111468278354,0,0.451,0.043,0.506,0.1302
"2201",0.03125,0.514287250198786,0.00604111468278354,0,0.451,0.043,0.506,0.1302
"2202",1,0.514287250198786,0.00604111468278354,0,0.451,0.043,0.506,0.1302
"2203",0.140625,0.514287250198786,0.00604111468278354,0,0.451,0.043,0.506,0.1302
"2204",1,0.514287250198786,0.00604111468278354,0,0.451,0.043,0.506,0.1302
"2205",1,0.514287250198786,0.00604111468278354,0,0.451,0.043,0.506,0.1302
"2206",1,0.514287250198786,0.00604111468278354,0,0.451,0.043,0.506,0.1302
"2207",1,0.514287250198786,0.00604111468278354,0,0.451,0.043,0.506,0.1302
"2208",0.02734375,0.514287250198786,0.00604111468278354,0,0.451,0.043,0.506,0.1302
"2209",0.03515625,0.514287250198786,0.00604111468278354,0,0.451,0.043,0.506,0.1302
"2210",0.01171875,0.514287250198786,0.00604111468278354,0,0.451,0.043,0.506,0.1302
"2211",0.12890625,0.514287250198786,0.00604111468278354,0,0.451,0.043,0.506,0.1302
"2212",1,0.514287250198786,0.00604111468278354,0,0.451,0.043,0.506,0.1302
"2213",1,0.514287250198786,0.00604111468278354,0,0.451,0.043,0.506,0.1302
"2214",1,0.514287250198786,0.00604111468278354,0,0.451,0.043,0.506,0.1302
"2215",0.0078125,0.514287250198786,0.00604111468278354,0,0.451,0.043,0.506,0.1302
"2216",0.07421875,0.514287250198786,0.00604111468278354,0,0.451,0.043,0.506,0.1302
"2217",0.0078125,0.514287250198786,0.00604111468278354,0,0.451,0.043,0.506,0.1302
"2218",1,0.514287250198786,0.00604111468278354,0,0.451,0.043,0.506,0.1302
"2219",0,0.514287250198786,0.00604111468278354,0,0.451,0.043,0.506,0.1302
"2220",0.015625,0.514287250198786,0.00604111468278354,0,0.451,0.043,0.506,0.1302
"2221",0.01171875,0.514287250198786,0.00604111468278354,0,0.451,0.043,0.506,0.1302
"2222",0.3359375,0.514287250198786,0.00604111468278354,0,0.451,0.043,0.506,0.1302
"2223",0.01953125,0.514287250198786,0.00604111468278354,0,0.451,0.043,0.506,0.1302
"2224",0.01953125,0.514287250198786,0.00604111468278354,0,0.451,0.043,0.506,0.1302
"2225",1,0.514287250198786,0.00604111468278354,0,0.451,0.043,0.506,0.1302
"2226",1,0.514287250198786,0.00604111468278354,0,0.451,0.043,0.506,0.1302
"2227",0.015625,0.514287250198786,0.00604111468278354,0,0.451,0.043,0.506,0.1302
"2228",0.12890625,0.514287250198786,0.00604111468278354,0,0.451,0.043,0.506,0.1302
"2229",0.0078125,0.514287250198786,0.00604111468278354,0,0.451,0.043,0.506,0.1302
"2230",1,0.514287250198786,0.00604111468278354,0,0.451,0.043,0.506,0.1302
"2231",1,0.514287250198786,0.00604111468278354,0,0.451,0.043,0.506,0.1302
"2232",0.05078125,0.514287250198786,0.00604111468278354,0,0.451,0.043,0.506,0.1302
"2233",0.1171875,0.514287250198786,0.00604111468278354,0,0.451,0.043,0.506,0.1302
"2234",1,0.514287250198786,0.00604111468278354,0,0.451,0.043,0.506,0.1302
"2235",0.0390625,0.514287250198786,0.00604111468278354,0,0.451,0.043,0.506,0.1302
"2236",0.0390625,0.514287250198786,0.00604111468278354,0,0.451,0.043,0.506,0.1302
"2237",0.07421875,0.514287250198786,0.00604111468278354,0,0.451,0.043,0.506,0.1302
"2238",0.28515625,0.514287250198786,0.00604111468278354,0,0.451,0.043,0.506,0.1302
"2239",0.0546875,0.514287250198786,0.00604111468278354,0,0.451,0.043,0.506,0.1302
"2240",0.01953125,0.514287250198786,0.00604111468278354,0,0.451,0.043,0.506,0.1302
"2241",0.09375,0.514287250198786,0.00604111468278354,0,0.451,0.043,0.506,0.1302
"2242",1,0.514287250198786,0.00604111468278354,0,0.451,0.043,0.506,0.1302
"2243",1,0.514287250198786,0.00604111468278354,0,0.451,0.043,0.506,0.1302
"2244",0.03515625,0.514287250198786,0.00604111468278354,0,0.451,0.043,0.506,0.1302
"2245",0.05078125,0.514287250198786,0.00604111468278354,0,0.451,0.043,0.506,0.1302
"2246",0.0625,0.514287250198786,0.00604111468278354,0,0.451,0.043,0.506,0.1302
"2247",0.015625,0.514287250198786,0.00604111468278354,0,0.451,0.043,0.506,0.1302
"2248",1,0.514287250198786,0.00604111468278354,0,0.451,0.043,0.506,0.1302
"2249",1,0.514287250198786,0.00604111468278354,0,0.451,0.043,0.506,0.1302
"2250",0.02734375,0.514287250198786,0.00604111468278354,0,0.451,0.043,0.506,0.1302
"2251",0.0078125,0.514287250198786,0.00604111468278354,0,0.451,0.043,0.506,0.1302
"2252",0,0.514287250198786,0.00604111468278354,0,0.451,0.043,0.506,0.1302
"2253",1,0.514287250198786,0.00604111468278354,0,0.451,0.043,0.506,0.1302
"2254",0.03515625,0.514287250198786,0.00604111468278354,0,0.451,0.043,0.506,0.1302
"2255",0.0390625,0.514287250198786,0.00604111468278354,0,0.451,0.043,0.506,0.1302
"2256",0.09375,0.514287250198786,0.00604111468278354,0,0.451,0.043,0.506,0.1302
"2257",0.02734375,0.514287250198786,0.00604111468278354,0,0.451,0.043,0.506,0.1302
"2258",1,0.514287250198786,0.00604111468278354,0,0.451,0.043,0.506,0.1302
"2259",1,0.514287250198786,0.00604111468278354,0,0.451,0.043,0.506,0.1302
"2260",1,0.514287250198786,0.00604111468278354,0,0.451,0.043,0.506,0.1302
"2261",0.046875,0.514287250198786,0.00604111468278354,0,0.451,0.043,0.506,0.1302
"2262",0.50390625,0.514287250198786,0.00604111468278354,0,0.451,0.043,0.506,0.1302
"2263",0.078125,0.514287250198786,0.00604111468278354,0,0.451,0.043,0.506,0.1302
"2264",0.11328125,0.514287250198786,0.00604111468278354,0,0.451,0.043,0.506,0.1302
"2265",0.046875,0.514287250198786,0.00604111468278354,0,0.451,0.043,0.506,0.1302
"2266",0.02734375,0.514287250198786,0.00604111468278354,0,0.451,0.043,0.506,0.1302
"2267",1,0.514287250198786,0.00604111468278354,0,0.451,0.043,0.506,0.1302
"2268",1,0.514287250198786,0.00604111468278354,0,0.451,0.043,0.506,0.1302
"2269",1,0.514287250198786,0.00604111468278354,0,0.451,0.043,0.506,0.1302
"2270",1,0.514287250198786,0.00604111468278354,0,0.451,0.043,0.506,0.1302
"2271",1,0.514287250198786,0.00604111468278354,0,0.451,0.043,0.506,0.1302
"2272",1,0.514287250198786,0.00604111468278354,0,0.451,0.043,0.506,0.1302
"2273",1,0.514287250198786,0.00604111468278354,0,0.451,0.043,0.506,0.1302
"2274",1,0.514287250198786,0.00604111468278354,0,0.451,0.043,0.506,0.1302
"2275",0.01171875,0.514287250198786,0.00604111468278354,0,0.451,0.043,0.506,0.1302
"2276",0.04296875,0.514287250198786,0.00604111468278354,0,0.451,0.043,0.506,0.1302
"2277",1,0.514287250198786,0.00604111468278354,0,0.451,0.043,0.506,0.1302
"2278",1,0.514287250198786,0.00604111468278354,0,0.451,0.043,0.506,0.1302
"2279",0.0390625,0.514287250198786,0.00604111468278354,0,0.451,0.043,0.506,0.1302
"2280",0.0703125,0.514287250198786,0.00604111468278354,0,0.451,0.043,0.506,0.1302
"2281",0.03125,0.514287250198786,0.00604111468278354,0,0.451,0.043,0.506,0.1302
"2282",0.04296875,0.514287250198786,0.00604111468278354,0,0.451,0.043,0.506,0.1302
"2283",1,0.514287250198786,0.00604111468278354,0,0.451,0.043,0.506,0.1302
"2284",1,0.514287250198786,0.00604111468278354,0,0.451,0.043,0.506,0.1302
"2285",1,0.514287250198786,0.00604111468278354,0,0.451,0.043,0.506,0.1302
"2286",0.00390625,0.514287250198786,0.00604111468278354,0,0.451,0.043,0.506,0.1302
"2287",1,0.514287250198786,0.00604111468278354,0,0.451,0.043,0.506,0.1302
"2288",1,0.514287250198786,0.00604111468278354,0,0.451,0.043,0.506,0.1302
"2289",0.05859375,0.514287250198786,0.00604111468278354,0,0.451,0.043,0.506,0.1302
"2290",0.00390625,0.514287250198786,0.00604111468278354,0,0.451,0.043,0.506,0.1302
"2291",0.01171875,0.514287250198786,0.00604111468278354,0,0.451,0.043,0.506,0.1302
"2292",1,0.514287250198786,0.00604111468278354,0,0.451,0.043,0.506,0.1302
"2293",1,0.514287250198786,0.00604111468278354,0,0.451,0.043,0.506,0.1302
"2294",0.00390625,0.514287250198786,0.00604111468278354,0,0.451,0.043,0.506,0.1302
"2295",0.0390625,0.514287250198786,0.00604111468278354,0,0.451,0.043,0.506,0.1302
"2296",0.00390625,0.514287250198786,0.00604111468278354,0,0.451,0.043,0.506,0.1302
"2297",1,0.514287250198786,0.00604111468278354,0,0.451,0.043,0.506,0.1302
"2298",1,0.514287250198786,0.00604111468278354,0,0.451,0.043,0.506,0.1302
"2299",1,0.514287250198786,0.00604111468278354,0,0.451,0.043,0.506,0.1302
"2300",1,0.514287250198786,0.00604111468278354,0,0.451,0.043,0.506,0.1302
"2301",1,0.514287250198786,0.00604111468278354,0,0.451,0.043,0.506,0.1302
"2302",0.015625,0.514287250198786,0.00604111468278354,0,0.451,0.043,0.506,0.1302
"2303",1,0.514287250198786,0.00604111468278354,0,0.451,0.043,0.506,0.1302
"2304",1,0.514287250198786,0.00604111468278354,0,0.451,0.043,0.506,0.1302
"2305",0.17578125,0.514287250198786,0.00604111468278354,0,0.451,0.043,0.506,0.1302
"2306",0.03515625,0.514287250198786,0.00604111468278354,0,0.451,0.043,0.506,0.1302
"2307",0,0.514287250198786,0.00604111468278354,0,0.451,0.043,0.506,0.1302
"2308",1,0.514287250198786,0.00604111468278354,0,0.451,0.043,0.506,0.1302
"2309",0.015625,0.514287250198786,0.00604111468278354,0,0.451,0.043,0.506,0.1302
"2310",1,0.514287250198786,0.00604111468278354,0,0.451,0.043,0.506,0.1302
"2311",1,0.514287250198786,0.00604111468278354,0,0.451,0.043,0.506,0.1302
"2312",0.08203125,0.514287250198786,0.00604111468278354,0,0.451,0.043,0.506,0.1302
"2313",0.01171875,0.514287250198786,0.00604111468278354,0,0.451,0.043,0.506,0.1302
"2314",0.1875,0.514287250198786,0.00604111468278354,0,0.451,0.043,0.506,0.1302
"2315",0.03515625,0.514287250198786,0.00604111468278354,0,0.451,0.043,0.506,0.1302
"2316",1,0.514287250198786,0.00604111468278354,0,0.451,0.043,0.506,0.1302
"2317",1,0.514287250198786,0.00604111468278354,0,0.451,0.043,0.506,0.1302
"2318",1,0.514287250198786,0.00604111468278354,0,0.451,0.043,0.506,0.1302
"2319",0.15625,0.514287250198786,0.00604111468278354,0,0.451,0.043,0.506,0.1302
"2320",1,0.514287250198786,0.00604111468278354,0,0.451,0.043,0.506,0.1302
"2321",1,0.514287250198786,0.00604111468278354,0,0.451,0.043,0.506,0.1302
"2322",1,0.514287250198786,0.00604111468278354,0,0.451,0.043,0.506,0.1302
"2323",0.02734375,0.514287250198786,0.00604111468278354,0,0.451,0.043,0.506,0.1302
"2324",1,0.514287250198786,0.00604111468278354,0,0.451,0.043,0.506,0.1302
"2325",1,0.514287250198786,0.00604111468278354,0,0.451,0.043,0.506,0.1302
"2326",0.02734375,0.514287250198786,0.00604111468278354,0,0.451,0.043,0.506,0.1302
"2327",1,0.514287250198786,0.00604111468278354,0,0.451,0.043,0.506,0.1302
"2328",1,0.514287250198786,0.00604111468278354,0,0.451,0.043,0.506,0.1302
"2329",1,0.514287250198786,0.00604111468278354,0,0.451,0.043,0.506,0.1302
"2330",1,0.514287250198786,0.00604111468278354,0,0.451,0.043,0.506,0.1302
"2331",1,0.514287250198786,0.00604111468278354,0,0.451,0.043,0.506,0.1302
"2332",1,0.514287250198786,0.00604111468278354,0,0.451,0.043,0.506,0.1302
"2333",1,0.514287250198786,0.00604111468278354,0,0.451,0.043,0.506,0.1302
"2334",0.03125,0.514287250198786,0.00604111468278354,0,0.451,0.043,0.506,0.1302
"2335",0.06640625,0.514287250198786,0.00604111468278354,0,0.451,0.043,0.506,0.1302
"2336",0.01171875,0.514287250198786,0.00604111468278354,0,0.451,0.043,0.506,0.1302
"2337",1,0.514287250198786,0.00604111468278354,0,0.451,0.043,0.506,0.1302
"2338",0.00390625,0.514287250198786,0.00604111468278354,0,0.451,0.043,0.506,0.1302
"2339",1,0.514287250198786,0.00604111468278354,0,0.451,0.043,0.506,0.1302
"2340",0.015625,0.514287250198786,0.00604111468278354,0,0.451,0.043,0.506,0.1302
"2341",1,0.514287250198786,0.00604111468278354,0,0.451,0.043,0.506,0.1302
"2342",0.01953125,0.514287250198786,0.00604111468278354,0,0.451,0.043,0.506,0.1302
"2343",0.01171875,0.514287250198786,0.00604111468278354,0,0.451,0.043,0.506,0.1302
"2344",0.00390625,0.514287250198786,0.00604111468278354,0,0.451,0.043,0.506,0.1302
"2345",0.01171875,0.514287250198786,0.00604111468278354,0,0.451,0.043,0.506,0.1302
"2346",1,0.514287250198786,0.00604111468278354,0,0.451,0.043,0.506,0.1302
"2347",0.0234375,0.514287250198786,0.00604111468278354,0,0.451,0.043,0.506,0.1302
"2348",1,0.514287250198786,0.00604111468278354,0,0.451,0.043,0.506,0.1302
"2349",0.0078125,0.514287250198786,0.00604111468278354,0,0.451,0.043,0.506,0.1302
"2350",1,0.514287250198786,0.00604111468278354,0,0.451,0.043,0.506,0.1302
"2351",1,0.514287250198786,0.00604111468278354,0,0.451,0.043,0.506,0.1302
"2352",0.03125,0.514287250198786,0.00604111468278354,0,0.451,0.043,0.506,0.1302
"2353",1,0.514287250198786,0.00604111468278354,0,0.451,0.043,0.506,0.1302
"2354",0.015625,0.514287250198786,0.00604111468278354,0,0.451,0.043,0.506,0.1302
"2355",1,0.514287250198786,0.00604111468278354,0,0.451,0.043,0.506,0.1302
"2356",0.04296875,0.514287250198786,0.00604111468278354,0,0.451,0.043,0.506,0.1302
"2357",1,0.514287250198786,0.00604111468278354,0,0.451,0.043,0.506,0.1302
"2358",1,0.514287250198786,0.00604111468278354,0,0.451,0.043,0.506,0.1302
"2359",0.01171875,0.514287250198786,0.00604111468278354,0,0.451,0.043,0.506,0.1302
"2360",0.0390625,0.514287250198786,0.00604111468278354,0,0.451,0.043,0.506,0.1302
"2361",0.0078125,0.514287250198786,0.00604111468278354,0,0.451,0.043,0.506,0.1302
"2362",1,0.514287250198786,0.00604111468278354,0,0.451,0.043,0.506,0.1302
"2363",0.0078125,0.514287250198786,0.00604111468278354,0,0.451,0.043,0.506,0.1302
"2364",0.046875,0.514287250198786,0.00604111468278354,0,0.451,0.043,0.506,0.1302
"2365",1,0.514287250198786,0.00604111468278354,0,0.451,0.043,0.506,0.1302
"2366",1,0.514287250198786,0.00604111468278354,0,0.451,0.043,0.506,0.1302
"2367",0.05078125,0.514287250198786,0.00604111468278354,0,0.451,0.043,0.506,0.1302
"2368",1,0.514287250198786,0.00604111468278354,0,0.451,0.043,0.506,0.1302
"2369",0.01171875,0.514287250198786,0.00604111468278354,0,0.451,0.043,0.506,0.1302
"2370",0.078125,0.514287250198786,0.00604111468278354,0,0.451,0.043,0.506,0.1302
"2371",1,0.514287250198786,0.00604111468278354,0,0.451,0.043,0.506,0.1302
"2372",1,0.514287250198786,0.00604111468278354,0,0.451,0.043,0.506,0.1302
"2373",0.05078125,0.514287250198786,0.00604111468278354,0,0.451,0.043,0.506,0.1302
"2374",0,0.514287250198786,0.00604111468278354,0,0.451,0.043,0.506,0.1302
"2375",1,0.514287250198786,0.00604111468278354,0,0.451,0.043,0.506,0.1302
"2376",0.0703125,0.514287250198786,0.00604111468278354,0,0.451,0.043,0.506,0.1302
"2377",1,0.514287250198786,0.00604111468278354,0,0.451,0.043,0.506,0.1302
"2378",1,0.514287250198786,0.00604111468278354,0,0.451,0.043,0.506,0.1302
"2379",0.13671875,0.514287250198786,0.00604111468278354,0,0.451,0.043,0.506,0.1302
"2380",0.01171875,0.514287250198786,0.00604111468278354,0,0.451,0.043,0.506,0.1302
"2381",0.03515625,0.514287250198786,0.00604111468278354,0,0.451,0.043,0.506,0.1302
"2382",1,0.514287250198786,0.00604111468278354,0,0.451,0.043,0.506,0.1302
"2383",0.02734375,0.514287250198786,0.00604111468278354,0,0.451,0.043,0.506,0.1302
"2384",1,0.514287250198786,0.00604111468278354,0,0.451,0.043,0.506,0.1302
"2385",0.00390625,0.514287250198786,0.00604111468278354,0,0.451,0.043,0.506,0.1302
"2386",1,0.514287250198786,0.00604111468278354,0,0.451,0.043,0.506,0.1302
"2387",1,0.514287250198786,0.00604111468278354,0,0.451,0.043,0.506,0.1302
"2388",0.01953125,0.514287250198786,0.00604111468278354,0,0.451,0.043,0.506,0.1302
"2389",0.046875,0.514287250198786,0.00604111468278354,0,0.451,0.043,0.506,0.1302
"2390",1,0.514287250198786,0.00604111468278354,0,0.451,0.043,0.506,0.1302
"2391",1,0.514287250198786,0.00604111468278354,0,0.451,0.043,0.506,0.1302
"2392",0.02734375,0.514287250198786,0.00604111468278354,0,0.451,0.043,0.506,0.1302
"2393",0.01171875,0.514287250198786,0.00604111468278354,0,0.451,0.043,0.506,0.1302
"2394",0.01953125,0.514287250198786,0.00604111468278354,0,0.451,0.043,0.506,0.1302
"2395",1,0.514287250198786,0.00604111468278354,0,0.451,0.043,0.506,0.1302
"2396",1,0.514287250198786,0.00604111468278354,0,0.451,0.043,0.506,0.1302
"2397",1,0.514287250198786,0.00604111468278354,0,0.451,0.043,0.506,0.1302
"2398",1,0.514287250198786,0.00604111468278354,0,0.451,0.043,0.506,0.1302
"2399",0.015625,0.514287250198786,0.00604111468278354,0,0.451,0.043,0.506,0.1302
"2400",1,0.514287250198786,0.00604111468278354,0,0.451,0.043,0.506,0.1302
"2401",1,0.514287250198786,0.00604111468278354,0,0.451,0.043,0.506,0.1302
"2402",1,0.514287250198786,0.00604111468278354,0,0.451,0.043,0.506,0.1302
"2403",1,0.514287250198786,0.00604111468278354,0,0.451,0.043,0.506,0.1302
"2404",0.01171875,0.514287250198786,0.00604111468278354,0,0.451,0.043,0.506,0.1302
"2405",1,0.514287250198786,0.00604111468278354,0,0.451,0.043,0.506,0.1302
"2406",0,0.514287250198786,0.00604111468278354,0,0.451,0.043,0.506,0.1302
"2407",1,0.514287250198786,0.00604111468278354,0,0.451,0.043,0.506,0.1302
"2408",0.01171875,0.514287250198786,0.00604111468278354,0,0.451,0.043,0.506,0.1302
"2409",1,0.514287250198786,0.00604111468278354,0,0.451,0.043,0.506,0.1302
"2410",1,0.514287250198786,0.00604111468278354,0,0.451,0.043,0.506,0.1302
"2411",0.0078125,0.514287250198786,0.00604111468278354,0,0.451,0.043,0.506,0.1302
"2412",0.0234375,0.514287250198786,0.00604111468278354,0,0.451,0.043,0.506,0.1302
"2413",1,0.514287250198786,0.00604111468278354,0,0.451,0.043,0.506,0.1302
"2414",1,0.514287250198786,0.00604111468278354,0,0.451,0.043,0.506,0.1302
"2415",1,0.514287250198786,0.00604111468278354,0,0.451,0.043,0.506,0.1302
"2416",0.00390625,0.514287250198786,0.00604111468278354,0,0.451,0.043,0.506,0.1302
"2417",1,0.514287250198786,0.00604111468278354,0,0.451,0.043,0.506,0.1302
"2418",1,0.514287250198786,0.00604111468278354,0,0.451,0.043,0.506,0.1302
"2419",0.140625,0.514287250198786,0.00604111468278354,0,0.451,0.043,0.506,0.1302
"2420",1,0.514287250198786,0.00604111468278354,0,0.451,0.043,0.506,0.1302
"2421",1,0.514287250198786,0.00604111468278354,0,0.451,0.043,0.506,0.1302
"2422",0.01171875,0.514287250198786,0.00604111468278354,0,0.451,0.043,0.506,0.1302
"2423",0.01171875,0.514287250198786,0.00604111468278354,0,0.451,0.043,0.506,0.1302
"2424",0.046875,0.514287250198786,0.00604111468278354,0,0.451,0.043,0.506,0.1302
"2425",1,0.514287250198786,0.00604111468278354,0,0.451,0.043,0.506,0.1302
"2426",1,0.514287250198786,0.00604111468278354,0,0.451,0.043,0.506,0.1302
"2427",1,0.514287250198786,0.00604111468278354,0,0.451,0.043,0.506,0.1302
"2428",1,0.514287250198786,0.00604111468278354,0,0.451,0.043,0.506,0.1302
"2429",1,0.514287250198786,0.00604111468278354,0,0.451,0.043,0.506,0.1302
"2430",0.03515625,0.514287250198786,0.00604111468278354,0,0.451,0.043,0.506,0.1302
"2431",0.02734375,0.514287250198786,0.00604111468278354,0,0.451,0.043,0.506,0.1302
"2432",0.01953125,0.514287250198786,0.00604111468278354,0,0.451,0.043,0.506,0.1302
"2433",1,0.514287250198786,0.00604111468278354,0,0.451,0.043,0.506,0.1302
"2434",1,0.514287250198786,0.00604111468278354,0,0.451,0.043,0.506,0.1302
"2435",1,0.514287250198786,0.00604111468278354,0,0.451,0.043,0.506,0.1302
"2436",1,0.514287250198786,0.00604111468278354,0,0.451,0.043,0.506,0.1302
"2437",1,0.514287250198786,0.00604111468278354,0,0.451,0.043,0.506,0.1302
"2438",1,0.514287250198786,0.00604111468278354,0,0.451,0.043,0.506,0.1302
"2439",1,0.514287250198786,0.00604111468278354,0,0.451,0.043,0.506,0.1302
"2440",1,0.514287250198786,0.00604111468278354,0,0.451,0.043,0.506,0.1302
"2441",0.02734375,0.514287250198786,0.00604111468278354,0,0.451,0.043,0.506,0.1302
"2442",0.01171875,0.514287250198786,0.00604111468278354,0,0.451,0.043,0.506,0.1302
"2443",1,0.514287250198786,0.00604111468278354,0,0.451,0.043,0.506,0.1302
"2444",0.17578125,0.514287250198786,0.00604111468278354,0,0.451,0.043,0.506,0.1302
"2445",1,0.514287250198786,0.00604111468278354,0,0.451,0.043,0.506,0.1302
"2446",1,0.514287250198786,0.00604111468278354,0,0.451,0.043,0.506,0.1302
"2447",1,0.514287250198786,0.00604111468278354,0,0.451,0.043,0.506,0.1302
"2448",1,0.514287250198786,0.00604111468278354,0,0.451,0.043,0.506,0.1302
"2449",1,0.514287250198786,0.00604111468278354,0,0.451,0.043,0.506,0.1302
"2450",1,0.514287250198786,0.00604111468278354,0,0.451,0.043,0.506,0.1302
"2451",1,0.514287250198786,0.00604111468278354,0,0.451,0.043,0.506,0.1302
"2452",1,0.514287250198786,0.00604111468278354,0,0.451,0.043,0.506,0.1302
"2453",0.0234375,0.514287250198786,0.00604111468278354,0,0.451,0.043,0.506,0.1302
"2454",0.01171875,0.514287250198786,0.00604111468278354,0,0.451,0.043,0.506,0.1302
"2455",1,0.514287250198786,0.00604111468278354,0,0.451,0.043,0.506,0.1302
"2456",0.00390625,0.514287250198786,0.00604111468278354,0,0.451,0.043,0.506,0.1302
"2457",0.015625,0.514287250198786,0.00604111468278354,0,0.451,0.043,0.506,0.1302
"2458",0.015625,0.514287250198786,0.00604111468278354,0,0.451,0.043,0.506,0.1302
"2459",1,0.514287250198786,0.00604111468278354,0,0.451,0.043,0.506,0.1302
"2460",1,0.514287250198786,0.00604111468278354,0,0.451,0.043,0.506,0.1302
"2461",0.0078125,0.514287250198786,0.00604111468278354,0,0.451,0.043,0.506,0.1302
"2462",1,0.514287250198786,0.00604111468278354,0,0.451,0.043,0.506,0.1302
"2463",1,0.514287250198786,0.00604111468278354,0,0.451,0.043,0.506,0.1302
"2464",0.07421875,0.514287250198786,0.00604111468278354,0,0.451,0.043,0.506,0.1302
"2465",0.0390625,0.514287250198786,0.00604111468278354,0,0.451,0.043,0.506,0.1302
"2466",1,0.514287250198786,0.00604111468278354,0,0.451,0.043,0.506,0.1302
"2467",1,0.514287250198786,0.00604111468278354,0,0.451,0.043,0.506,0.1302
"2468",0.0234375,0.514287250198786,0.00604111468278354,0,0.451,0.043,0.506,0.1302
"2469",1,0.514287250198786,0.00604111468278354,0,0.451,0.043,0.506,0.1302
"2470",1,0.514287250198786,0.00604111468278354,0,0.451,0.043,0.506,0.1302
"2471",1,0.514287250198786,0.00604111468278354,0,0.451,0.043,0.506,0.1302
"2472",1,0.514287250198786,0.00604111468278354,0,0.451,0.043,0.506,0.1302
"2473",0.09375,0.514287250198786,0.00604111468278354,0,0.451,0.043,0.506,0.1302
"2474",0.078125,0.514287250198786,0.00604111468278354,0,0.451,0.043,0.506,0.1302
"2475",0.015625,0.514287250198786,0.00604111468278354,0,0.451,0.043,0.506,0.1302
"2476",1,0.514287250198786,0.00604111468278354,0,0.451,0.043,0.506,0.1302
"2477",0.03125,0.514287250198786,0.00604111468278354,0,0.451,0.043,0.506,0.1302
"2478",0.02734375,0.514287250198786,0.00604111468278354,0,0.451,0.043,0.506,0.1302
"2479",1,0.514287250198786,0.00604111468278354,0,0.451,0.043,0.506,0.1302
"2480",1,0.514287250198786,0.00604111468278354,0,0.451,0.043,0.506,0.1302
"2481",0,0.514287250198786,0.00604111468278354,0,0.451,0.043,0.506,0.1302
"2482",0.02734375,0.514287250198786,0.00604111468278354,0,0.451,0.043,0.506,0.1302
"2483",1,0.514287250198786,0.00604111468278354,0,0.451,0.043,0.506,0.1302
"2484",0.00390625,0.514287250198786,0.00604111468278354,0,0.451,0.043,0.506,0.1302
"2485",0.11328125,0.514287250198786,0.00604111468278354,0,0.451,0.043,0.506,0.1302
"2486",1,0.514287250198786,0.00604111468278354,0,0.451,0.043,0.506,0.1302
"2487",1,0.514287250198786,0.00604111468278354,0,0.451,0.043,0.506,0.1302
"2488",1,0.514287250198786,0.00604111468278354,0,0.451,0.043,0.506,0.1302
"2489",1,0.514287250198786,0.00604111468278354,0,0.451,0.043,0.506,0.1302
"2490",1,0.514287250198786,0.00604111468278354,0,0.451,0.043,0.506,0.1302
"2491",0.01953125,0.514287250198786,0.00604111468278354,0,0.451,0.043,0.506,0.1302
"2492",0.13671875,0.514287250198786,0.00604111468278354,0,0.451,0.043,0.506,0.1302
"2493",0.5,0.514287250198786,0.00604111468278354,0,0.451,0.043,0.506,0.1302
"2494",1,0.514287250198786,0.00604111468278354,0,0.451,0.043,0.506,0.1302
"2495",0.2578125,0.514287250198786,0.00604111468278354,0,0.451,0.043,0.506,0.1302
"2496",1,0.514287250198786,0.00604111468278354,0,0.451,0.043,0.506,0.1302
"2497",0.01171875,0.514287250198786,0.00604111468278354,0,0.451,0.043,0.506,0.1302
"2498",0.0078125,0.514287250198786,0.00604111468278354,0,0.451,0.043,0.506,0.1302
"2499",0.04296875,0.514287250198786,0.00604111468278354,0,0.451,0.043,0.506,0.1302
"2500",1,0.514287250198786,0.00604111468278354,0,0.451,0.043,0.506,0.1302
"2501",1,0.514287250198786,0.00604111468278354,0,0.451,0.043,0.506,0.1302
"2502",0.0859375,0.514287250198786,0.00604111468278354,0,0.451,0.043,0.506,0.1302
"2503",0.0078125,0.514287250198786,0.00604111468278354,0,0.451,0.043,0.506,0.1302
"2504",0.00390625,0.514287250198786,0.00604111468278354,0,0.451,0.043,0.506,0.1302
"2505",1,0.514287250198786,0.00604111468278354,0,0.451,0.043,0.506,0.1302
"2506",0.00390625,0.514287250198786,0.00604111468278354,0,0.451,0.043,0.506,0.1302
"2507",0.0234375,0.514287250198786,0.00604111468278354,0,0.451,0.043,0.506,0.1302
"2508",1,0.514287250198786,0.00604111468278354,0,0.451,0.043,0.506,0.1302
"2509",0.0703125,0.514287250198786,0.00604111468278354,0,0.451,0.043,0.506,0.1302
"2510",0.0859375,0.514287250198786,0.00604111468278354,0,0.451,0.043,0.506,0.1302
"2511",0.04296875,0.514287250198786,0.00604111468278354,0,0.451,0.043,0.506,0.1302
"2512",0.01171875,0.514287250198786,0.00604111468278354,0,0.451,0.043,0.506,0.1302
"2513",0.08203125,0.514287250198786,0.00604111468278354,0,0.451,0.043,0.506,0.1302
"2514",0.00390625,0.514287250198786,0.00604111468278354,0,0.451,0.043,0.506,0.1302
"2515",1,0.514287250198786,0.00604111468278354,0,0.451,0.043,0.506,0.1302
"2516",0.0078125,0.514287250198786,0.00604111468278354,0,0.451,0.043,0.506,0.1302
"2517",1,0.514287250198786,0.00604111468278354,0,0.451,0.043,0.506,0.1302
"2518",0.00390625,0.514287250198786,0.00604111468278354,0,0.451,0.043,0.506,0.1302
"2519",1,0.514287250198786,0.00604111468278354,0,0.451,0.043,0.506,0.1302
"2520",0.01171875,0.514287250198786,0.00604111468278354,0,0.451,0.043,0.506,0.1302
"2521",0.0078125,0.514287250198786,0.00604111468278354,0,0.451,0.043,0.506,0.1302
"2522",1,0.514287250198786,0.00604111468278354,0,0.451,0.043,0.506,0.1302
"2523",1,0.514287250198786,0.00604111468278354,0,0.451,0.043,0.506,0.1302
"2524",1,0.514287250198786,0.00604111468278354,0,0.451,0.043,0.506,0.1302
"2525",1,0.514287250198786,0.00604111468278354,0,0.451,0.043,0.506,0.1302
"2526",0.0078125,0.514287250198786,0.00604111468278354,0,0.451,0.043,0.506,0.1302
"2527",1,0.514287250198786,0.00604111468278354,0,0.451,0.043,0.506,0.1302
"2528",1,0.514287250198786,0.00604111468278354,0,0.451,0.043,0.506,0.1302
"2529",1,0.514287250198786,0.00604111468278354,0,0.451,0.043,0.506,0.1302
"2530",0.04296875,0.514287250198786,0.00604111468278354,0,0.451,0.043,0.506,0.1302
"2531",0.0234375,0.514287250198786,0.00604111468278354,0,0.451,0.043,0.506,0.1302
"2532",1,0.514287250198786,0.00604111468278354,0,0.451,0.043,0.506,0.1302
"2533",0.05078125,0.514287250198786,0.00604111468278354,0,0.451,0.043,0.506,0.1302
"2534",0.05078125,0.514287250198786,0.00604111468278354,0,0.451,0.043,0.506,0.1302
"2535",0,0.514287250198786,0.00604111468278354,0,0.451,0.043,0.506,0.1302
"2536",0.0390625,0.514287250198786,0.00604111468278354,0,0.451,0.043,0.506,0.1302
"2537",0.0234375,0.514287250198786,0.00604111468278354,0,0.451,0.043,0.506,0.1302
"2538",0.015625,0.514287250198786,0.00604111468278354,0,0.451,0.043,0.506,0.1302
"2539",0.015625,0.514287250198786,0.00604111468278354,0,0.451,0.043,0.506,0.1302
"2540",0.01171875,0.514287250198786,0.00604111468278354,0,0.451,0.043,0.506,0.1302
"2541",0.01953125,0.514287250198786,0.00604111468278354,0,0.451,0.043,0.506,0.1302
"2542",1,0.514287250198786,0.00604111468278354,0,0.451,0.043,0.506,0.1302
"2543",0.02734375,0.514287250198786,0.00604111468278354,0,0.451,0.043,0.506,0.1302
"2544",0.01171875,0.514287250198786,0.00604111468278354,0,0.451,0.043,0.506,0.1302
"2545",0.05078125,0.514287250198786,0.00604111468278354,0,0.451,0.043,0.506,0.1302
"2546",0.00390625,0.514287250198786,0.00604111468278354,0,0.451,0.043,0.506,0.1302
"2547",1,0.514287250198786,0.00604111468278354,0,0.451,0.043,0.506,0.1302
"2548",0.0703125,0.514287250198786,0.00604111468278354,0,0.451,0.043,0.506,0.1302
"2549",0.0234375,0.514287250198786,0.00604111468278354,0,0.451,0.043,0.506,0.1302
"2550",1,0.514287250198786,0.00604111468278354,0,0.451,0.043,0.506,0.1302
"2551",1,0.514287250198786,0.00604111468278354,0,0.451,0.043,0.506,0.1302
"2552",0.03515625,0.514287250198786,0.00604111468278354,0,0.451,0.043,0.506,0.1302
"2553",0.15234375,0.514287250198786,0.00604111468278354,0,0.451,0.043,0.506,0.1302
"2554",1,0.514287250198786,0.00604111468278354,0,0.451,0.043,0.506,0.1302
"2555",0.0390625,0.514287250198786,0.00604111468278354,0,0.451,0.043,0.506,0.1302
"2556",0.00390625,0.514287250198786,0.00604111468278354,0,0.451,0.043,0.506,0.1302
"2557",0.046875,0.514287250198786,0.00604111468278354,0,0.451,0.043,0.506,0.1302
"2558",1,0.514287250198786,0.00604111468278354,0,0.451,0.043,0.506,0.1302
"2559",1,0.514287250198786,0.00604111468278354,0,0.451,0.043,0.506,0.1302
"2560",0.0390625,0.514287250198786,0.00604111468278354,0,0.451,0.043,0.506,0.1302
"2561",0.13671875,0.514287250198786,0.00604111468278354,0,0.451,0.043,0.506,0.1302
"2562",0.01171875,0.514287250198786,0.00604111468278354,0,0.451,0.043,0.506,0.1302
"2563",0.01953125,0.514287250198786,0.00604111468278354,0,0.451,0.043,0.506,0.1302
"2564",0.0234375,0.514287250198786,0.00604111468278354,0,0.451,0.043,0.506,0.1302
"2565",1,0.514287250198786,0.00604111468278354,0,0.451,0.043,0.506,0.1302
"2566",1,0.514287250198786,0.00604111468278354,0,0.451,0.043,0.506,0.1302
"2567",0.02734375,0.514287250198786,0.00604111468278354,0,0.451,0.043,0.506,0.1302
"2568",1,0.514287250198786,0.00604111468278354,0,0.451,0.043,0.506,0.1302
"2569",1,0.514287250198786,0.00604111468278354,0,0.451,0.043,0.506,0.1302
"2570",0.01953125,0.514287250198786,0.00604111468278354,0,0.451,0.043,0.506,0.1302
"2571",1,0.514287250198786,0.00604111468278354,0,0.451,0.043,0.506,0.1302
"2572",1,0.514287250198786,0.00604111468278354,0,0.451,0.043,0.506,0.1302
"2573",0.01171875,0.514287250198786,0.00604111468278354,0,0.451,0.043,0.506,0.1302
"2574",0.015625,0.514287250198786,0.00604111468278354,0,0.451,0.043,0.506,0.1302
"2575",1,0.514287250198786,0.00604111468278354,0,0.451,0.043,0.506,0.1302
"2576",1,0.514287250198786,0.00604111468278354,0,0.451,0.043,0.506,0.1302
"2577",0.01171875,0.514287250198786,0.00604111468278354,0,0.451,0.043,0.506,0.1302
"2578",0.1484375,0.514287250198786,0.00604111468278354,0,0.451,0.043,0.506,0.1302
"2579",0.046875,0.514287250198786,0.00604111468278354,0,0.451,0.043,0.506,0.1302
"2580",0.03125,0.514287250198786,0.00604111468278354,0,0.451,0.043,0.506,0.1302
"2581",1,0.514287250198786,0.00604111468278354,0,0.451,0.043,0.506,0.1302
"2582",1,0.514287250198786,0.00604111468278354,0,0.451,0.043,0.506,0.1302
"2583",1,0.514287250198786,0.00604111468278354,0,0.451,0.043,0.506,0.1302
"2584",1,0.514287250198786,0.00604111468278354,0,0.451,0.043,0.506,0.1302
"2585",0.015625,0.514287250198786,0.00604111468278354,0,0.451,0.043,0.506,0.1302
"2586",1,0.514287250198786,0.00604111468278354,0,0.451,0.043,0.506,0.1302
"2587",0.0234375,0.514287250198786,0.00604111468278354,0,0.451,0.043,0.506,0.1302
"2588",0.0234375,0.514287250198786,0.00604111468278354,0,0.451,0.043,0.506,0.1302
"2589",0.01171875,0.514287250198786,0.00604111468278354,0,0.451,0.043,0.506,0.1302
"2590",1,0.514287250198786,0.00604111468278354,0,0.451,0.043,0.506,0.1302
"2591",0.046875,0.514287250198786,0.00604111468278354,0,0.451,0.043,0.506,0.1302
"2592",1,0.514287250198786,0.00604111468278354,0,0.451,0.043,0.506,0.1302
"2593",0.015625,0.514287250198786,0.00604111468278354,0,0.451,0.043,0.506,0.1302
"2594",0.0546875,0.514287250198786,0.00604111468278354,0,0.451,0.043,0.506,0.1302
"2595",0,0.514287250198786,0.00604111468278354,0,0.451,0.043,0.506,0.1302
"2596",1,0.514287250198786,0.00604111468278354,0,0.451,0.043,0.506,0.1302
"2597",0.05859375,0.514287250198786,0.00604111468278354,0,0.451,0.043,0.506,0.1302
"2598",1,0.514287250198786,0.00604111468278354,0,0.451,0.043,0.506,0.1302
"2599",1,0.514287250198786,0.00604111468278354,0,0.451,0.043,0.506,0.1302
"2600",0.39453125,0.514287250198786,0.00604111468278354,0,0.451,0.043,0.506,0.1302
"2601",0.01953125,0.514287250198786,0.00604111468278354,0,0.451,0.043,0.506,0.1302
"2602",1,0.514287250198786,0.00604111468278354,0,0.451,0.043,0.506,0.1302
"2603",1,0.514287250198786,0.00604111468278354,0,0.451,0.043,0.506,0.1302
"2604",0.0625,0.514287250198786,0.00604111468278354,0,0.451,0.043,0.506,0.1302
"2605",1,0.514287250198786,0.00604111468278354,0,0.451,0.043,0.506,0.1302
"2606",1,0.514287250198786,0.00604111468278354,0,0.451,0.043,0.506,0.1302
"2607",0.0703125,0.514287250198786,0.00604111468278354,0,0.451,0.043,0.506,0.1302
"2608",1,0.514287250198786,0.00604111468278354,0,0.451,0.043,0.506,0.1302
"2609",0.015625,0.514287250198786,0.00604111468278354,0,0.451,0.043,0.506,0.1302
"2610",0.00390625,0.514287250198786,0.00604111468278354,0,0.451,0.043,0.506,0.1302
"2611",1,0.514287250198786,0.00604111468278354,0,0.451,0.043,0.506,0.1302
"2612",0.0234375,0.514287250198786,0.00604111468278354,0,0.451,0.043,0.506,0.1302
"2613",0.015625,0.514287250198786,0.00604111468278354,0,0.451,0.043,0.506,0.1302
"2614",0.04296875,0.514287250198786,0.00604111468278354,0,0.451,0.043,0.506,0.1302
"2615",0.01953125,0.514287250198786,0.00604111468278354,0,0.451,0.043,0.506,0.1302
"2616",0.00390625,0.514287250198786,0.00604111468278354,0,0.451,0.043,0.506,0.1302
"2617",1,0.514287250198786,0.00604111468278354,0,0.451,0.043,0.506,0.1302
"2618",0.046875,0.514287250198786,0.00604111468278354,0,0.451,0.043,0.506,0.1302
"2619",0.078125,0.514287250198786,0.00604111468278354,0,0.451,0.043,0.506,0.1302
"2620",1,0.514287250198786,0.00604111468278354,0,0.451,0.043,0.506,0.1302
"2621",1,0.514287250198786,0.00604111468278354,0,0.451,0.043,0.506,0.1302
"2622",1,0.514287250198786,0.00604111468278354,0,0.451,0.043,0.506,0.1302
"2623",0.0390625,0.514287250198786,0.00604111468278354,0,0.451,0.043,0.506,0.1302
"2624",0,0.514287250198786,0.00604111468278354,0,0.451,0.043,0.506,0.1302
"2625",0.015625,0.514287250198786,0.00604111468278354,0,0.451,0.043,0.506,0.1302
"2626",1,0.514287250198786,0.00604111468278354,0,0.451,0.043,0.506,0.1302
"2627",0.00390625,0.514287250198786,0.00604111468278354,0,0.451,0.043,0.506,0.1302
"2628",1,0.514287250198786,0.00604111468278354,0,0.451,0.043,0.506,0.1302
"2629",0.0625,0.514287250198786,0.00604111468278354,0,0.451,0.043,0.506,0.1302
"2630",1,0.514287250198786,0.00604111468278354,0,0.451,0.043,0.506,0.1302
"2631",1,0.514287250198786,0.00604111468278354,0,0.451,0.043,0.506,0.1302
"2632",0.50390625,0.514287250198786,0.00604111468278354,0,0.451,0.043,0.506,0.1302
"2633",0.00390625,0.514287250198786,0.00604111468278354,0,0.451,0.043,0.506,0.1302
"2634",0,0.514287250198786,0.00604111468278354,0,0.451,0.043,0.506,0.1302
"2635",0.0234375,0.514287250198786,0.00604111468278354,0,0.451,0.043,0.506,0.1302
"2636",1,0.514287250198786,0.00604111468278354,0,0.451,0.043,0.506,0.1302
"2637",0.02734375,0.514287250198786,0.00604111468278354,0,0.451,0.043,0.506,0.1302
"2638",1,0.514287250198786,0.00604111468278354,0,0.451,0.043,0.506,0.1302
"2639",0.07421875,0.514287250198786,0.00604111468278354,0,0.451,0.043,0.506,0.1302
"2640",0.015625,0.514287250198786,0.00604111468278354,0,0.451,0.043,0.506,0.1302
"2641",0.015625,0.514287250198786,0.00604111468278354,0,0.451,0.043,0.506,0.1302
"2642",0.01171875,0.514287250198786,0.00604111468278354,0,0.451,0.043,0.506,0.1302
"2643",0.0078125,0.514287250198786,0.00604111468278354,0,0.451,0.043,0.506,0.1302
"2644",1,0.514287250198786,0.00604111468278354,0,0.451,0.043,0.506,0.1302
"2645",1,0.514287250198786,0.00604111468278354,0,0.451,0.043,0.506,0.1302
"2646",0.02734375,0.514287250198786,0.00604111468278354,0,0.451,0.043,0.506,0.1302
"2647",1,0.514287250198786,0.00604111468278354,0,0.451,0.043,0.506,0.1302
"2648",1,0.514287250198786,0.00604111468278354,0,0.451,0.043,0.506,0.1302
"2649",1,0.514287250198786,0.00604111468278354,0,0.451,0.043,0.506,0.1302
"2650",1,0.514287250198786,0.00604111468278354,0,0.451,0.043,0.506,0.1302
"2651",1,0.514287250198786,0.00604111468278354,0,0.451,0.043,0.506,0.1302
"2652",0.015625,0.514287250198786,0.00604111468278354,0,0.451,0.043,0.506,0.1302
"2653",1,0.514287250198786,0.00604111468278354,0,0.451,0.043,0.506,0.1302
"2654",1,0.514287250198786,0.00604111468278354,0,0.451,0.043,0.506,0.1302
"2655",0.01171875,0.514287250198786,0.00604111468278354,0,0.451,0.043,0.506,0.1302
"2656",0.25390625,0.514287250198786,0.00604111468278354,0,0.451,0.043,0.506,0.1302
"2657",0.015625,0.514287250198786,0.00604111468278354,0,0.451,0.043,0.506,0.1302
"2658",0.12890625,0.514287250198786,0.00604111468278354,0,0.451,0.043,0.506,0.1302
"2659",1,0.514287250198786,0.00604111468278354,0,0.451,0.043,0.506,0.1302
"2660",1,0.514287250198786,0.00604111468278354,0,0.451,0.043,0.506,0.1302
"2661",0.01171875,0.514287250198786,0.00604111468278354,0,0.451,0.043,0.506,0.1302
"2662",0.1796875,0.514287250198786,0.00604111468278354,0,0.451,0.043,0.506,0.1302
"2663",0.05078125,0.514287250198786,0.00604111468278354,0,0.451,0.043,0.506,0.1302
"2664",1,0.514287250198786,0.00604111468278354,0,0.451,0.043,0.506,0.1302
"2665",0.0234375,0.514287250198786,0.00604111468278354,0,0.451,0.043,0.506,0.1302
"2666",1,0.514287250198786,0.00604111468278354,0,0.451,0.043,0.506,0.1302
"2667",0,0.514287250198786,0.00604111468278354,0,0.451,0.043,0.506,0.1302
"2668",0,0.514287250198786,0.00604111468278354,0,0.451,0.043,0.506,0.1302
"2669",0.0234375,0.514287250198786,0.00604111468278354,0,0.451,0.043,0.506,0.1302
"2670",1,0.514287250198786,0.00604111468278354,0,0.451,0.043,0.506,0.1302
"2671",1,0.514287250198786,0.00604111468278354,0,0.451,0.043,0.506,0.1302
"2672",0.0390625,0.514287250198786,0.00604111468278354,0,0.451,0.043,0.506,0.1302
"2673",0.0078125,0.514287250198786,0.00604111468278354,0,0.451,0.043,0.506,0.1302
"2674",1,0.514287250198786,0.00604111468278354,0,0.451,0.043,0.506,0.1302
"2675",0.03125,0.514287250198786,0.00604111468278354,0,0.451,0.043,0.506,0.1302
"2676",0.0546875,0.514287250198786,0.00604111468278354,0,0.451,0.043,0.506,0.1302
"2677",1,0.514287250198786,0.00604111468278354,0,0.451,0.043,0.506,0.1302
"2678",1,0.514287250198786,0.00604111468278354,0,0.451,0.043,0.506,0.1302
"2679",1,0.514287250198786,0.00604111468278354,0,0.451,0.043,0.506,0.1302
"2680",1,0.514287250198786,0.00604111468278354,0,0.451,0.043,0.506,0.1302
"2681",0.0078125,0.514287250198786,0.00604111468278354,0,0.451,0.043,0.506,0.1302
"2682",1,0.514287250198786,0.00604111468278354,0,0.451,0.043,0.506,0.1302
"2683",0.02734375,0.514287250198786,0.00604111468278354,0,0.451,0.043,0.506,0.1302
"2684",0.04296875,0.514287250198786,0.00604111468278354,0,0.451,0.043,0.506,0.1302
"2685",1,0.514287250198786,0.00604111468278354,0,0.451,0.043,0.506,0.1302
"2686",0.0390625,0.514287250198786,0.00604111468278354,0,0.451,0.043,0.506,0.1302
"2687",1,0.514287250198786,0.00604111468278354,0,0.451,0.043,0.506,0.1302
"2688",1,0.514287250198786,0.00604111468278354,0,0.451,0.043,0.506,0.1302
"2689",0.5078125,0.514287250198786,0.00604111468278354,0,0.451,0.043,0.506,0.1302
"2690",0.046875,0.514287250198786,0.00604111468278354,0,0.451,0.043,0.506,0.1302
"2691",0.02734375,0.514287250198786,0.00604111468278354,0,0.451,0.043,0.506,0.1302
"2692",0.015625,0.514287250198786,0.00604111468278354,0,0.451,0.043,0.506,0.1302
"2693",0.03125,0.514287250198786,0.00604111468278354,0,0.451,0.043,0.506,0.1302
"2694",0.06640625,0.514287250198786,0.00604111468278354,0,0.451,0.043,0.506,0.1302
"2695",0.046875,0.514287250198786,0.00604111468278354,0,0.451,0.043,0.506,0.1302
"2696",1,0.514287250198786,0.00604111468278354,0,0.451,0.043,0.506,0.1302
"2697",1,0.514287250198786,0.00604111468278354,0,0.451,0.043,0.506,0.1302
"2698",1,0.514287250198786,0.00604111468278354,0,0.451,0.043,0.506,0.1302
"2699",0,0.514287250198786,0.00604111468278354,0,0.451,0.043,0.506,0.1302
"2700",0.03515625,0.514287250198786,0.00604111468278354,0,0.451,0.043,0.506,0.1302
"2701",1,0.514287250198786,0.00604111468278354,0,0.451,0.043,0.506,0.1302
"2702",1,0.514287250198786,0.00604111468278354,0,0.451,0.043,0.506,0.1302
"2703",0.00390625,0.514287250198786,0.00604111468278354,0,0.451,0.043,0.506,0.1302
"2704",0.0078125,0.514287250198786,0.00604111468278354,0,0.451,0.043,0.506,0.1302
"2705",0.03515625,0.514287250198786,0.00604111468278354,0,0.451,0.043,0.506,0.1302
"2706",1,0.514287250198786,0.00604111468278354,0,0.451,0.043,0.506,0.1302
"2707",0.015625,0.514287250198786,0.00604111468278354,0,0.451,0.043,0.506,0.1302
"2708",1,0.514287250198786,0.00604111468278354,0,0.451,0.043,0.506,0.1302
"2709",0.140625,0.514287250198786,0.00604111468278354,0,0.451,0.043,0.506,0.1302
"2710",1,0.514287250198786,0.00604111468278354,0,0.451,0.043,0.506,0.1302
"2711",0.00390625,0.514287250198786,0.00604111468278354,0,0.451,0.043,0.506,0.1302
"2712",0.0078125,0.514287250198786,0.00604111468278354,0,0.451,0.043,0.506,0.1302
"2713",0.07421875,0.514287250198786,0.00604111468278354,0,0.451,0.043,0.506,0.1302
"2714",1,0.514287250198786,0.00604111468278354,0,0.451,0.043,0.506,0.1302
"2715",1,0.514287250198786,0.00604111468278354,0,0.451,0.043,0.506,0.1302
"2716",0.00390625,0.514287250198786,0.00604111468278354,0,0.451,0.043,0.506,0.1302
"2717",1,0.514287250198786,0.00604111468278354,0,0.451,0.043,0.506,0.1302
"2718",0.09765625,0.514287250198786,0.00604111468278354,0,0.451,0.043,0.506,0.1302
"2719",1,0.514287250198786,0.00604111468278354,0,0.451,0.043,0.506,0.1302
"2720",1,0.514287250198786,0.00604111468278354,0,0.451,0.043,0.506,0.1302
"2721",0.109375,0.514287250198786,0.00604111468278354,0,0.451,0.043,0.506,0.1302
"2722",1,0.514287250198786,0.00604111468278354,0,0.451,0.043,0.506,0.1302
"2723",0.0234375,0.514287250198786,0.00604111468278354,0,0.451,0.043,0.506,0.1302
"2724",0.015625,0.514287250198786,0.00604111468278354,0,0.451,0.043,0.506,0.1302
"2725",1,0.514287250198786,0.00604111468278354,0,0.451,0.043,0.506,0.1302
"2726",1,0.514287250198786,0.00604111468278354,0,0.451,0.043,0.506,0.1302
"2727",1,0.514287250198786,0.00604111468278354,0,0.451,0.043,0.506,0.1302
"2728",1,0.514287250198786,0.00604111468278354,0,0.451,0.043,0.506,0.1302
"2729",0.0546875,0.514287250198786,0.00604111468278354,0,0.451,0.043,0.506,0.1302
"2730",1,0.514287250198786,0.00604111468278354,0,0.451,0.043,0.506,0.1302
"2731",1,0.514287250198786,0.00604111468278354,0,0.451,0.043,0.506,0.1302
"2732",1,0.514287250198786,0.00604111468278354,0,0.451,0.043,0.506,0.1302
"2733",1,0.514287250198786,0.00604111468278354,0,0.451,0.043,0.506,0.1302
"2734",1,0.514287250198786,0.00604111468278354,0,0.451,0.043,0.506,0.1302
"2735",0.1015625,0.514287250198786,0.00604111468278354,0,0.451,0.043,0.506,0.1302
"2736",1,0.514287250198786,0.00604111468278354,0,0.451,0.043,0.506,0.1302
"2737",1,0.514287250198786,0.00604111468278354,0,0.451,0.043,0.506,0.1302
"2738",1,0.514287250198786,0.00604111468278354,0,0.451,0.043,0.506,0.1302
"2739",1,0.514287250198786,0.00604111468278354,0,0.451,0.043,0.506,0.1302
"2740",0.17578125,0.514287250198786,0.00604111468278354,0,0.451,0.043,0.506,0.1302
"2741",1,0.514287250198786,0.00604111468278354,0,0.451,0.043,0.506,0.1302
"2742",0.0078125,0.514287250198786,0.00604111468278354,0,0.451,0.043,0.506,0.1302
"2743",1,0.514287250198786,0.00604111468278354,0,0.451,0.043,0.506,0.1302
"2744",1,0.514287250198786,0.00604111468278354,0,0.451,0.043,0.506,0.1302
"2745",1,0.514287250198786,0.00604111468278354,0,0.451,0.043,0.506,0.1302
"2746",1,0.514287250198786,0.00604111468278354,0,0.451,0.043,0.506,0.1302
"2747",1,0.514287250198786,0.00604111468278354,0,0.451,0.043,0.506,0.1302
"2748",0.03125,0.514287250198786,0.00604111468278354,0,0.451,0.043,0.506,0.1302
"2749",0.046875,0.514287250198786,0.00604111468278354,0,0.451,0.043,0.506,0.1302
"2750",0.03515625,0.514287250198786,0.00604111468278354,0,0.451,0.043,0.506,0.1302
"2751",1,0.514287250198786,0.00604111468278354,0,0.451,0.043,0.506,0.1302
"2752",0.02734375,0.514287250198786,0.00604111468278354,0,0.451,0.043,0.506,0.1302
"2753",1,0.514287250198786,0.00604111468278354,0,0.451,0.043,0.506,0.1302
"2754",1,0.514287250198786,0.00604111468278354,0,0.451,0.043,0.506,0.1302
"2755",1,0.514287250198786,0.00604111468278354,0,0.451,0.043,0.506,0.1302
"2756",1,0.514287250198786,0.00604111468278354,0,0.451,0.043,0.506,0.1302
"2757",0.0546875,0.514287250198786,0.00604111468278354,0,0.451,0.043,0.506,0.1302
"2758",0.11328125,0.514287250198786,0.00604111468278354,0,0.451,0.043,0.506,0.1302
"2759",0.08203125,0.514287250198786,0.00604111468278354,0,0.451,0.043,0.506,0.1302
"2760",0.01953125,0.514287250198786,0.00604111468278354,0,0.451,0.043,0.506,0.1302
"2761",0.09375,0.514287250198786,0.00604111468278354,0,0.451,0.043,0.506,0.1302
"2762",1,0.514287250198786,0.00604111468278354,0,0.451,0.043,0.506,0.1302
"2763",1,0.514287250198786,0.00604111468278354,0,0.451,0.043,0.506,0.1302
"2764",0.19921875,0.514287250198786,0.00604111468278354,0,0.451,0.043,0.506,0.1302
"2765",0.03515625,0.514287250198786,0.00604111468278354,0,0.451,0.043,0.506,0.1302
"2766",1,0.514287250198786,0.00604111468278354,0,0.451,0.043,0.506,0.1302
"2767",1,0.514287250198786,0.00604111468278354,0,0.451,0.043,0.506,0.1302
"2768",1,0.514287250198786,0.00604111468278354,0,0.451,0.043,0.506,0.1302
"2769",0.01953125,0.514287250198786,0.00604111468278354,0,0.451,0.043,0.506,0.1302
"2770",1,0.514287250198786,0.00604111468278354,0,0.451,0.043,0.506,0.1302
"2771",0.0703125,0.514287250198786,0.00604111468278354,0,0.451,0.043,0.506,0.1302
"2772",1,0.514287250198786,0.00604111468278354,0,0.451,0.043,0.506,0.1302
"2773",0.06640625,0.514287250198786,0.00604111468278354,0,0.451,0.043,0.506,0.1302
"2774",1,0.514287250198786,0.00604111468278354,0,0.451,0.043,0.506,0.1302
"2775",0.02734375,0.514287250198786,0.00604111468278354,0,0.451,0.043,0.506,0.1302
"2776",1,0.514287250198786,0.00604111468278354,0,0.451,0.043,0.506,0.1302
"2777",0.12890625,0.514287250198786,0.00604111468278354,0,0.451,0.043,0.506,0.1302
"2778",0.12890625,0.514287250198786,0.00604111468278354,0,0.451,0.043,0.506,0.1302
"2779",1,0.514287250198786,0.00604111468278354,0,0.451,0.043,0.506,0.1302
"2780",1,0.514287250198786,0.00604111468278354,0,0.451,0.043,0.506,0.1302
"2781",1,0.514287250198786,0.00604111468278354,0,0.451,0.043,0.506,0.1302
"2782",0.015625,0.514287250198786,0.00604111468278354,0,0.451,0.043,0.506,0.1302
"2783",1,0.514287250198786,0.00604111468278354,0,0.451,0.043,0.506,0.1302
"2784",0.015625,0.514287250198786,0.00604111468278354,0,0.451,0.043,0.506,0.1302
"2785",1,0.514287250198786,0.00604111468278354,0,0.451,0.043,0.506,0.1302
"2786",0.0234375,0.514287250198786,0.00604111468278354,0,0.451,0.043,0.506,0.1302
"2787",1,0.514287250198786,0.00604111468278354,0,0.451,0.043,0.506,0.1302
"2788",0.01171875,0.514287250198786,0.00604111468278354,0,0.451,0.043,0.506,0.1302
"2789",1,0.514287250198786,0.00604111468278354,0,0.451,0.043,0.506,0.1302
"2790",1,0.514287250198786,0.00604111468278354,0,0.451,0.043,0.506,0.1302
"2791",0.01953125,0.514287250198786,0.00604111468278354,0,0.451,0.043,0.506,0.1302
"2792",1,0.514287250198786,0.00604111468278354,0,0.451,0.043,0.506,0.1302
"2793",0.01171875,0.514287250198786,0.00604111468278354,0,0.451,0.043,0.506,0.1302
"2794",0.01953125,0.514287250198786,0.00604111468278354,0,0.451,0.043,0.506,0.1302
"2795",0.0078125,0.514287250198786,0.00604111468278354,0,0.451,0.043,0.506,0.1302
"2796",1,0.514287250198786,0.00604111468278354,0,0.451,0.043,0.506,0.1302
"2797",0.015625,0.514287250198786,0.00604111468278354,0,0.451,0.043,0.506,0.1302
"2798",1,0.514287250198786,0.00604111468278354,0,0.451,0.043,0.506,0.1302
"2799",1,0.514287250198786,0.00604111468278354,0,0.451,0.043,0.506,0.1302
"2800",0.0078125,0.514287250198786,0.00604111468278354,0,0.451,0.043,0.506,0.1302
"2801",1,0.514287250198786,0.00604111468278354,0,0.451,0.043,0.506,0.1302
"2802",0.0078125,0.514287250198786,0.00604111468278354,0,0.451,0.043,0.506,0.1302
"2803",0.05078125,0.514287250198786,0.00604111468278354,0,0.451,0.043,0.506,0.1302
"2804",1,0.514287250198786,0.00604111468278354,0,0.451,0.043,0.506,0.1302
"2805",0,0.514287250198786,0.00604111468278354,0,0.451,0.043,0.506,0.1302
"2806",0.0078125,0.514287250198786,0.00604111468278354,0,0.451,0.043,0.506,0.1302
"2807",1,0.514287250198786,0.00604111468278354,0,0.451,0.043,0.506,0.1302
"2808",0.01953125,0.514287250198786,0.00604111468278354,0,0.451,0.043,0.506,0.1302
"2809",0.51953125,0.514287250198786,0.00604111468278354,0,0.451,0.043,0.506,0.1302
"2810",1,0.514287250198786,0.00604111468278354,0,0.451,0.043,0.506,0.1302
"2811",0.03515625,0.514287250198786,0.00604111468278354,0,0.451,0.043,0.506,0.1302
"2812",0.01171875,0.514287250198786,0.00604111468278354,0,0.451,0.043,0.506,0.1302
"2813",1,0.514287250198786,0.00604111468278354,0,0.451,0.043,0.506,0.1302
"2814",1,0.514287250198786,0.00604111468278354,0,0.451,0.043,0.506,0.1302
"2815",0.00390625,0.514287250198786,0.00604111468278354,0,0.451,0.043,0.506,0.1302
"2816",1,0.514287250198786,0.00604111468278354,0,0.451,0.043,0.506,0.1302
"2817",1,0.514287250198786,0.00604111468278354,0,0.451,0.043,0.506,0.1302
"2818",0.09375,0.514287250198786,0.00604111468278354,0,0.451,0.043,0.506,0.1302
"2819",0.1328125,0.514287250198786,0.00604111468278354,0,0.451,0.043,0.506,0.1302
"2820",0.00390625,0.514287250198786,0.00604111468278354,0,0.451,0.043,0.506,0.1302
"2821",1,0.514287250198786,0.00604111468278354,0,0.451,0.043,0.506,0.1302
"2822",0,0.514287250198786,0.00604111468278354,0,0.451,0.043,0.506,0.1302
"2823",1,0.514287250198786,0.00604111468278354,0,0.451,0.043,0.506,0.1302
"2824",0,0.514287250198786,0.00604111468278354,0,0.451,0.043,0.506,0.1302
"2825",1,0.514287250198786,0.00604111468278354,0,0.451,0.043,0.506,0.1302
"2826",1,0.514287250198786,0.00604111468278354,0,0.451,0.043,0.506,0.1302
"2827",0.00390625,0.514287250198786,0.00604111468278354,0,0.451,0.043,0.506,0.1302
"2828",1,0.514287250198786,0.00604111468278354,0,0.451,0.043,0.506,0.1302
"2829",0.00390625,0.514287250198786,0.00604111468278354,0,0.451,0.043,0.506,0.1302
"2830",0.0234375,0.514287250198786,0.00604111468278354,0,0.451,0.043,0.506,0.1302
"2831",1,0.514287250198786,0.00604111468278354,0,0.451,0.043,0.506,0.1302
"2832",1,0.514287250198786,0.00604111468278354,0,0.451,0.043,0.506,0.1302
"2833",0.00390625,0.514287250198786,0.00604111468278354,0,0.451,0.043,0.506,0.1302
"2834",0.0390625,0.514287250198786,0.00604111468278354,0,0.451,0.043,0.506,0.1302
"2835",1,0.514287250198786,0.00604111468278354,0,0.451,0.043,0.506,0.1302
"2836",1,0.514287250198786,0.00604111468278354,0,0.451,0.043,0.506,0.1302
"2837",0.01171875,0.514287250198786,0.00604111468278354,0,0.451,0.043,0.506,0.1302
"2838",1,0.514287250198786,0.00604111468278354,0,0.451,0.043,0.506,0.1302
"2839",0.03515625,0.514287250198786,0.00604111468278354,0,0.451,0.043,0.506,0.1302
"2840",1,0.514287250198786,0.00604111468278354,0,0.451,0.043,0.506,0.1302
"2841",0.0078125,0.514287250198786,0.00604111468278354,0,0.451,0.043,0.506,0.1302
"2842",0.0546875,0.514287250198786,0.00604111468278354,0,0.451,0.043,0.506,0.1302
"2843",1,0.514287250198786,0.00604111468278354,0,0.451,0.043,0.506,0.1302
"2844",1,0.514287250198786,0.00604111468278354,0,0.451,0.043,0.506,0.1302
"2845",0.078125,0.514287250198786,0.00604111468278354,0,0.451,0.043,0.506,0.1302
"2846",0.0390625,0.514287250198786,0.00604111468278354,0,0.451,0.043,0.506,0.1302
"2847",0.07421875,0.514287250198786,0.00604111468278354,0,0.451,0.043,0.506,0.1302
"2848",1,0.514287250198786,0.00604111468278354,0,0.451,0.043,0.506,0.1302
"2849",0.0390625,0.514287250198786,0.00604111468278354,0,0.451,0.043,0.506,0.1302
"2850",0.00390625,0.514287250198786,0.00604111468278354,0,0.451,0.043,0.506,0.1302
"2851",0.015625,0.514287250198786,0.00604111468278354,0,0.451,0.043,0.506,0.1302
"2852",1,0.514287250198786,0.00604111468278354,0,0.451,0.043,0.506,0.1302
"2853",0.12890625,0.514287250198786,0.00604111468278354,0,0.451,0.043,0.506,0.1302
"2854",1,0.514287250198786,0.00604111468278354,0,0.451,0.043,0.506,0.1302
"2855",1,0.514287250198786,0.00604111468278354,0,0.451,0.043,0.506,0.1302
"2856",0.0234375,0.514287250198786,0.00604111468278354,0,0.451,0.043,0.506,0.1302
"2857",1,0.514287250198786,0.00604111468278354,0,0.451,0.043,0.506,0.1302
"2858",0.03125,0.514287250198786,0.00604111468278354,0,0.451,0.043,0.506,0.1302
"2859",1,0.514287250198786,0.00604111468278354,0,0.451,0.043,0.506,0.1302
"2860",1,0.514287250198786,0.00604111468278354,0,0.451,0.043,0.506,0.1302
"2861",0.01953125,0.514287250198786,0.00604111468278354,0,0.451,0.043,0.506,0.1302
"2862",0.046875,0.514287250198786,0.00604111468278354,0,0.451,0.043,0.506,0.1302
"2863",0.015625,0.514287250198786,0.00604111468278354,0,0.451,0.043,0.506,0.1302
"2864",1,0.514287250198786,0.00604111468278354,0,0.451,0.043,0.506,0.1302
"2865",0.0859375,0.514287250198786,0.00604111468278354,0,0.451,0.043,0.506,0.1302
"2866",0.01171875,0.514287250198786,0.00604111468278354,0,0.451,0.043,0.506,0.1302
"2867",1,0.514287250198786,0.00604111468278354,0,0.451,0.043,0.506,0.1302
"2868",1,0.514287250198786,0.00604111468278354,0,0.451,0.043,0.506,0.1302
"2869",1,0.514287250198786,0.00604111468278354,0,0.451,0.043,0.506,0.1302
"2870",1,0.514287250198786,0.00604111468278354,0,0.451,0.043,0.506,0.1302
"2871",0.0078125,0.514287250198786,0.00604111468278354,0,0.451,0.043,0.506,0.1302
"2872",0.0234375,0.514287250198786,0.00604111468278354,0,0.451,0.043,0.506,0.1302
"2873",0.05859375,0.514287250198786,0.00604111468278354,0,0.451,0.043,0.506,0.1302
"2874",0.0234375,0.514287250198786,0.00604111468278354,0,0.451,0.043,0.506,0.1302
"2875",1,0.514287250198786,0.00604111468278354,0,0.451,0.043,0.506,0.1302
"2876",1,0.514287250198786,0.00604111468278354,0,0.451,0.043,0.506,0.1302
"2877",1,0.514287250198786,0.00604111468278354,0,0.451,0.043,0.506,0.1302
"2878",1,0.514287250198786,0.00604111468278354,0,0.451,0.043,0.506,0.1302
"2879",0.00390625,0.514287250198786,0.00604111468278354,0,0.451,0.043,0.506,0.1302
"2880",1,0.514287250198786,0.00604111468278354,0,0.451,0.043,0.506,0.1302
"2881",0.0546875,0.514287250198786,0.00604111468278354,0,0.451,0.043,0.506,0.1302
"2882",0.02734375,0.514287250198786,0.00604111468278354,0,0.451,0.043,0.506,0.1302
"2883",0.015625,0.514287250198786,0.00604111468278354,0,0.451,0.043,0.506,0.1302
"2884",0.08203125,0.514287250198786,0.00604111468278354,0,0.451,0.043,0.506,0.1302
"2885",0.01953125,0.514287250198786,0.00604111468278354,0,0.451,0.043,0.506,0.1302
"2886",0.04296875,0.514287250198786,0.00604111468278354,0,0.451,0.043,0.506,0.1302
"2887",1,0.514287250198786,0.00604111468278354,0,0.451,0.043,0.506,0.1302
"2888",0.03125,0.514287250198786,0.00604111468278354,0,0.451,0.043,0.506,0.1302
"2889",0.0390625,0.514287250198786,0.00604111468278354,0,0.451,0.043,0.506,0.1302
"2890",0.03515625,0.514287250198786,0.00604111468278354,0,0.451,0.043,0.506,0.1302
"2891",1,0.514287250198786,0.00604111468278354,0,0.451,0.043,0.506,0.1302
"2892",1,0.514287250198786,0.00604111468278354,0,0.451,0.043,0.506,0.1302
"2893",1,0.514287250198786,0.00604111468278354,0,0.451,0.043,0.506,0.1302
"2894",1,0.514287250198786,0.00604111468278354,0,0.451,0.043,0.506,0.1302
"2895",0.03515625,0.514287250198786,0.00604111468278354,0,0.451,0.043,0.506,0.1302
"2896",1,0.514287250198786,0.00604111468278354,0,0.451,0.043,0.506,0.1302
"2897",1,0.514287250198786,0.00604111468278354,0,0.451,0.043,0.506,0.1302
"2898",1,0.514287250198786,0.00604111468278354,0,0.451,0.043,0.506,0.1302
"2899",0.08203125,0.514287250198786,0.00604111468278354,0,0.451,0.043,0.506,0.1302
"2900",0.05078125,0.514287250198786,0.00604111468278354,0,0.451,0.043,0.506,0.1302
"2901",1,0.514287250198786,0.00604111468278354,0,0.451,0.043,0.506,0.1302
"2902",1,0.514287250198786,0.00604111468278354,0,0.451,0.043,0.506,0.1302
"2903",0.01953125,0.514287250198786,0.00604111468278354,0,0.451,0.043,0.506,0.1302
"2904",1,0.514287250198786,0.00604111468278354,0,0.451,0.043,0.506,0.1302
"2905",0.1875,0.514287250198786,0.00604111468278354,0,0.451,0.043,0.506,0.1302
"2906",0.0078125,0.514287250198786,0.00604111468278354,0,0.451,0.043,0.506,0.1302
"2907",0.03125,0.514287250198786,0.00604111468278354,0,0.451,0.043,0.506,0.1302
"2908",1,0.514287250198786,0.00604111468278354,0,0.451,0.043,0.506,0.1302
"2909",1,0.514287250198786,0.00604111468278354,0,0.451,0.043,0.506,0.1302
"2910",1,0.514287250198786,0.00604111468278354,0,0.451,0.043,0.506,0.1302
"2911",0,0.514287250198786,0.00604111468278354,0,0.451,0.043,0.506,0.1302
"2912",1,0.514287250198786,0.00604111468278354,0,0.451,0.043,0.506,0.1302
"2913",0.03515625,0.514287250198786,0.00604111468278354,0,0.451,0.043,0.506,0.1302
"2914",1,0.514287250198786,0.00604111468278354,0,0.451,0.043,0.506,0.1302
"2915",0.07421875,0.514287250198786,0.00604111468278354,0,0.451,0.043,0.506,0.1302
"2916",1,0.514287250198786,0.00604111468278354,0,0.451,0.043,0.506,0.1302
"2917",0.0078125,0.514287250198786,0.00604111468278354,0,0.451,0.043,0.506,0.1302
"2918",0.0390625,0.514287250198786,0.00604111468278354,0,0.451,0.043,0.506,0.1302
"2919",1,0.514287250198786,0.00604111468278354,0,0.451,0.043,0.506,0.1302
"2920",0.125,0.514287250198786,0.00604111468278354,0,0.451,0.043,0.506,0.1302
"2921",0.01953125,0.514287250198786,0.00604111468278354,0,0.451,0.043,0.506,0.1302
"2922",0.01953125,0.514287250198786,0.00604111468278354,0,0.451,0.043,0.506,0.1302
"2923",0.03125,0.514287250198786,0.00604111468278354,0,0.451,0.043,0.506,0.1302
"2924",0.015625,0.514287250198786,0.00604111468278354,0,0.451,0.043,0.506,0.1302
"2925",1,0.514287250198786,0.00604111468278354,0,0.451,0.043,0.506,0.1302
"2926",0.015625,0.514287250198786,0.00604111468278354,0,0.451,0.043,0.506,0.1302
"2927",0.0078125,0.514287250198786,0.00604111468278354,0,0.451,0.043,0.506,0.1302
"2928",1,0.514287250198786,0.00604111468278354,0,0.451,0.043,0.506,0.1302
"2929",0.0625,0.514287250198786,0.00604111468278354,0,0.451,0.043,0.506,0.1302
"2930",1,0.514287250198786,0.00604111468278354,0,0.451,0.043,0.506,0.1302
"2931",1,0.514287250198786,0.00604111468278354,0,0.451,0.043,0.506,0.1302
"2932",0.5078125,0.514287250198786,0.00604111468278354,0,0.451,0.043,0.506,0.1302
"2933",1,0.514287250198786,0.00604111468278354,0,0.451,0.043,0.506,0.1302
"2934",0.00390625,0.514287250198786,0.00604111468278354,0,0.451,0.043,0.506,0.1302
"2935",1,0.514287250198786,0.00604111468278354,0,0.451,0.043,0.506,0.1302
"2936",1,0.514287250198786,0.00604111468278354,0,0.451,0.043,0.506,0.1302
"2937",1,0.514287250198786,0.00604111468278354,0,0.451,0.043,0.506,0.1302
"2938",0.13671875,0.514287250198786,0.00604111468278354,0,0.451,0.043,0.506,0.1302
"2939",0.03515625,0.514287250198786,0.00604111468278354,0,0.451,0.043,0.506,0.1302
"2940",1,0.514287250198786,0.00604111468278354,0,0.451,0.043,0.506,0.1302
"2941",1,0.514287250198786,0.00604111468278354,0,0.451,0.043,0.506,0.1302
"2942",1,0.514287250198786,0.00604111468278354,0,0.451,0.043,0.506,0.1302
"2943",0.0390625,0.514287250198786,0.00604111468278354,0,0.451,0.043,0.506,0.1302
"2944",1,0.514287250198786,0.00604111468278354,0,0.451,0.043,0.506,0.1302
"2945",0.05859375,0.514287250198786,0.00604111468278354,0,0.451,0.043,0.506,0.1302
"2946",0.02734375,0.514287250198786,0.00604111468278354,0,0.451,0.043,0.506,0.1302
"2947",0,0.514287250198786,0.00604111468278354,0,0.451,0.043,0.506,0.1302
"2948",0.078125,0.514287250198786,0.00604111468278354,0,0.451,0.043,0.506,0.1302
"2949",1,0.514287250198786,0.00604111468278354,0,0.451,0.043,0.506,0.1302
"2950",1,0.514287250198786,0.00604111468278354,0,0.451,0.043,0.506,0.1302
"2951",1,0.514287250198786,0.00604111468278354,0,0.451,0.043,0.506,0.1302
"2952",0.0078125,0.514287250198786,0.00604111468278354,0,0.451,0.043,0.506,0.1302
"2953",0.01171875,0.514287250198786,0.00604111468278354,0,0.451,0.043,0.506,0.1302
"2954",0.05078125,0.514287250198786,0.00604111468278354,0,0.451,0.043,0.506,0.1302
"2955",1,0.514287250198786,0.00604111468278354,0,0.451,0.043,0.506,0.1302
"2956",1,0.514287250198786,0.00604111468278354,0,0.451,0.043,0.506,0.1302
"2957",1,0.514287250198786,0.00604111468278354,0,0.451,0.043,0.506,0.1302
"2958",1,0.514287250198786,0.00604111468278354,0,0.451,0.043,0.506,0.1302
"2959",1,0.514287250198786,0.00604111468278354,0,0.451,0.043,0.506,0.1302
"2960",1,0.514287250198786,0.00604111468278354,0,0.451,0.043,0.506,0.1302
"2961",1,0.514287250198786,0.00604111468278354,0,0.451,0.043,0.506,0.1302
"2962",1,0.514287250198786,0.00604111468278354,0,0.451,0.043,0.506,0.1302
"2963",0.01171875,0.514287250198786,0.00604111468278354,0,0.451,0.043,0.506,0.1302
"2964",1,0.514287250198786,0.00604111468278354,0,0.451,0.043,0.506,0.1302
"2965",0,0.514287250198786,0.00604111468278354,0,0.451,0.043,0.506,0.1302
"2966",0.06640625,0.514287250198786,0.00604111468278354,0,0.451,0.043,0.506,0.1302
"2967",0.09765625,0.514287250198786,0.00604111468278354,0,0.451,0.043,0.506,0.1302
"2968",1,0.514287250198786,0.00604111468278354,0,0.451,0.043,0.506,0.1302
"2969",1,0.514287250198786,0.00604111468278354,0,0.451,0.043,0.506,0.1302
"2970",1,0.514287250198786,0.00604111468278354,0,0.451,0.043,0.506,0.1302
"2971",1,0.514287250198786,0.00604111468278354,0,0.451,0.043,0.506,0.1302
"2972",0.25390625,0.514287250198786,0.00604111468278354,0,0.451,0.043,0.506,0.1302
"2973",0.00390625,0.514287250198786,0.00604111468278354,0,0.451,0.043,0.506,0.1302
"2974",1,0.514287250198786,0.00604111468278354,0,0.451,0.043,0.506,0.1302
"2975",1,0.514287250198786,0.00604111468278354,0,0.451,0.043,0.506,0.1302
"2976",1,0.514287250198786,0.00604111468278354,0,0.451,0.043,0.506,0.1302
"2977",1,0.514287250198786,0.00604111468278354,0,0.451,0.043,0.506,0.1302
"2978",1,0.514287250198786,0.00604111468278354,0,0.451,0.043,0.506,0.1302
"2979",0.140625,0.514287250198786,0.00604111468278354,0,0.451,0.043,0.506,0.1302
"2980",1,0.514287250198786,0.00604111468278354,0,0.451,0.043,0.506,0.1302
"2981",1,0.514287250198786,0.00604111468278354,0,0.451,0.043,0.506,0.1302
"2982",1,0.514287250198786,0.00604111468278354,0,0.451,0.043,0.506,0.1302
"2983",0.06640625,0.514287250198786,0.00604111468278354,0,0.451,0.043,0.506,0.1302
"2984",0.015625,0.514287250198786,0.00604111468278354,0,0.451,0.043,0.506,0.1302
"2985",1,0.514287250198786,0.00604111468278354,0,0.451,0.043,0.506,0.1302
"2986",0.125,0.514287250198786,0.00604111468278354,0,0.451,0.043,0.506,0.1302
"2987",0.09765625,0.514287250198786,0.00604111468278354,0,0.451,0.043,0.506,0.1302
"2988",1,0.514287250198786,0.00604111468278354,0,0.451,0.043,0.506,0.1302
"2989",1,0.514287250198786,0.00604111468278354,0,0.451,0.043,0.506,0.1302
"2990",0.046875,0.514287250198786,0.00604111468278354,0,0.451,0.043,0.506,0.1302
"2991",0.00390625,0.514287250198786,0.00604111468278354,0,0.451,0.043,0.506,0.1302
"2992",1,0.514287250198786,0.00604111468278354,0,0.451,0.043,0.506,0.1302
"2993",1,0.514287250198786,0.00604111468278354,0,0.451,0.043,0.506,0.1302
"2994",1,0.514287250198786,0.00604111468278354,0,0.451,0.043,0.506,0.1302
"2995",0.03515625,0.514287250198786,0.00604111468278354,0,0.451,0.043,0.506,0.1302
"2996",1,0.514287250198786,0.00604111468278354,0,0.451,0.043,0.506,0.1302
"2997",1,0.514287250198786,0.00604111468278354,0,0.451,0.043,0.506,0.1302
"2998",1,0.514287250198786,0.00604111468278354,0,0.451,0.043,0.506,0.1302
"2999",1,0.514287250198786,0.00604111468278354,0,0.451,0.043,0.506,0.1302
"3000",1,0.514287250198786,0.00604111468278354,0,0.451,0.043,0.506,0.1302
"3001",1,0.514287250198786,0.00604111468278354,0,0.451,0.043,0.506,0.1302
"3002",0.02734375,0.514287250198786,0.00604111468278354,0,0.451,0.043,0.506,0.1302
"3003",1,0.514287250198786,0.00604111468278354,0,0.451,0.043,0.506,0.1302
"3004",0.015625,0.514287250198786,0.00604111468278354,0,0.451,0.043,0.506,0.1302
"3005",0.0546875,0.514287250198786,0.00604111468278354,0,0.451,0.043,0.506,0.1302
"3006",0.01171875,0.514287250198786,0.00604111468278354,0,0.451,0.043,0.506,0.1302
"3007",1,0.514287250198786,0.00604111468278354,0,0.451,0.043,0.506,0.1302
"3008",0.01953125,0.514287250198786,0.00604111468278354,0,0.451,0.043,0.506,0.1302
"3009",1,0.514287250198786,0.00604111468278354,0,0.451,0.043,0.506,0.1302
"3010",1,0.514287250198786,0.00604111468278354,0,0.451,0.043,0.506,0.1302
"3011",1,0.514287250198786,0.00604111468278354,0,0.451,0.043,0.506,0.1302
"3012",1,0.514287250198786,0.00604111468278354,0,0.451,0.043,0.506,0.1302
"3013",0.0078125,0.514287250198786,0.00604111468278354,0,0.451,0.043,0.506,0.1302
"3014",1,0.514287250198786,0.00604111468278354,0,0.451,0.043,0.506,0.1302
"3015",1,0.514287250198786,0.00604111468278354,0,0.451,0.043,0.506,0.1302
"3016",1,0.514287250198786,0.00604111468278354,0,0.451,0.043,0.506,0.1302
"3017",0.01171875,0.514287250198786,0.00604111468278354,0,0.451,0.043,0.506,0.1302
"3018",1,0.514287250198786,0.00604111468278354,0,0.451,0.043,0.506,0.1302
"3019",1,0.514287250198786,0.00604111468278354,0,0.451,0.043,0.506,0.1302
"3020",1,0.514287250198786,0.00604111468278354,0,0.451,0.043,0.506,0.1302
"3021",0.0078125,0.514287250198786,0.00604111468278354,0,0.451,0.043,0.506,0.1302
"3022",0.0390625,0.514287250198786,0.00604111468278354,0,0.451,0.043,0.506,0.1302
"3023",1,0.514287250198786,0.00604111468278354,0,0.451,0.043,0.506,0.1302
"3024",1,0.514287250198786,0.00604111468278354,0,0.451,0.043,0.506,0.1302
"3025",0.01171875,0.514287250198786,0.00604111468278354,0,0.451,0.043,0.506,0.1302
"3026",1,0.514287250198786,0.00604111468278354,0,0.451,0.043,0.506,0.1302
"3027",1,0.514287250198786,0.00604111468278354,0,0.451,0.043,0.506,0.1302
"3028",1,0.514287250198786,0.00604111468278354,0,0.451,0.043,0.506,0.1302
"3029",0.03125,0.514287250198786,0.00604111468278354,0,0.451,0.043,0.506,0.1302
"3030",1,0.514287250198786,0.00604111468278354,0,0.451,0.043,0.506,0.1302
"3031",1,0.514287250198786,0.00604111468278354,0,0.451,0.043,0.506,0.1302
"3032",1,0.514287250198786,0.00604111468278354,0,0.451,0.043,0.506,0.1302
"3033",0.19140625,0.514287250198786,0.00604111468278354,0,0.451,0.043,0.506,0.1302
"3034",1,0.514287250198786,0.00604111468278354,0,0.451,0.043,0.506,0.1302
"3035",0.02734375,0.514287250198786,0.00604111468278354,0,0.451,0.043,0.506,0.1302
"3036",1,0.514287250198786,0.00604111468278354,0,0.451,0.043,0.506,0.1302
"3037",0.04296875,0.514287250198786,0.00604111468278354,0,0.451,0.043,0.506,0.1302
"3038",1,0.514287250198786,0.00604111468278354,0,0.451,0.043,0.506,0.1302
"3039",0.0078125,0.514287250198786,0.00604111468278354,0,0.451,0.043,0.506,0.1302
"3040",1,0.514287250198786,0.00604111468278354,0,0.451,0.043,0.506,0.1302
"3041",1,0.514287250198786,0.00604111468278354,0,0.451,0.043,0.506,0.1302
"3042",0.5234375,0.514287250198786,0.00604111468278354,0,0.451,0.043,0.506,0.1302
"3043",0.0078125,0.514287250198786,0.00604111468278354,0,0.451,0.043,0.506,0.1302
"3044",1,0.514287250198786,0.00604111468278354,0,0.451,0.043,0.506,0.1302
"3045",1,0.514287250198786,0.00604111468278354,0,0.451,0.043,0.506,0.1302
"3046",0.1171875,0.514287250198786,0.00604111468278354,0,0.451,0.043,0.506,0.1302
"3047",1,0.514287250198786,0.00604111468278354,0,0.451,0.043,0.506,0.1302
"3048",0.02734375,0.514287250198786,0.00604111468278354,0,0.451,0.043,0.506,0.1302
"3049",1,0.514287250198786,0.00604111468278354,0,0.451,0.043,0.506,0.1302
"3050",1,0.514287250198786,0.00604111468278354,0,0.451,0.043,0.506,0.1302
"3051",0.140625,0.514287250198786,0.00604111468278354,0,0.451,0.043,0.506,0.1302
"3052",1,0.514287250198786,0.00604111468278354,0,0.451,0.043,0.506,0.1302
"3053",0.02734375,0.514287250198786,0.00604111468278354,0,0.451,0.043,0.506,0.1302
"3054",1,0.514287250198786,0.00604111468278354,0,0.451,0.043,0.506,0.1302
"3055",1,0.514287250198786,0.00604111468278354,0,0.451,0.043,0.506,0.1302
"3056",0.05078125,0.514287250198786,0.00604111468278354,0,0.451,0.043,0.506,0.1302
"3057",1,0.514287250198786,0.00604111468278354,0,0.451,0.043,0.506,0.1302
"3058",1,0.514287250198786,0.00604111468278354,0,0.451,0.043,0.506,0.1302
"3059",0.03125,0.514287250198786,0.00604111468278354,0,0.451,0.043,0.506,0.1302
"3060",0.01953125,0.514287250198786,0.00604111468278354,0,0.451,0.043,0.506,0.1302
"3061",1,0.514287250198786,0.00604111468278354,0,0.451,0.043,0.506,0.1302
"3062",1,0.514287250198786,0.00604111468278354,0,0.451,0.043,0.506,0.1302
"3063",1,0.514287250198786,0.00604111468278354,0,0.451,0.043,0.506,0.1302
"3064",0.5078125,0.514287250198786,0.00604111468278354,0,0.451,0.043,0.506,0.1302
"3065",0.03515625,0.514287250198786,0.00604111468278354,0,0.451,0.043,0.506,0.1302
"3066",1,0.514287250198786,0.00604111468278354,0,0.451,0.043,0.506,0.1302
"3067",1,0.514287250198786,0.00604111468278354,0,0.451,0.043,0.506,0.1302
"3068",0.01171875,0.514287250198786,0.00604111468278354,0,0.451,0.043,0.506,0.1302
"3069",0.015625,0.514287250198786,0.00604111468278354,0,0.451,0.043,0.506,0.1302
"3070",1,0.514287250198786,0.00604111468278354,0,0.451,0.043,0.506,0.1302
"3071",1,0.514287250198786,0.00604111468278354,0,0.451,0.043,0.506,0.1302
"3072",1,0.514287250198786,0.00604111468278354,0,0.451,0.043,0.506,0.1302
"3073",0.03515625,0.514287250198786,0.00604111468278354,0,0.451,0.043,0.506,0.1302
"3074",1,0.514287250198786,0.00604111468278354,0,0.451,0.043,0.506,0.1302
"3075",0.07421875,0.514287250198786,0.00604111468278354,0,0.451,0.043,0.506,0.1302
"3076",1,0.514287250198786,0.00604111468278354,0,0.451,0.043,0.506,0.1302
"3077",0.0078125,0.514287250198786,0.00604111468278354,0,0.451,0.043,0.506,0.1302
"3078",1,0.514287250198786,0.00604111468278354,0,0.451,0.043,0.506,0.1302
"3079",1,0.514287250198786,0.00604111468278354,0,0.451,0.043,0.506,0.1302
"3080",0.03515625,0.514287250198786,0.00604111468278354,0,0.451,0.043,0.506,0.1302
"3081",1,0.514287250198786,0.00604111468278354,0,0.451,0.043,0.506,0.1302
"3082",1,0.514287250198786,0.00604111468278354,0,0.451,0.043,0.506,0.1302
"3083",0.0078125,0.514287250198786,0.00604111468278354,0,0.451,0.043,0.506,0.1302
"3084",0.01953125,0.514287250198786,0.00604111468278354,0,0.451,0.043,0.506,0.1302
"3085",1,0.514287250198786,0.00604111468278354,0,0.451,0.043,0.506,0.1302
"3086",1,0.514287250198786,0.00604111468278354,0,0.451,0.043,0.506,0.1302
"3087",0,0.514287250198786,0.00604111468278354,0,0.451,0.043,0.506,0.1302
"3088",1,0.514287250198786,0.00604111468278354,0,0.451,0.043,0.506,0.1302
"3089",0.0703125,0.514287250198786,0.00604111468278354,0,0.451,0.043,0.506,0.1302
"3090",0.01953125,0.514287250198786,0.00604111468278354,0,0.451,0.043,0.506,0.1302
"3091",1,0.514287250198786,0.00604111468278354,0,0.451,0.043,0.506,0.1302
"3092",0.01953125,0.514287250198786,0.00604111468278354,0,0.451,0.043,0.506,0.1302
"3093",0.00390625,0.514287250198786,0.00604111468278354,0,0.451,0.043,0.506,0.1302
"3094",1,0.514287250198786,0.00604111468278354,0,0.451,0.043,0.506,0.1302
"3095",1,0.514287250198786,0.00604111468278354,0,0.451,0.043,0.506,0.1302
"3096",0.01953125,0.514287250198786,0.00604111468278354,0,0.451,0.043,0.506,0.1302
"3097",0.0078125,0.514287250198786,0.00604111468278354,0,0.451,0.043,0.506,0.1302
"3098",1,0.514287250198786,0.00604111468278354,0,0.451,0.043,0.506,0.1302
"3099",0.0390625,0.514287250198786,0.00604111468278354,0,0.451,0.043,0.506,0.1302
"3100",0.015625,0.514287250198786,0.00604111468278354,0,0.451,0.043,0.506,0.1302
"3101",1,0.514287250198786,0.00604111468278354,0,0.451,0.043,0.506,0.1302
"3102",1,0.514287250198786,0.00604111468278354,0,0.451,0.043,0.506,0.1302
"3103",0.08203125,0.514287250198786,0.00604111468278354,0,0.451,0.043,0.506,0.1302
"3104",0.0234375,0.514287250198786,0.00604111468278354,0,0.451,0.043,0.506,0.1302
"3105",1,0.514287250198786,0.00604111468278354,0,0.451,0.043,0.506,0.1302
"3106",1,0.514287250198786,0.00604111468278354,0,0.451,0.043,0.506,0.1302
"3107",1,0.514287250198786,0.00604111468278354,0,0.451,0.043,0.506,0.1302
"3108",0,0.514287250198786,0.00604111468278354,0,0.451,0.043,0.506,0.1302
"3109",0.06640625,0.514287250198786,0.00604111468278354,0,0.451,0.043,0.506,0.1302
"3110",0.00390625,0.514287250198786,0.00604111468278354,0,0.451,0.043,0.506,0.1302
"3111",0.01171875,0.514287250198786,0.00604111468278354,0,0.451,0.043,0.506,0.1302
"3112",1,0.514287250198786,0.00604111468278354,0,0.451,0.043,0.506,0.1302
"3113",1,0.514287250198786,0.00604111468278354,0,0.451,0.043,0.506,0.1302
"3114",0.00390625,0.514287250198786,0.00604111468278354,0,0.451,0.043,0.506,0.1302
"3115",1,0.514287250198786,0.00604111468278354,0,0.451,0.043,0.506,0.1302
"3116",0.0078125,0.514287250198786,0.00604111468278354,0,0.451,0.043,0.506,0.1302
"3117",0.02734375,0.514287250198786,0.00604111468278354,0,0.451,0.043,0.506,0.1302
"3118",0.05859375,0.514287250198786,0.00604111468278354,0,0.451,0.043,0.506,0.1302
"3119",1,0.514287250198786,0.00604111468278354,0,0.451,0.043,0.506,0.1302
"3120",0.015625,0.514287250198786,0.00604111468278354,0,0.451,0.043,0.506,0.1302
"3121",1,0.514287250198786,0.00604111468278354,0,0.451,0.043,0.506,0.1302
"3122",0.0078125,0.514287250198786,0.00604111468278354,0,0.451,0.043,0.506,0.1302
"3123",1,0.514287250198786,0.00604111468278354,0,0.451,0.043,0.506,0.1302
"3124",1,0.514287250198786,0.00604111468278354,0,0.451,0.043,0.506,0.1302
"3125",1,0.514287250198786,0.00604111468278354,0,0.451,0.043,0.506,0.1302
"3126",1,0.514287250198786,0.00604111468278354,0,0.451,0.043,0.506,0.1302
"3127",0.00390625,0.514287250198786,0.00604111468278354,0,0.451,0.043,0.506,0.1302
"3128",0.0234375,0.514287250198786,0.00604111468278354,0,0.451,0.043,0.506,0.1302
"3129",1,0.514287250198786,0.00604111468278354,0,0.451,0.043,0.506,0.1302
"3130",0.0390625,0.514287250198786,0.00604111468278354,0,0.451,0.043,0.506,0.1302
"3131",0.1171875,0.514287250198786,0.00604111468278354,0,0.451,0.043,0.506,0.1302
"3132",1,0.514287250198786,0.00604111468278354,0,0.451,0.043,0.506,0.1302
"3133",0.109375,0.514287250198786,0.00604111468278354,0,0.451,0.043,0.506,0.1302
"3134",0.0078125,0.514287250198786,0.00604111468278354,0,0.451,0.043,0.506,0.1302
"3135",0.0234375,0.514287250198786,0.00604111468278354,0,0.451,0.043,0.506,0.1302
"3136",1,0.514287250198786,0.00604111468278354,0,0.451,0.043,0.506,0.1302
"3137",0.00390625,0.514287250198786,0.00604111468278354,0,0.451,0.043,0.506,0.1302
"3138",1,0.514287250198786,0.00604111468278354,0,0.451,0.043,0.506,0.1302
"3139",0.0625,0.514287250198786,0.00604111468278354,0,0.451,0.043,0.506,0.1302
"3140",0.03515625,0.514287250198786,0.00604111468278354,0,0.451,0.043,0.506,0.1302
"3141",1,0.514287250198786,0.00604111468278354,0,0.451,0.043,0.506,0.1302
"3142",1,0.514287250198786,0.00604111468278354,0,0.451,0.043,0.506,0.1302
"3143",0.03125,0.514287250198786,0.00604111468278354,0,0.451,0.043,0.506,0.1302
"3144",0.0078125,0.514287250198786,0.00604111468278354,0,0.451,0.043,0.506,0.1302
"3145",1,0.514287250198786,0.00604111468278354,0,0.451,0.043,0.506,0.1302
"3146",0.015625,0.514287250198786,0.00604111468278354,0,0.451,0.043,0.506,0.1302
"3147",1,0.514287250198786,0.00604111468278354,0,0.451,0.043,0.506,0.1302
"3148",0.00390625,0.514287250198786,0.00604111468278354,0,0.451,0.043,0.506,0.1302
"3149",1,0.514287250198786,0.00604111468278354,0,0.451,0.043,0.506,0.1302
"3150",0.07421875,0.514287250198786,0.00604111468278354,0,0.451,0.043,0.506,0.1302
"3151",0.015625,0.514287250198786,0.00604111468278354,0,0.451,0.043,0.506,0.1302
"3152",1,0.514287250198786,0.00604111468278354,0,0.451,0.043,0.506,0.1302
"3153",1,0.514287250198786,0.00604111468278354,0,0.451,0.043,0.506,0.1302
"3154",1,0.514287250198786,0.00604111468278354,0,0.451,0.043,0.506,0.1302
"3155",1,0.514287250198786,0.00604111468278354,0,0.451,0.043,0.506,0.1302
"3156",1,0.514287250198786,0.00604111468278354,0,0.451,0.043,0.506,0.1302
"3157",0,0.514287250198786,0.00604111468278354,0,0.451,0.043,0.506,0.1302
"3158",0.015625,0.514287250198786,0.00604111468278354,0,0.451,0.043,0.506,0.1302
"3159",1,0.514287250198786,0.00604111468278354,0,0.451,0.043,0.506,0.1302
"3160",1,0.514287250198786,0.00604111468278354,0,0.451,0.043,0.506,0.1302
"3161",0.01953125,0.514287250198786,0.00604111468278354,0,0.451,0.043,0.506,0.1302
"3162",0.046875,0.514287250198786,0.00604111468278354,0,0.451,0.043,0.506,0.1302
"3163",1,0.514287250198786,0.00604111468278354,0,0.451,0.043,0.506,0.1302
"3164",0.16015625,0.514287250198786,0.00604111468278354,0,0.451,0.043,0.506,0.1302
"3165",1,0.514287250198786,0.00604111468278354,0,0.451,0.043,0.506,0.1302
"3166",0.07421875,0.514287250198786,0.00604111468278354,0,0.451,0.043,0.506,0.1302
"3167",0.015625,0.514287250198786,0.00604111468278354,0,0.451,0.043,0.506,0.1302
"3168",1,0.514287250198786,0.00604111468278354,0,0.451,0.043,0.506,0.1302
"3169",1,0.514287250198786,0.00604111468278354,0,0.451,0.043,0.506,0.1302
"3170",0.0859375,0.514287250198786,0.00604111468278354,0,0.451,0.043,0.506,0.1302
"3171",0.14453125,0.514287250198786,0.00604111468278354,0,0.451,0.043,0.506,0.1302
"3172",1,0.514287250198786,0.00604111468278354,0,0.451,0.043,0.506,0.1302
"3173",1,0.514287250198786,0.00604111468278354,0,0.451,0.043,0.506,0.1302
"3174",0.05078125,0.514287250198786,0.00604111468278354,0,0.451,0.043,0.506,0.1302
"3175",1,0.514287250198786,0.00604111468278354,0,0.451,0.043,0.506,0.1302
"3176",1,0.514287250198786,0.00604111468278354,0,0.451,0.043,0.506,0.1302
"3177",0.03515625,0.514287250198786,0.00604111468278354,0,0.451,0.043,0.506,0.1302
"3178",1,0.514287250198786,0.00604111468278354,0,0.451,0.043,0.506,0.1302
"3179",1,0.514287250198786,0.00604111468278354,0,0.451,0.043,0.506,0.1302
"3180",0.03515625,0.514287250198786,0.00604111468278354,0,0.451,0.043,0.506,0.1302
"3181",0.02734375,0.514287250198786,0.00604111468278354,0,0.451,0.043,0.506,0.1302
"3182",0.01171875,0.514287250198786,0.00604111468278354,0,0.451,0.043,0.506,0.1302
"3183",1,0.514287250198786,0.00604111468278354,0,0.451,0.043,0.506,0.1302
"3184",1,0.514287250198786,0.00604111468278354,0,0.451,0.043,0.506,0.1302
"3185",1,0.514287250198786,0.00604111468278354,0,0.451,0.043,0.506,0.1302
"3186",1,0.514287250198786,0.00604111468278354,0,0.451,0.043,0.506,0.1302
"3187",1,0.514287250198786,0.00604111468278354,0,0.451,0.043,0.506,0.1302
"3188",1,0.514287250198786,0.00604111468278354,0,0.451,0.043,0.506,0.1302
"3189",0.01171875,0.514287250198786,0.00604111468278354,0,0.451,0.043,0.506,0.1302
"3190",1,0.514287250198786,0.00604111468278354,0,0.451,0.043,0.506,0.1302
"3191",0.046875,0.514287250198786,0.00604111468278354,0,0.451,0.043,0.506,0.1302
"3192",0.0625,0.514287250198786,0.00604111468278354,0,0.451,0.043,0.506,0.1302
"3193",0.0078125,0.514287250198786,0.00604111468278354,0,0.451,0.043,0.506,0.1302
"3194",0.03125,0.514287250198786,0.00604111468278354,0,0.451,0.043,0.506,0.1302
"3195",0.046875,0.514287250198786,0.00604111468278354,0,0.451,0.043,0.506,0.1302
"3196",1,0.514287250198786,0.00604111468278354,0,0.451,0.043,0.506,0.1302
"3197",1,0.514287250198786,0.00604111468278354,0,0.451,0.043,0.506,0.1302
"3198",0.01953125,0.514287250198786,0.00604111468278354,0,0.451,0.043,0.506,0.1302
"3199",1,0.514287250198786,0.00604111468278354,0,0.451,0.043,0.506,0.1302
"3200",1,0.514287250198786,0.00604111468278354,0,0.451,0.043,0.506,0.1302
"3201",0.03125,0.514287250198786,0.00604111468278354,0,0.451,0.043,0.506,0.1302
"3202",1,0.514287250198786,0.00604111468278354,0,0.451,0.043,0.506,0.1302
"3203",0.140625,0.514287250198786,0.00604111468278354,0,0.451,0.043,0.506,0.1302
"3204",1,0.514287250198786,0.00604111468278354,0,0.451,0.043,0.506,0.1302
"3205",1,0.514287250198786,0.00604111468278354,0,0.451,0.043,0.506,0.1302
"3206",1,0.514287250198786,0.00604111468278354,0,0.451,0.043,0.506,0.1302
"3207",1,0.514287250198786,0.00604111468278354,0,0.451,0.043,0.506,0.1302
"3208",0.02734375,0.514287250198786,0.00604111468278354,0,0.451,0.043,0.506,0.1302
"3209",0.03515625,0.514287250198786,0.00604111468278354,0,0.451,0.043,0.506,0.1302
"3210",0.01171875,0.514287250198786,0.00604111468278354,0,0.451,0.043,0.506,0.1302
"3211",0.12890625,0.514287250198786,0.00604111468278354,0,0.451,0.043,0.506,0.1302
"3212",1,0.514287250198786,0.00604111468278354,0,0.451,0.043,0.506,0.1302
"3213",1,0.514287250198786,0.00604111468278354,0,0.451,0.043,0.506,0.1302
"3214",1,0.514287250198786,0.00604111468278354,0,0.451,0.043,0.506,0.1302
"3215",0.0078125,0.514287250198786,0.00604111468278354,0,0.451,0.043,0.506,0.1302
"3216",0.07421875,0.514287250198786,0.00604111468278354,0,0.451,0.043,0.506,0.1302
"3217",0.0078125,0.514287250198786,0.00604111468278354,0,0.451,0.043,0.506,0.1302
"3218",1,0.514287250198786,0.00604111468278354,0,0.451,0.043,0.506,0.1302
"3219",0,0.514287250198786,0.00604111468278354,0,0.451,0.043,0.506,0.1302
"3220",0.015625,0.514287250198786,0.00604111468278354,0,0.451,0.043,0.506,0.1302
"3221",0.01171875,0.514287250198786,0.00604111468278354,0,0.451,0.043,0.506,0.1302
"3222",0.3359375,0.514287250198786,0.00604111468278354,0,0.451,0.043,0.506,0.1302
"3223",0.01953125,0.514287250198786,0.00604111468278354,0,0.451,0.043,0.506,0.1302
"3224",0.01953125,0.514287250198786,0.00604111468278354,0,0.451,0.043,0.506,0.1302
"3225",1,0.514287250198786,0.00604111468278354,0,0.451,0.043,0.506,0.1302
"3226",1,0.514287250198786,0.00604111468278354,0,0.451,0.043,0.506,0.1302
"3227",0.015625,0.514287250198786,0.00604111468278354,0,0.451,0.043,0.506,0.1302
"3228",0.12890625,0.514287250198786,0.00604111468278354,0,0.451,0.043,0.506,0.1302
"3229",0.0078125,0.514287250198786,0.00604111468278354,0,0.451,0.043,0.506,0.1302
"3230",1,0.514287250198786,0.00604111468278354,0,0.451,0.043,0.506,0.1302
"3231",1,0.514287250198786,0.00604111468278354,0,0.451,0.043,0.506,0.1302
"3232",0.05078125,0.514287250198786,0.00604111468278354,0,0.451,0.043,0.506,0.1302
"3233",0.1171875,0.514287250198786,0.00604111468278354,0,0.451,0.043,0.506,0.1302
"3234",1,0.514287250198786,0.00604111468278354,0,0.451,0.043,0.506,0.1302
"3235",0.0390625,0.514287250198786,0.00604111468278354,0,0.451,0.043,0.506,0.1302
"3236",0.0390625,0.514287250198786,0.00604111468278354,0,0.451,0.043,0.506,0.1302
"3237",0.07421875,0.514287250198786,0.00604111468278354,0,0.451,0.043,0.506,0.1302
"3238",0.28515625,0.514287250198786,0.00604111468278354,0,0.451,0.043,0.506,0.1302
"3239",0.0546875,0.514287250198786,0.00604111468278354,0,0.451,0.043,0.506,0.1302
"3240",0.01953125,0.514287250198786,0.00604111468278354,0,0.451,0.043,0.506,0.1302
"3241",0.09375,0.514287250198786,0.00604111468278354,0,0.451,0.043,0.506,0.1302
"3242",1,0.514287250198786,0.00604111468278354,0,0.451,0.043,0.506,0.1302
"3243",1,0.514287250198786,0.00604111468278354,0,0.451,0.043,0.506,0.1302
"3244",0.03515625,0.514287250198786,0.00604111468278354,0,0.451,0.043,0.506,0.1302
"3245",0.05078125,0.514287250198786,0.00604111468278354,0,0.451,0.043,0.506,0.1302
"3246",0.0625,0.514287250198786,0.00604111468278354,0,0.451,0.043,0.506,0.1302
"3247",0.015625,0.514287250198786,0.00604111468278354,0,0.451,0.043,0.506,0.1302
"3248",1,0.514287250198786,0.00604111468278354,0,0.451,0.043,0.506,0.1302
"3249",1,0.514287250198786,0.00604111468278354,0,0.451,0.043,0.506,0.1302
"3250",0.02734375,0.514287250198786,0.00604111468278354,0,0.451,0.043,0.506,0.1302
"3251",0.0078125,0.514287250198786,0.00604111468278354,0,0.451,0.043,0.506,0.1302
"3252",0,0.514287250198786,0.00604111468278354,0,0.451,0.043,0.506,0.1302
"3253",1,0.514287250198786,0.00604111468278354,0,0.451,0.043,0.506,0.1302
"3254",0.03515625,0.514287250198786,0.00604111468278354,0,0.451,0.043,0.506,0.1302
"3255",0.0390625,0.514287250198786,0.00604111468278354,0,0.451,0.043,0.506,0.1302
"3256",0.09375,0.514287250198786,0.00604111468278354,0,0.451,0.043,0.506,0.1302
"3257",0.02734375,0.514287250198786,0.00604111468278354,0,0.451,0.043,0.506,0.1302
"3258",1,0.514287250198786,0.00604111468278354,0,0.451,0.043,0.506,0.1302
"3259",1,0.514287250198786,0.00604111468278354,0,0.451,0.043,0.506,0.1302
"3260",1,0.514287250198786,0.00604111468278354,0,0.451,0.043,0.506,0.1302
"3261",0.046875,0.514287250198786,0.00604111468278354,0,0.451,0.043,0.506,0.1302
"3262",0.50390625,0.514287250198786,0.00604111468278354,0,0.451,0.043,0.506,0.1302
"3263",0.078125,0.514287250198786,0.00604111468278354,0,0.451,0.043,0.506,0.1302
"3264",0.11328125,0.514287250198786,0.00604111468278354,0,0.451,0.043,0.506,0.1302
"3265",0.046875,0.514287250198786,0.00604111468278354,0,0.451,0.043,0.506,0.1302
"3266",0.02734375,0.514287250198786,0.00604111468278354,0,0.451,0.043,0.506,0.1302
"3267",1,0.514287250198786,0.00604111468278354,0,0.451,0.043,0.506,0.1302
"3268",1,0.514287250198786,0.00604111468278354,0,0.451,0.043,0.506,0.1302
"3269",1,0.514287250198786,0.00604111468278354,0,0.451,0.043,0.506,0.1302
"3270",1,0.514287250198786,0.00604111468278354,0,0.451,0.043,0.506,0.1302
"3271",1,0.514287250198786,0.00604111468278354,0,0.451,0.043,0.506,0.1302
"3272",1,0.514287250198786,0.00604111468278354,0,0.451,0.043,0.506,0.1302
"3273",1,0.514287250198786,0.00604111468278354,0,0.451,0.043,0.506,0.1302
"3274",1,0.514287250198786,0.00604111468278354,0,0.451,0.043,0.506,0.1302
"3275",0.01171875,0.514287250198786,0.00604111468278354,0,0.451,0.043,0.506,0.1302
"3276",0.04296875,0.514287250198786,0.00604111468278354,0,0.451,0.043,0.506,0.1302
"3277",1,0.514287250198786,0.00604111468278354,0,0.451,0.043,0.506,0.1302
"3278",1,0.514287250198786,0.00604111468278354,0,0.451,0.043,0.506,0.1302
"3279",0.0390625,0.514287250198786,0.00604111468278354,0,0.451,0.043,0.506,0.1302
"3280",0.0703125,0.514287250198786,0.00604111468278354,0,0.451,0.043,0.506,0.1302
"3281",0.03125,0.514287250198786,0.00604111468278354,0,0.451,0.043,0.506,0.1302
"3282",0.04296875,0.514287250198786,0.00604111468278354,0,0.451,0.043,0.506,0.1302
"3283",1,0.514287250198786,0.00604111468278354,0,0.451,0.043,0.506,0.1302
"3284",1,0.514287250198786,0.00604111468278354,0,0.451,0.043,0.506,0.1302
"3285",1,0.514287250198786,0.00604111468278354,0,0.451,0.043,0.506,0.1302
"3286",0.00390625,0.514287250198786,0.00604111468278354,0,0.451,0.043,0.506,0.1302
"3287",1,0.514287250198786,0.00604111468278354,0,0.451,0.043,0.506,0.1302
"3288",1,0.514287250198786,0.00604111468278354,0,0.451,0.043,0.506,0.1302
"3289",0.05859375,0.514287250198786,0.00604111468278354,0,0.451,0.043,0.506,0.1302
"3290",0.00390625,0.514287250198786,0.00604111468278354,0,0.451,0.043,0.506,0.1302
"3291",0.01171875,0.514287250198786,0.00604111468278354,0,0.451,0.043,0.506,0.1302
"3292",1,0.514287250198786,0.00604111468278354,0,0.451,0.043,0.506,0.1302
"3293",1,0.514287250198786,0.00604111468278354,0,0.451,0.043,0.506,0.1302
"3294",0.00390625,0.514287250198786,0.00604111468278354,0,0.451,0.043,0.506,0.1302
"3295",0.0390625,0.514287250198786,0.00604111468278354,0,0.451,0.043,0.506,0.1302
"3296",0.00390625,0.514287250198786,0.00604111468278354,0,0.451,0.043,0.506,0.1302
"3297",1,0.514287250198786,0.00604111468278354,0,0.451,0.043,0.506,0.1302
"3298",1,0.514287250198786,0.00604111468278354,0,0.451,0.043,0.506,0.1302
"3299",1,0.514287250198786,0.00604111468278354,0,0.451,0.043,0.506,0.1302
"3300",1,0.514287250198786,0.00604111468278354,0,0.451,0.043,0.506,0.1302
"3301",1,0.514287250198786,0.00604111468278354,0,0.451,0.043,0.506,0.1302
"3302",0.015625,0.514287250198786,0.00604111468278354,0,0.451,0.043,0.506,0.1302
"3303",1,0.514287250198786,0.00604111468278354,0,0.451,0.043,0.506,0.1302
"3304",1,0.514287250198786,0.00604111468278354,0,0.451,0.043,0.506,0.1302
"3305",0.17578125,0.514287250198786,0.00604111468278354,0,0.451,0.043,0.506,0.1302
"3306",0.03515625,0.514287250198786,0.00604111468278354,0,0.451,0.043,0.506,0.1302
"3307",0,0.514287250198786,0.00604111468278354,0,0.451,0.043,0.506,0.1302
"3308",1,0.514287250198786,0.00604111468278354,0,0.451,0.043,0.506,0.1302
"3309",0.015625,0.514287250198786,0.00604111468278354,0,0.451,0.043,0.506,0.1302
"3310",1,0.514287250198786,0.00604111468278354,0,0.451,0.043,0.506,0.1302
"3311",1,0.514287250198786,0.00604111468278354,0,0.451,0.043,0.506,0.1302
"3312",0.08203125,0.514287250198786,0.00604111468278354,0,0.451,0.043,0.506,0.1302
"3313",0.01171875,0.514287250198786,0.00604111468278354,0,0.451,0.043,0.506,0.1302
"3314",0.1875,0.514287250198786,0.00604111468278354,0,0.451,0.043,0.506,0.1302
"3315",0.03515625,0.514287250198786,0.00604111468278354,0,0.451,0.043,0.506,0.1302
"3316",1,0.514287250198786,0.00604111468278354,0,0.451,0.043,0.506,0.1302
"3317",1,0.514287250198786,0.00604111468278354,0,0.451,0.043,0.506,0.1302
"3318",1,0.514287250198786,0.00604111468278354,0,0.451,0.043,0.506,0.1302
"3319",0.15625,0.514287250198786,0.00604111468278354,0,0.451,0.043,0.506,0.1302
"3320",1,0.514287250198786,0.00604111468278354,0,0.451,0.043,0.506,0.1302
"3321",1,0.514287250198786,0.00604111468278354,0,0.451,0.043,0.506,0.1302
"3322",1,0.514287250198786,0.00604111468278354,0,0.451,0.043,0.506,0.1302
"3323",0.02734375,0.514287250198786,0.00604111468278354,0,0.451,0.043,0.506,0.1302
"3324",1,0.514287250198786,0.00604111468278354,0,0.451,0.043,0.506,0.1302
"3325",1,0.514287250198786,0.00604111468278354,0,0.451,0.043,0.506,0.1302
"3326",0.02734375,0.514287250198786,0.00604111468278354,0,0.451,0.043,0.506,0.1302
"3327",1,0.514287250198786,0.00604111468278354,0,0.451,0.043,0.506,0.1302
"3328",1,0.514287250198786,0.00604111468278354,0,0.451,0.043,0.506,0.1302
"3329",1,0.514287250198786,0.00604111468278354,0,0.451,0.043,0.506,0.1302
"3330",1,0.514287250198786,0.00604111468278354,0,0.451,0.043,0.506,0.1302
"3331",1,0.514287250198786,0.00604111468278354,0,0.451,0.043,0.506,0.1302
"3332",1,0.514287250198786,0.00604111468278354,0,0.451,0.043,0.506,0.1302
"3333",1,0.514287250198786,0.00604111468278354,0,0.451,0.043,0.506,0.1302
"3334",0.03125,0.514287250198786,0.00604111468278354,0,0.451,0.043,0.506,0.1302
"3335",0.06640625,0.514287250198786,0.00604111468278354,0,0.451,0.043,0.506,0.1302
"3336",0.01171875,0.514287250198786,0.00604111468278354,0,0.451,0.043,0.506,0.1302
"3337",1,0.514287250198786,0.00604111468278354,0,0.451,0.043,0.506,0.1302
"3338",0.00390625,0.514287250198786,0.00604111468278354,0,0.451,0.043,0.506,0.1302
"3339",1,0.514287250198786,0.00604111468278354,0,0.451,0.043,0.506,0.1302
"3340",0.015625,0.514287250198786,0.00604111468278354,0,0.451,0.043,0.506,0.1302
"3341",1,0.514287250198786,0.00604111468278354,0,0.451,0.043,0.506,0.1302
"3342",0.01953125,0.514287250198786,0.00604111468278354,0,0.451,0.043,0.506,0.1302
"3343",0.01171875,0.514287250198786,0.00604111468278354,0,0.451,0.043,0.506,0.1302
"3344",0.00390625,0.514287250198786,0.00604111468278354,0,0.451,0.043,0.506,0.1302
"3345",0.01171875,0.514287250198786,0.00604111468278354,0,0.451,0.043,0.506,0.1302
"3346",1,0.514287250198786,0.00604111468278354,0,0.451,0.043,0.506,0.1302
"3347",0.0234375,0.514287250198786,0.00604111468278354,0,0.451,0.043,0.506,0.1302
"3348",1,0.514287250198786,0.00604111468278354,0,0.451,0.043,0.506,0.1302
"3349",0.0078125,0.514287250198786,0.00604111468278354,0,0.451,0.043,0.506,0.1302
"3350",1,0.514287250198786,0.00604111468278354,0,0.451,0.043,0.506,0.1302
"3351",1,0.514287250198786,0.00604111468278354,0,0.451,0.043,0.506,0.1302
"3352",0.03125,0.514287250198786,0.00604111468278354,0,0.451,0.043,0.506,0.1302
"3353",1,0.514287250198786,0.00604111468278354,0,0.451,0.043,0.506,0.1302
"3354",0.015625,0.514287250198786,0.00604111468278354,0,0.451,0.043,0.506,0.1302
"3355",1,0.514287250198786,0.00604111468278354,0,0.451,0.043,0.506,0.1302
"3356",0.04296875,0.514287250198786,0.00604111468278354,0,0.451,0.043,0.506,0.1302
"3357",1,0.514287250198786,0.00604111468278354,0,0.451,0.043,0.506,0.1302
"3358",1,0.514287250198786,0.00604111468278354,0,0.451,0.043,0.506,0.1302
"3359",0.01171875,0.514287250198786,0.00604111468278354,0,0.451,0.043,0.506,0.1302
"3360",0.0390625,0.514287250198786,0.00604111468278354,0,0.451,0.043,0.506,0.1302
"3361",0.0078125,0.514287250198786,0.00604111468278354,0,0.451,0.043,0.506,0.1302
"3362",1,0.514287250198786,0.00604111468278354,0,0.451,0.043,0.506,0.1302
"3363",0.0078125,0.514287250198786,0.00604111468278354,0,0.451,0.043,0.506,0.1302
"3364",0.046875,0.514287250198786,0.00604111468278354,0,0.451,0.043,0.506,0.1302
"3365",1,0.514287250198786,0.00604111468278354,0,0.451,0.043,0.506,0.1302
"3366",1,0.514287250198786,0.00604111468278354,0,0.451,0.043,0.506,0.1302
"3367",0.05078125,0.514287250198786,0.00604111468278354,0,0.451,0.043,0.506,0.1302
"3368",1,0.514287250198786,0.00604111468278354,0,0.451,0.043,0.506,0.1302
"3369",0.01171875,0.514287250198786,0.00604111468278354,0,0.451,0.043,0.506,0.1302
"3370",0.078125,0.514287250198786,0.00604111468278354,0,0.451,0.043,0.506,0.1302
"3371",1,0.514287250198786,0.00604111468278354,0,0.451,0.043,0.506,0.1302
"3372",1,0.514287250198786,0.00604111468278354,0,0.451,0.043,0.506,0.1302
"3373",0.05078125,0.514287250198786,0.00604111468278354,0,0.451,0.043,0.506,0.1302
"3374",0,0.514287250198786,0.00604111468278354,0,0.451,0.043,0.506,0.1302
"3375",1,0.514287250198786,0.00604111468278354,0,0.451,0.043,0.506,0.1302
"3376",0.0703125,0.514287250198786,0.00604111468278354,0,0.451,0.043,0.506,0.1302
"3377",1,0.514287250198786,0.00604111468278354,0,0.451,0.043,0.506,0.1302
"3378",1,0.514287250198786,0.00604111468278354,0,0.451,0.043,0.506,0.1302
"3379",0.13671875,0.514287250198786,0.00604111468278354,0,0.451,0.043,0.506,0.1302
"3380",0.01171875,0.514287250198786,0.00604111468278354,0,0.451,0.043,0.506,0.1302
"3381",0.03515625,0.514287250198786,0.00604111468278354,0,0.451,0.043,0.506,0.1302
"3382",1,0.514287250198786,0.00604111468278354,0,0.451,0.043,0.506,0.1302
"3383",0.02734375,0.514287250198786,0.00604111468278354,0,0.451,0.043,0.506,0.1302
"3384",1,0.514287250198786,0.00604111468278354,0,0.451,0.043,0.506,0.1302
"3385",0.00390625,0.514287250198786,0.00604111468278354,0,0.451,0.043,0.506,0.1302
"3386",1,0.514287250198786,0.00604111468278354,0,0.451,0.043,0.506,0.1302
"3387",1,0.514287250198786,0.00604111468278354,0,0.451,0.043,0.506,0.1302
"3388",0.01953125,0.514287250198786,0.00604111468278354,0,0.451,0.043,0.506,0.1302
"3389",0.046875,0.514287250198786,0.00604111468278354,0,0.451,0.043,0.506,0.1302
"3390",1,0.514287250198786,0.00604111468278354,0,0.451,0.043,0.506,0.1302
"3391",1,0.514287250198786,0.00604111468278354,0,0.451,0.043,0.506,0.1302
"3392",0.02734375,0.514287250198786,0.00604111468278354,0,0.451,0.043,0.506,0.1302
"3393",0.01171875,0.514287250198786,0.00604111468278354,0,0.451,0.043,0.506,0.1302
"3394",0.01953125,0.514287250198786,0.00604111468278354,0,0.451,0.043,0.506,0.1302
"3395",1,0.514287250198786,0.00604111468278354,0,0.451,0.043,0.506,0.1302
"3396",1,0.514287250198786,0.00604111468278354,0,0.451,0.043,0.506,0.1302
"3397",1,0.514287250198786,0.00604111468278354,0,0.451,0.043,0.506,0.1302
"3398",1,0.514287250198786,0.00604111468278354,0,0.451,0.043,0.506,0.1302
"3399",0.015625,0.514287250198786,0.00604111468278354,0,0.451,0.043,0.506,0.1302
"3400",1,0.514287250198786,0.00604111468278354,0,0.451,0.043,0.506,0.1302
"3401",1,0.514287250198786,0.00604111468278354,0,0.451,0.043,0.506,0.1302
"3402",1,0.514287250198786,0.00604111468278354,0,0.451,0.043,0.506,0.1302
"3403",1,0.514287250198786,0.00604111468278354,0,0.451,0.043,0.506,0.1302
"3404",0.01171875,0.514287250198786,0.00604111468278354,0,0.451,0.043,0.506,0.1302
"3405",1,0.514287250198786,0.00604111468278354,0,0.451,0.043,0.506,0.1302
"3406",0,0.514287250198786,0.00604111468278354,0,0.451,0.043,0.506,0.1302
"3407",1,0.514287250198786,0.00604111468278354,0,0.451,0.043,0.506,0.1302
"3408",0.01171875,0.514287250198786,0.00604111468278354,0,0.451,0.043,0.506,0.1302
"3409",1,0.514287250198786,0.00604111468278354,0,0.451,0.043,0.506,0.1302
"3410",1,0.514287250198786,0.00604111468278354,0,0.451,0.043,0.506,0.1302
"3411",0.0078125,0.514287250198786,0.00604111468278354,0,0.451,0.043,0.506,0.1302
"3412",0.0234375,0.514287250198786,0.00604111468278354,0,0.451,0.043,0.506,0.1302
"3413",1,0.514287250198786,0.00604111468278354,0,0.451,0.043,0.506,0.1302
"3414",1,0.514287250198786,0.00604111468278354,0,0.451,0.043,0.506,0.1302
"3415",1,0.514287250198786,0.00604111468278354,0,0.451,0.043,0.506,0.1302
"3416",0.00390625,0.514287250198786,0.00604111468278354,0,0.451,0.043,0.506,0.1302
"3417",1,0.514287250198786,0.00604111468278354,0,0.451,0.043,0.506,0.1302
"3418",1,0.514287250198786,0.00604111468278354,0,0.451,0.043,0.506,0.1302
"3419",0.140625,0.514287250198786,0.00604111468278354,0,0.451,0.043,0.506,0.1302
"3420",1,0.514287250198786,0.00604111468278354,0,0.451,0.043,0.506,0.1302
"3421",1,0.514287250198786,0.00604111468278354,0,0.451,0.043,0.506,0.1302
"3422",0.01171875,0.514287250198786,0.00604111468278354,0,0.451,0.043,0.506,0.1302
"3423",0.01171875,0.514287250198786,0.00604111468278354,0,0.451,0.043,0.506,0.1302
"3424",0.046875,0.514287250198786,0.00604111468278354,0,0.451,0.043,0.506,0.1302
"3425",1,0.514287250198786,0.00604111468278354,0,0.451,0.043,0.506,0.1302
"3426",1,0.514287250198786,0.00604111468278354,0,0.451,0.043,0.506,0.1302
"3427",1,0.514287250198786,0.00604111468278354,0,0.451,0.043,0.506,0.1302
"3428",1,0.514287250198786,0.00604111468278354,0,0.451,0.043,0.506,0.1302
"3429",1,0.514287250198786,0.00604111468278354,0,0.451,0.043,0.506,0.1302
"3430",0.03515625,0.514287250198786,0.00604111468278354,0,0.451,0.043,0.506,0.1302
"3431",0.02734375,0.514287250198786,0.00604111468278354,0,0.451,0.043,0.506,0.1302
"3432",0.01953125,0.514287250198786,0.00604111468278354,0,0.451,0.043,0.506,0.1302
"3433",1,0.514287250198786,0.00604111468278354,0,0.451,0.043,0.506,0.1302
"3434",1,0.514287250198786,0.00604111468278354,0,0.451,0.043,0.506,0.1302
"3435",1,0.514287250198786,0.00604111468278354,0,0.451,0.043,0.506,0.1302
"3436",1,0.514287250198786,0.00604111468278354,0,0.451,0.043,0.506,0.1302
"3437",1,0.514287250198786,0.00604111468278354,0,0.451,0.043,0.506,0.1302
"3438",1,0.514287250198786,0.00604111468278354,0,0.451,0.043,0.506,0.1302
"3439",1,0.514287250198786,0.00604111468278354,0,0.451,0.043,0.506,0.1302
"3440",1,0.514287250198786,0.00604111468278354,0,0.451,0.043,0.506,0.1302
"3441",0.02734375,0.514287250198786,0.00604111468278354,0,0.451,0.043,0.506,0.1302
"3442",0.01171875,0.514287250198786,0.00604111468278354,0,0.451,0.043,0.506,0.1302
"3443",1,0.514287250198786,0.00604111468278354,0,0.451,0.043,0.506,0.1302
"3444",0.17578125,0.514287250198786,0.00604111468278354,0,0.451,0.043,0.506,0.1302
"3445",1,0.514287250198786,0.00604111468278354,0,0.451,0.043,0.506,0.1302
"3446",1,0.514287250198786,0.00604111468278354,0,0.451,0.043,0.506,0.1302
"3447",1,0.514287250198786,0.00604111468278354,0,0.451,0.043,0.506,0.1302
"3448",1,0.514287250198786,0.00604111468278354,0,0.451,0.043,0.506,0.1302
"3449",1,0.514287250198786,0.00604111468278354,0,0.451,0.043,0.506,0.1302
"3450",1,0.514287250198786,0.00604111468278354,0,0.451,0.043,0.506,0.1302
"3451",1,0.514287250198786,0.00604111468278354,0,0.451,0.043,0.506,0.1302
"3452",1,0.514287250198786,0.00604111468278354,0,0.451,0.043,0.506,0.1302
"3453",0.0234375,0.514287250198786,0.00604111468278354,0,0.451,0.043,0.506,0.1302
"3454",0.01171875,0.514287250198786,0.00604111468278354,0,0.451,0.043,0.506,0.1302
"3455",1,0.514287250198786,0.00604111468278354,0,0.451,0.043,0.506,0.1302
"3456",0.00390625,0.514287250198786,0.00604111468278354,0,0.451,0.043,0.506,0.1302
"3457",0.015625,0.514287250198786,0.00604111468278354,0,0.451,0.043,0.506,0.1302
"3458",0.015625,0.514287250198786,0.00604111468278354,0,0.451,0.043,0.506,0.1302
"3459",1,0.514287250198786,0.00604111468278354,0,0.451,0.043,0.506,0.1302
"3460",1,0.514287250198786,0.00604111468278354,0,0.451,0.043,0.506,0.1302
"3461",0.0078125,0.514287250198786,0.00604111468278354,0,0.451,0.043,0.506,0.1302
"3462",1,0.514287250198786,0.00604111468278354,0,0.451,0.043,0.506,0.1302
"3463",1,0.514287250198786,0.00604111468278354,0,0.451,0.043,0.506,0.1302
"3464",0.07421875,0.514287250198786,0.00604111468278354,0,0.451,0.043,0.506,0.1302
"3465",0.0390625,0.514287250198786,0.00604111468278354,0,0.451,0.043,0.506,0.1302
"3466",1,0.514287250198786,0.00604111468278354,0,0.451,0.043,0.506,0.1302
"3467",1,0.514287250198786,0.00604111468278354,0,0.451,0.043,0.506,0.1302
"3468",0.0234375,0.514287250198786,0.00604111468278354,0,0.451,0.043,0.506,0.1302
"3469",1,0.514287250198786,0.00604111468278354,0,0.451,0.043,0.506,0.1302
"3470",1,0.514287250198786,0.00604111468278354,0,0.451,0.043,0.506,0.1302
"3471",1,0.514287250198786,0.00604111468278354,0,0.451,0.043,0.506,0.1302
"3472",1,0.514287250198786,0.00604111468278354,0,0.451,0.043,0.506,0.1302
"3473",0.09375,0.514287250198786,0.00604111468278354,0,0.451,0.043,0.506,0.1302
"3474",0.078125,0.514287250198786,0.00604111468278354,0,0.451,0.043,0.506,0.1302
"3475",0.015625,0.514287250198786,0.00604111468278354,0,0.451,0.043,0.506,0.1302
"3476",1,0.514287250198786,0.00604111468278354,0,0.451,0.043,0.506,0.1302
"3477",0.03125,0.514287250198786,0.00604111468278354,0,0.451,0.043,0.506,0.1302
"3478",0.02734375,0.514287250198786,0.00604111468278354,0,0.451,0.043,0.506,0.1302
"3479",1,0.514287250198786,0.00604111468278354,0,0.451,0.043,0.506,0.1302
"3480",1,0.514287250198786,0.00604111468278354,0,0.451,0.043,0.506,0.1302
"3481",0,0.514287250198786,0.00604111468278354,0,0.451,0.043,0.506,0.1302
"3482",0.02734375,0.514287250198786,0.00604111468278354,0,0.451,0.043,0.506,0.1302
"3483",1,0.514287250198786,0.00604111468278354,0,0.451,0.043,0.506,0.1302
"3484",0.00390625,0.514287250198786,0.00604111468278354,0,0.451,0.043,0.506,0.1302
"3485",0.11328125,0.514287250198786,0.00604111468278354,0,0.451,0.043,0.506,0.1302
"3486",1,0.514287250198786,0.00604111468278354,0,0.451,0.043,0.506,0.1302
"3487",1,0.514287250198786,0.00604111468278354,0,0.451,0.043,0.506,0.1302
"3488",1,0.514287250198786,0.00604111468278354,0,0.451,0.043,0.506,0.1302
"3489",1,0.514287250198786,0.00604111468278354,0,0.451,0.043,0.506,0.1302
"3490",1,0.514287250198786,0.00604111468278354,0,0.451,0.043,0.506,0.1302
"3491",0.01953125,0.514287250198786,0.00604111468278354,0,0.451,0.043,0.506,0.1302
"3492",0.13671875,0.514287250198786,0.00604111468278354,0,0.451,0.043,0.506,0.1302
"3493",0.5,0.514287250198786,0.00604111468278354,0,0.451,0.043,0.506,0.1302
"3494",1,0.514287250198786,0.00604111468278354,0,0.451,0.043,0.506,0.1302
"3495",0.2578125,0.514287250198786,0.00604111468278354,0,0.451,0.043,0.506,0.1302
"3496",1,0.514287250198786,0.00604111468278354,0,0.451,0.043,0.506,0.1302
"3497",0.01171875,0.514287250198786,0.00604111468278354,0,0.451,0.043,0.506,0.1302
"3498",0.0078125,0.514287250198786,0.00604111468278354,0,0.451,0.043,0.506,0.1302
"3499",0.04296875,0.514287250198786,0.00604111468278354,0,0.451,0.043,0.506,0.1302
"3500",1,0.514287250198786,0.00604111468278354,0,0.451,0.043,0.506,0.1302
"3501",1,0.514287250198786,0.00604111468278354,0,0.451,0.043,0.506,0.1302
"3502",0.0859375,0.514287250198786,0.00604111468278354,0,0.451,0.043,0.506,0.1302
"3503",0.0078125,0.514287250198786,0.00604111468278354,0,0.451,0.043,0.506,0.1302
"3504",0.00390625,0.514287250198786,0.00604111468278354,0,0.451,0.043,0.506,0.1302
"3505",1,0.514287250198786,0.00604111468278354,0,0.451,0.043,0.506,0.1302
"3506",0.00390625,0.514287250198786,0.00604111468278354,0,0.451,0.043,0.506,0.1302
"3507",0.0234375,0.514287250198786,0.00604111468278354,0,0.451,0.043,0.506,0.1302
"3508",1,0.514287250198786,0.00604111468278354,0,0.451,0.043,0.506,0.1302
"3509",0.0703125,0.514287250198786,0.00604111468278354,0,0.451,0.043,0.506,0.1302
"3510",0.0859375,0.514287250198786,0.00604111468278354,0,0.451,0.043,0.506,0.1302
"3511",0.04296875,0.514287250198786,0.00604111468278354,0,0.451,0.043,0.506,0.1302
"3512",0.01171875,0.514287250198786,0.00604111468278354,0,0.451,0.043,0.506,0.1302
"3513",0.08203125,0.514287250198786,0.00604111468278354,0,0.451,0.043,0.506,0.1302
"3514",0.00390625,0.514287250198786,0.00604111468278354,0,0.451,0.043,0.506,0.1302
"3515",1,0.514287250198786,0.00604111468278354,0,0.451,0.043,0.506,0.1302
"3516",0.0078125,0.514287250198786,0.00604111468278354,0,0.451,0.043,0.506,0.1302
"3517",1,0.514287250198786,0.00604111468278354,0,0.451,0.043,0.506,0.1302
"3518",0.00390625,0.514287250198786,0.00604111468278354,0,0.451,0.043,0.506,0.1302
"3519",1,0.514287250198786,0.00604111468278354,0,0.451,0.043,0.506,0.1302
"3520",0.01171875,0.514287250198786,0.00604111468278354,0,0.451,0.043,0.506,0.1302
"3521",0.0078125,0.514287250198786,0.00604111468278354,0,0.451,0.043,0.506,0.1302
"3522",1,0.514287250198786,0.00604111468278354,0,0.451,0.043,0.506,0.1302
"3523",1,0.514287250198786,0.00604111468278354,0,0.451,0.043,0.506,0.1302
"3524",1,0.514287250198786,0.00604111468278354,0,0.451,0.043,0.506,0.1302
"3525",1,0.514287250198786,0.00604111468278354,0,0.451,0.043,0.506,0.1302
"3526",0.0078125,0.514287250198786,0.00604111468278354,0,0.451,0.043,0.506,0.1302
"3527",1,0.514287250198786,0.00604111468278354,0,0.451,0.043,0.506,0.1302
"3528",1,0.514287250198786,0.00604111468278354,0,0.451,0.043,0.506,0.1302
"3529",1,0.514287250198786,0.00604111468278354,0,0.451,0.043,0.506,0.1302
"3530",0.04296875,0.514287250198786,0.00604111468278354,0,0.451,0.043,0.506,0.1302
"3531",0.0234375,0.514287250198786,0.00604111468278354,0,0.451,0.043,0.506,0.1302
"3532",1,0.514287250198786,0.00604111468278354,0,0.451,0.043,0.506,0.1302
"3533",0.05078125,0.514287250198786,0.00604111468278354,0,0.451,0.043,0.506,0.1302
"3534",0.05078125,0.514287250198786,0.00604111468278354,0,0.451,0.043,0.506,0.1302
"3535",0,0.514287250198786,0.00604111468278354,0,0.451,0.043,0.506,0.1302
"3536",0.0390625,0.514287250198786,0.00604111468278354,0,0.451,0.043,0.506,0.1302
"3537",0.0234375,0.514287250198786,0.00604111468278354,0,0.451,0.043,0.506,0.1302
"3538",0.015625,0.514287250198786,0.00604111468278354,0,0.451,0.043,0.506,0.1302
"3539",0.015625,0.514287250198786,0.00604111468278354,0,0.451,0.043,0.506,0.1302
"3540",0.01171875,0.514287250198786,0.00604111468278354,0,0.451,0.043,0.506,0.1302
"3541",0.01953125,0.514287250198786,0.00604111468278354,0,0.451,0.043,0.506,0.1302
"3542",1,0.514287250198786,0.00604111468278354,0,0.451,0.043,0.506,0.1302
"3543",0.02734375,0.514287250198786,0.00604111468278354,0,0.451,0.043,0.506,0.1302
"3544",0.01171875,0.514287250198786,0.00604111468278354,0,0.451,0.043,0.506,0.1302
"3545",0.05078125,0.514287250198786,0.00604111468278354,0,0.451,0.043,0.506,0.1302
"3546",0.00390625,0.514287250198786,0.00604111468278354,0,0.451,0.043,0.506,0.1302
"3547",1,0.514287250198786,0.00604111468278354,0,0.451,0.043,0.506,0.1302
"3548",0.0703125,0.514287250198786,0.00604111468278354,0,0.451,0.043,0.506,0.1302
"3549",0.0234375,0.514287250198786,0.00604111468278354,0,0.451,0.043,0.506,0.1302
"3550",1,0.514287250198786,0.00604111468278354,0,0.451,0.043,0.506,0.1302
"3551",1,0.514287250198786,0.00604111468278354,0,0.451,0.043,0.506,0.1302
"3552",0.03515625,0.514287250198786,0.00604111468278354,0,0.451,0.043,0.506,0.1302
"3553",0.15234375,0.514287250198786,0.00604111468278354,0,0.451,0.043,0.506,0.1302
"3554",1,0.514287250198786,0.00604111468278354,0,0.451,0.043,0.506,0.1302
"3555",0.0390625,0.514287250198786,0.00604111468278354,0,0.451,0.043,0.506,0.1302
"3556",0.00390625,0.514287250198786,0.00604111468278354,0,0.451,0.043,0.506,0.1302
"3557",0.046875,0.514287250198786,0.00604111468278354,0,0.451,0.043,0.506,0.1302
"3558",1,0.514287250198786,0.00604111468278354,0,0.451,0.043,0.506,0.1302
"3559",1,0.514287250198786,0.00604111468278354,0,0.451,0.043,0.506,0.1302
"3560",0.0390625,0.514287250198786,0.00604111468278354,0,0.451,0.043,0.506,0.1302
"3561",0.13671875,0.514287250198786,0.00604111468278354,0,0.451,0.043,0.506,0.1302
"3562",0.01171875,0.514287250198786,0.00604111468278354,0,0.451,0.043,0.506,0.1302
"3563",0.01953125,0.514287250198786,0.00604111468278354,0,0.451,0.043,0.506,0.1302
"3564",0.0234375,0.514287250198786,0.00604111468278354,0,0.451,0.043,0.506,0.1302
"3565",1,0.514287250198786,0.00604111468278354,0,0.451,0.043,0.506,0.1302
"3566",1,0.514287250198786,0.00604111468278354,0,0.451,0.043,0.506,0.1302
"3567",0.02734375,0.514287250198786,0.00604111468278354,0,0.451,0.043,0.506,0.1302
"3568",1,0.514287250198786,0.00604111468278354,0,0.451,0.043,0.506,0.1302
"3569",1,0.514287250198786,0.00604111468278354,0,0.451,0.043,0.506,0.1302
"3570",0.01953125,0.514287250198786,0.00604111468278354,0,0.451,0.043,0.506,0.1302
"3571",1,0.514287250198786,0.00604111468278354,0,0.451,0.043,0.506,0.1302
"3572",1,0.514287250198786,0.00604111468278354,0,0.451,0.043,0.506,0.1302
"3573",0.01171875,0.514287250198786,0.00604111468278354,0,0.451,0.043,0.506,0.1302
"3574",0.015625,0.514287250198786,0.00604111468278354,0,0.451,0.043,0.506,0.1302
"3575",1,0.514287250198786,0.00604111468278354,0,0.451,0.043,0.506,0.1302
"3576",1,0.514287250198786,0.00604111468278354,0,0.451,0.043,0.506,0.1302
"3577",0.01171875,0.514287250198786,0.00604111468278354,0,0.451,0.043,0.506,0.1302
"3578",0.1484375,0.514287250198786,0.00604111468278354,0,0.451,0.043,0.506,0.1302
"3579",0.046875,0.514287250198786,0.00604111468278354,0,0.451,0.043,0.506,0.1302
"3580",0.03125,0.514287250198786,0.00604111468278354,0,0.451,0.043,0.506,0.1302
"3581",1,0.514287250198786,0.00604111468278354,0,0.451,0.043,0.506,0.1302
"3582",1,0.514287250198786,0.00604111468278354,0,0.451,0.043,0.506,0.1302
"3583",1,0.514287250198786,0.00604111468278354,0,0.451,0.043,0.506,0.1302
"3584",1,0.514287250198786,0.00604111468278354,0,0.451,0.043,0.506,0.1302
"3585",0.015625,0.514287250198786,0.00604111468278354,0,0.451,0.043,0.506,0.1302
"3586",1,0.514287250198786,0.00604111468278354,0,0.451,0.043,0.506,0.1302
"3587",0.0234375,0.514287250198786,0.00604111468278354,0,0.451,0.043,0.506,0.1302
"3588",0.0234375,0.514287250198786,0.00604111468278354,0,0.451,0.043,0.506,0.1302
"3589",0.01171875,0.514287250198786,0.00604111468278354,0,0.451,0.043,0.506,0.1302
"3590",1,0.514287250198786,0.00604111468278354,0,0.451,0.043,0.506,0.1302
"3591",0.046875,0.514287250198786,0.00604111468278354,0,0.451,0.043,0.506,0.1302
"3592",1,0.514287250198786,0.00604111468278354,0,0.451,0.043,0.506,0.1302
"3593",0.015625,0.514287250198786,0.00604111468278354,0,0.451,0.043,0.506,0.1302
"3594",0.0546875,0.514287250198786,0.00604111468278354,0,0.451,0.043,0.506,0.1302
"3595",0,0.514287250198786,0.00604111468278354,0,0.451,0.043,0.506,0.1302
"3596",1,0.514287250198786,0.00604111468278354,0,0.451,0.043,0.506,0.1302
"3597",0.05859375,0.514287250198786,0.00604111468278354,0,0.451,0.043,0.506,0.1302
"3598",1,0.514287250198786,0.00604111468278354,0,0.451,0.043,0.506,0.1302
"3599",1,0.514287250198786,0.00604111468278354,0,0.451,0.043,0.506,0.1302
"3600",0.39453125,0.514287250198786,0.00604111468278354,0,0.451,0.043,0.506,0.1302
"3601",0.01953125,0.514287250198786,0.00604111468278354,0,0.451,0.043,0.506,0.1302
"3602",1,0.514287250198786,0.00604111468278354,0,0.451,0.043,0.506,0.1302
"3603",1,0.514287250198786,0.00604111468278354,0,0.451,0.043,0.506,0.1302
"3604",0.0625,0.514287250198786,0.00604111468278354,0,0.451,0.043,0.506,0.1302
"3605",1,0.514287250198786,0.00604111468278354,0,0.451,0.043,0.506,0.1302
"3606",1,0.514287250198786,0.00604111468278354,0,0.451,0.043,0.506,0.1302
"3607",0.0703125,0.514287250198786,0.00604111468278354,0,0.451,0.043,0.506,0.1302
"3608",1,0.514287250198786,0.00604111468278354,0,0.451,0.043,0.506,0.1302
"3609",0.015625,0.514287250198786,0.00604111468278354,0,0.451,0.043,0.506,0.1302
"3610",0.00390625,0.514287250198786,0.00604111468278354,0,0.451,0.043,0.506,0.1302
"3611",1,0.514287250198786,0.00604111468278354,0,0.451,0.043,0.506,0.1302
"3612",0.0234375,0.514287250198786,0.00604111468278354,0,0.451,0.043,0.506,0.1302
"3613",0.015625,0.514287250198786,0.00604111468278354,0,0.451,0.043,0.506,0.1302
"3614",0.04296875,0.514287250198786,0.00604111468278354,0,0.451,0.043,0.506,0.1302
"3615",0.01953125,0.514287250198786,0.00604111468278354,0,0.451,0.043,0.506,0.1302
"3616",0.00390625,0.514287250198786,0.00604111468278354,0,0.451,0.043,0.506,0.1302
"3617",1,0.514287250198786,0.00604111468278354,0,0.451,0.043,0.506,0.1302
"3618",0.046875,0.514287250198786,0.00604111468278354,0,0.451,0.043,0.506,0.1302
"3619",0.078125,0.514287250198786,0.00604111468278354,0,0.451,0.043,0.506,0.1302
"3620",1,0.514287250198786,0.00604111468278354,0,0.451,0.043,0.506,0.1302
"3621",1,0.514287250198786,0.00604111468278354,0,0.451,0.043,0.506,0.1302
"3622",1,0.514287250198786,0.00604111468278354,0,0.451,0.043,0.506,0.1302
"3623",0.0390625,0.514287250198786,0.00604111468278354,0,0.451,0.043,0.506,0.1302
"3624",0,0.514287250198786,0.00604111468278354,0,0.451,0.043,0.506,0.1302
"3625",0.015625,0.514287250198786,0.00604111468278354,0,0.451,0.043,0.506,0.1302
"3626",1,0.514287250198786,0.00604111468278354,0,0.451,0.043,0.506,0.1302
"3627",0.00390625,0.514287250198786,0.00604111468278354,0,0.451,0.043,0.506,0.1302
"3628",1,0.514287250198786,0.00604111468278354,0,0.451,0.043,0.506,0.1302
"3629",0.0625,0.514287250198786,0.00604111468278354,0,0.451,0.043,0.506,0.1302
"3630",1,0.514287250198786,0.00604111468278354,0,0.451,0.043,0.506,0.1302
"3631",1,0.514287250198786,0.00604111468278354,0,0.451,0.043,0.506,0.1302
"3632",0.50390625,0.514287250198786,0.00604111468278354,0,0.451,0.043,0.506,0.1302
"3633",0.00390625,0.514287250198786,0.00604111468278354,0,0.451,0.043,0.506,0.1302
"3634",0,0.514287250198786,0.00604111468278354,0,0.451,0.043,0.506,0.1302
"3635",0.0234375,0.514287250198786,0.00604111468278354,0,0.451,0.043,0.506,0.1302
"3636",1,0.514287250198786,0.00604111468278354,0,0.451,0.043,0.506,0.1302
"3637",0.02734375,0.514287250198786,0.00604111468278354,0,0.451,0.043,0.506,0.1302
"3638",1,0.514287250198786,0.00604111468278354,0,0.451,0.043,0.506,0.1302
"3639",0.07421875,0.514287250198786,0.00604111468278354,0,0.451,0.043,0.506,0.1302
"3640",0.015625,0.514287250198786,0.00604111468278354,0,0.451,0.043,0.506,0.1302
"3641",0.015625,0.514287250198786,0.00604111468278354,0,0.451,0.043,0.506,0.1302
"3642",0.01171875,0.514287250198786,0.00604111468278354,0,0.451,0.043,0.506,0.1302
"3643",0.0078125,0.514287250198786,0.00604111468278354,0,0.451,0.043,0.506,0.1302
"3644",1,0.514287250198786,0.00604111468278354,0,0.451,0.043,0.506,0.1302
"3645",1,0.514287250198786,0.00604111468278354,0,0.451,0.043,0.506,0.1302
"3646",0.02734375,0.514287250198786,0.00604111468278354,0,0.451,0.043,0.506,0.1302
"3647",1,0.514287250198786,0.00604111468278354,0,0.451,0.043,0.506,0.1302
"3648",1,0.514287250198786,0.00604111468278354,0,0.451,0.043,0.506,0.1302
"3649",1,0.514287250198786,0.00604111468278354,0,0.451,0.043,0.506,0.1302
"3650",1,0.514287250198786,0.00604111468278354,0,0.451,0.043,0.506,0.1302
"3651",1,0.514287250198786,0.00604111468278354,0,0.451,0.043,0.506,0.1302
"3652",0.015625,0.514287250198786,0.00604111468278354,0,0.451,0.043,0.506,0.1302
"3653",1,0.514287250198786,0.00604111468278354,0,0.451,0.043,0.506,0.1302
"3654",1,0.514287250198786,0.00604111468278354,0,0.451,0.043,0.506,0.1302
"3655",0.01171875,0.514287250198786,0.00604111468278354,0,0.451,0.043,0.506,0.1302
"3656",0.25390625,0.514287250198786,0.00604111468278354,0,0.451,0.043,0.506,0.1302
"3657",0.015625,0.514287250198786,0.00604111468278354,0,0.451,0.043,0.506,0.1302
"3658",0.12890625,0.514287250198786,0.00604111468278354,0,0.451,0.043,0.506,0.1302
"3659",1,0.514287250198786,0.00604111468278354,0,0.451,0.043,0.506,0.1302
"3660",1,0.514287250198786,0.00604111468278354,0,0.451,0.043,0.506,0.1302
"3661",0.01171875,0.514287250198786,0.00604111468278354,0,0.451,0.043,0.506,0.1302
"3662",0.1796875,0.514287250198786,0.00604111468278354,0,0.451,0.043,0.506,0.1302
"3663",0.05078125,0.514287250198786,0.00604111468278354,0,0.451,0.043,0.506,0.1302
"3664",1,0.514287250198786,0.00604111468278354,0,0.451,0.043,0.506,0.1302
"3665",0.0234375,0.514287250198786,0.00604111468278354,0,0.451,0.043,0.506,0.1302
"3666",1,0.514287250198786,0.00604111468278354,0,0.451,0.043,0.506,0.1302
"3667",0,0.514287250198786,0.00604111468278354,0,0.451,0.043,0.506,0.1302
"3668",0,0.514287250198786,0.00604111468278354,0,0.451,0.043,0.506,0.1302
"3669",0.0234375,0.514287250198786,0.00604111468278354,0,0.451,0.043,0.506,0.1302
"3670",1,0.514287250198786,0.00604111468278354,0,0.451,0.043,0.506,0.1302
"3671",1,0.514287250198786,0.00604111468278354,0,0.451,0.043,0.506,0.1302
"3672",0.0390625,0.514287250198786,0.00604111468278354,0,0.451,0.043,0.506,0.1302
"3673",0.0078125,0.514287250198786,0.00604111468278354,0,0.451,0.043,0.506,0.1302
"3674",1,0.514287250198786,0.00604111468278354,0,0.451,0.043,0.506,0.1302
"3675",0.03125,0.514287250198786,0.00604111468278354,0,0.451,0.043,0.506,0.1302
"3676",0.0546875,0.514287250198786,0.00604111468278354,0,0.451,0.043,0.506,0.1302
"3677",1,0.514287250198786,0.00604111468278354,0,0.451,0.043,0.506,0.1302
"3678",1,0.514287250198786,0.00604111468278354,0,0.451,0.043,0.506,0.1302
"3679",1,0.514287250198786,0.00604111468278354,0,0.451,0.043,0.506,0.1302
"3680",1,0.514287250198786,0.00604111468278354,0,0.451,0.043,0.506,0.1302
"3681",0.0078125,0.514287250198786,0.00604111468278354,0,0.451,0.043,0.506,0.1302
"3682",1,0.514287250198786,0.00604111468278354,0,0.451,0.043,0.506,0.1302
"3683",0.02734375,0.514287250198786,0.00604111468278354,0,0.451,0.043,0.506,0.1302
"3684",0.04296875,0.514287250198786,0.00604111468278354,0,0.451,0.043,0.506,0.1302
"3685",1,0.514287250198786,0.00604111468278354,0,0.451,0.043,0.506,0.1302
"3686",0.0390625,0.514287250198786,0.00604111468278354,0,0.451,0.043,0.506,0.1302
"3687",1,0.514287250198786,0.00604111468278354,0,0.451,0.043,0.506,0.1302
"3688",1,0.514287250198786,0.00604111468278354,0,0.451,0.043,0.506,0.1302
"3689",0.5078125,0.514287250198786,0.00604111468278354,0,0.451,0.043,0.506,0.1302
"3690",0.046875,0.514287250198786,0.00604111468278354,0,0.451,0.043,0.506,0.1302
"3691",0.02734375,0.514287250198786,0.00604111468278354,0,0.451,0.043,0.506,0.1302
"3692",0.015625,0.514287250198786,0.00604111468278354,0,0.451,0.043,0.506,0.1302
"3693",0.03125,0.514287250198786,0.00604111468278354,0,0.451,0.043,0.506,0.1302
"3694",0.06640625,0.514287250198786,0.00604111468278354,0,0.451,0.043,0.506,0.1302
"3695",0.046875,0.514287250198786,0.00604111468278354,0,0.451,0.043,0.506,0.1302
"3696",1,0.514287250198786,0.00604111468278354,0,0.451,0.043,0.506,0.1302
"3697",1,0.514287250198786,0.00604111468278354,0,0.451,0.043,0.506,0.1302
"3698",1,0.514287250198786,0.00604111468278354,0,0.451,0.043,0.506,0.1302
"3699",0,0.514287250198786,0.00604111468278354,0,0.451,0.043,0.506,0.1302
"3700",0.03515625,0.514287250198786,0.00604111468278354,0,0.451,0.043,0.506,0.1302
"3701",1,0.514287250198786,0.00604111468278354,0,0.451,0.043,0.506,0.1302
"3702",1,0.514287250198786,0.00604111468278354,0,0.451,0.043,0.506,0.1302
"3703",0.00390625,0.514287250198786,0.00604111468278354,0,0.451,0.043,0.506,0.1302
"3704",0.0078125,0.514287250198786,0.00604111468278354,0,0.451,0.043,0.506,0.1302
"3705",0.03515625,0.514287250198786,0.00604111468278354,0,0.451,0.043,0.506,0.1302
"3706",1,0.514287250198786,0.00604111468278354,0,0.451,0.043,0.506,0.1302
"3707",0.015625,0.514287250198786,0.00604111468278354,0,0.451,0.043,0.506,0.1302
"3708",1,0.514287250198786,0.00604111468278354,0,0.451,0.043,0.506,0.1302
"3709",0.140625,0.514287250198786,0.00604111468278354,0,0.451,0.043,0.506,0.1302
"3710",1,0.514287250198786,0.00604111468278354,0,0.451,0.043,0.506,0.1302
"3711",0.00390625,0.514287250198786,0.00604111468278354,0,0.451,0.043,0.506,0.1302
"3712",0.0078125,0.514287250198786,0.00604111468278354,0,0.451,0.043,0.506,0.1302
"3713",0.07421875,0.514287250198786,0.00604111468278354,0,0.451,0.043,0.506,0.1302
"3714",1,0.514287250198786,0.00604111468278354,0,0.451,0.043,0.506,0.1302
"3715",1,0.514287250198786,0.00604111468278354,0,0.451,0.043,0.506,0.1302
"3716",0.00390625,0.514287250198786,0.00604111468278354,0,0.451,0.043,0.506,0.1302
"3717",1,0.514287250198786,0.00604111468278354,0,0.451,0.043,0.506,0.1302
"3718",0.09765625,0.514287250198786,0.00604111468278354,0,0.451,0.043,0.506,0.1302
"3719",1,0.514287250198786,0.00604111468278354,0,0.451,0.043,0.506,0.1302
"3720",1,0.514287250198786,0.00604111468278354,0,0.451,0.043,0.506,0.1302
"3721",0.109375,0.514287250198786,0.00604111468278354,0,0.451,0.043,0.506,0.1302
"3722",1,0.514287250198786,0.00604111468278354,0,0.451,0.043,0.506,0.1302
"3723",0.0234375,0.514287250198786,0.00604111468278354,0,0.451,0.043,0.506,0.1302
"3724",0.015625,0.514287250198786,0.00604111468278354,0,0.451,0.043,0.506,0.1302
"3725",1,0.514287250198786,0.00604111468278354,0,0.451,0.043,0.506,0.1302
"3726",1,0.514287250198786,0.00604111468278354,0,0.451,0.043,0.506,0.1302
"3727",1,0.514287250198786,0.00604111468278354,0,0.451,0.043,0.506,0.1302
"3728",1,0.514287250198786,0.00604111468278354,0,0.451,0.043,0.506,0.1302
"3729",0.0546875,0.514287250198786,0.00604111468278354,0,0.451,0.043,0.506,0.1302
"3730",1,0.514287250198786,0.00604111468278354,0,0.451,0.043,0.506,0.1302
"3731",1,0.514287250198786,0.00604111468278354,0,0.451,0.043,0.506,0.1302
"3732",1,0.514287250198786,0.00604111468278354,0,0.451,0.043,0.506,0.1302
"3733",1,0.514287250198786,0.00604111468278354,0,0.451,0.043,0.506,0.1302
"3734",1,0.514287250198786,0.00604111468278354,0,0.451,0.043,0.506,0.1302
"3735",0.1015625,0.514287250198786,0.00604111468278354,0,0.451,0.043,0.506,0.1302
"3736",1,0.514287250198786,0.00604111468278354,0,0.451,0.043,0.506,0.1302
"3737",1,0.514287250198786,0.00604111468278354,0,0.451,0.043,0.506,0.1302
"3738",1,0.514287250198786,0.00604111468278354,0,0.451,0.043,0.506,0.1302
"3739",1,0.514287250198786,0.00604111468278354,0,0.451,0.043,0.506,0.1302
"3740",0.17578125,0.514287250198786,0.00604111468278354,0,0.451,0.043,0.506,0.1302
"3741",1,0.514287250198786,0.00604111468278354,0,0.451,0.043,0.506,0.1302
"3742",0.0078125,0.514287250198786,0.00604111468278354,0,0.451,0.043,0.506,0.1302
"3743",1,0.514287250198786,0.00604111468278354,0,0.451,0.043,0.506,0.1302
"3744",1,0.514287250198786,0.00604111468278354,0,0.451,0.043,0.506,0.1302
"3745",1,0.514287250198786,0.00604111468278354,0,0.451,0.043,0.506,0.1302
"3746",1,0.514287250198786,0.00604111468278354,0,0.451,0.043,0.506,0.1302
"3747",1,0.514287250198786,0.00604111468278354,0,0.451,0.043,0.506,0.1302
"3748",0.03125,0.514287250198786,0.00604111468278354,0,0.451,0.043,0.506,0.1302
"3749",0.046875,0.514287250198786,0.00604111468278354,0,0.451,0.043,0.506,0.1302
"3750",0.03515625,0.514287250198786,0.00604111468278354,0,0.451,0.043,0.506,0.1302
"3751",1,0.514287250198786,0.00604111468278354,0,0.451,0.043,0.506,0.1302
"3752",0.02734375,0.514287250198786,0.00604111468278354,0,0.451,0.043,0.506,0.1302
"3753",1,0.514287250198786,0.00604111468278354,0,0.451,0.043,0.506,0.1302
"3754",1,0.514287250198786,0.00604111468278354,0,0.451,0.043,0.506,0.1302
"3755",1,0.514287250198786,0.00604111468278354,0,0.451,0.043,0.506,0.1302
"3756",1,0.514287250198786,0.00604111468278354,0,0.451,0.043,0.506,0.1302
"3757",0.0546875,0.514287250198786,0.00604111468278354,0,0.451,0.043,0.506,0.1302
"3758",0.11328125,0.514287250198786,0.00604111468278354,0,0.451,0.043,0.506,0.1302
"3759",0.08203125,0.514287250198786,0.00604111468278354,0,0.451,0.043,0.506,0.1302
"3760",0.01953125,0.514287250198786,0.00604111468278354,0,0.451,0.043,0.506,0.1302
"3761",0.09375,0.514287250198786,0.00604111468278354,0,0.451,0.043,0.506,0.1302
"3762",1,0.514287250198786,0.00604111468278354,0,0.451,0.043,0.506,0.1302
"3763",1,0.514287250198786,0.00604111468278354,0,0.451,0.043,0.506,0.1302
"3764",0.19921875,0.514287250198786,0.00604111468278354,0,0.451,0.043,0.506,0.1302
"3765",0.03515625,0.514287250198786,0.00604111468278354,0,0.451,0.043,0.506,0.1302
"3766",1,0.514287250198786,0.00604111468278354,0,0.451,0.043,0.506,0.1302
"3767",1,0.514287250198786,0.00604111468278354,0,0.451,0.043,0.506,0.1302
"3768",1,0.514287250198786,0.00604111468278354,0,0.451,0.043,0.506,0.1302
"3769",0.01953125,0.514287250198786,0.00604111468278354,0,0.451,0.043,0.506,0.1302
"3770",1,0.514287250198786,0.00604111468278354,0,0.451,0.043,0.506,0.1302
"3771",0.0703125,0.514287250198786,0.00604111468278354,0,0.451,0.043,0.506,0.1302
"3772",1,0.514287250198786,0.00604111468278354,0,0.451,0.043,0.506,0.1302
"3773",0.06640625,0.514287250198786,0.00604111468278354,0,0.451,0.043,0.506,0.1302
"3774",1,0.514287250198786,0.00604111468278354,0,0.451,0.043,0.506,0.1302
"3775",0.02734375,0.514287250198786,0.00604111468278354,0,0.451,0.043,0.506,0.1302
"3776",1,0.514287250198786,0.00604111468278354,0,0.451,0.043,0.506,0.1302
"3777",0.12890625,0.514287250198786,0.00604111468278354,0,0.451,0.043,0.506,0.1302
"3778",0.12890625,0.514287250198786,0.00604111468278354,0,0.451,0.043,0.506,0.1302
"3779",1,0.514287250198786,0.00604111468278354,0,0.451,0.043,0.506,0.1302
"3780",1,0.514287250198786,0.00604111468278354,0,0.451,0.043,0.506,0.1302
"3781",1,0.514287250198786,0.00604111468278354,0,0.451,0.043,0.506,0.1302
"3782",0.015625,0.514287250198786,0.00604111468278354,0,0.451,0.043,0.506,0.1302
"3783",1,0.514287250198786,0.00604111468278354,0,0.451,0.043,0.506,0.1302
"3784",0.015625,0.514287250198786,0.00604111468278354,0,0.451,0.043,0.506,0.1302
"3785",1,0.514287250198786,0.00604111468278354,0,0.451,0.043,0.506,0.1302
"3786",0.0234375,0.514287250198786,0.00604111468278354,0,0.451,0.043,0.506,0.1302
"3787",1,0.514287250198786,0.00604111468278354,0,0.451,0.043,0.506,0.1302
"3788",0.01171875,0.514287250198786,0.00604111468278354,0,0.451,0.043,0.506,0.1302
"3789",1,0.514287250198786,0.00604111468278354,0,0.451,0.043,0.506,0.1302
"3790",1,0.514287250198786,0.00604111468278354,0,0.451,0.043,0.506,0.1302
"3791",0.01953125,0.514287250198786,0.00604111468278354,0,0.451,0.043,0.506,0.1302
"3792",1,0.514287250198786,0.00604111468278354,0,0.451,0.043,0.506,0.1302
"3793",0.01171875,0.514287250198786,0.00604111468278354,0,0.451,0.043,0.506,0.1302
"3794",0.01953125,0.514287250198786,0.00604111468278354,0,0.451,0.043,0.506,0.1302
"3795",0.0078125,0.514287250198786,0.00604111468278354,0,0.451,0.043,0.506,0.1302
"3796",1,0.514287250198786,0.00604111468278354,0,0.451,0.043,0.506,0.1302
"3797",0.015625,0.514287250198786,0.00604111468278354,0,0.451,0.043,0.506,0.1302
"3798",1,0.514287250198786,0.00604111468278354,0,0.451,0.043,0.506,0.1302
"3799",1,0.514287250198786,0.00604111468278354,0,0.451,0.043,0.506,0.1302
"3800",0.0078125,0.514287250198786,0.00604111468278354,0,0.451,0.043,0.506,0.1302
"3801",1,0.514287250198786,0.00604111468278354,0,0.451,0.043,0.506,0.1302
"3802",0.0078125,0.514287250198786,0.00604111468278354,0,0.451,0.043,0.506,0.1302
"3803",0.05078125,0.514287250198786,0.00604111468278354,0,0.451,0.043,0.506,0.1302
"3804",1,0.514287250198786,0.00604111468278354,0,0.451,0.043,0.506,0.1302
"3805",0,0.514287250198786,0.00604111468278354,0,0.451,0.043,0.506,0.1302
"3806",0.0078125,0.514287250198786,0.00604111468278354,0,0.451,0.043,0.506,0.1302
"3807",1,0.514287250198786,0.00604111468278354,0,0.451,0.043,0.506,0.1302
"3808",0.01953125,0.514287250198786,0.00604111468278354,0,0.451,0.043,0.506,0.1302
"3809",0.51953125,0.514287250198786,0.00604111468278354,0,0.451,0.043,0.506,0.1302
"3810",1,0.514287250198786,0.00604111468278354,0,0.451,0.043,0.506,0.1302
"3811",0.03515625,0.514287250198786,0.00604111468278354,0,0.451,0.043,0.506,0.1302
"3812",0.01171875,0.514287250198786,0.00604111468278354,0,0.451,0.043,0.506,0.1302
"3813",1,0.514287250198786,0.00604111468278354,0,0.451,0.043,0.506,0.1302
"3814",1,0.514287250198786,0.00604111468278354,0,0.451,0.043,0.506,0.1302
"3815",0.00390625,0.514287250198786,0.00604111468278354,0,0.451,0.043,0.506,0.1302
"3816",1,0.514287250198786,0.00604111468278354,0,0.451,0.043,0.506,0.1302
"3817",1,0.514287250198786,0.00604111468278354,0,0.451,0.043,0.506,0.1302
"3818",0.09375,0.514287250198786,0.00604111468278354,0,0.451,0.043,0.506,0.1302
"3819",0.1328125,0.514287250198786,0.00604111468278354,0,0.451,0.043,0.506,0.1302
"3820",0.00390625,0.514287250198786,0.00604111468278354,0,0.451,0.043,0.506,0.1302
"3821",1,0.514287250198786,0.00604111468278354,0,0.451,0.043,0.506,0.1302
"3822",0,0.514287250198786,0.00604111468278354,0,0.451,0.043,0.506,0.1302
"3823",1,0.514287250198786,0.00604111468278354,0,0.451,0.043,0.506,0.1302
"3824",0,0.514287250198786,0.00604111468278354,0,0.451,0.043,0.506,0.1302
"3825",1,0.514287250198786,0.00604111468278354,0,0.451,0.043,0.506,0.1302
"3826",1,0.514287250198786,0.00604111468278354,0,0.451,0.043,0.506,0.1302
"3827",0.00390625,0.514287250198786,0.00604111468278354,0,0.451,0.043,0.506,0.1302
"3828",1,0.514287250198786,0.00604111468278354,0,0.451,0.043,0.506,0.1302
"3829",0.00390625,0.514287250198786,0.00604111468278354,0,0.451,0.043,0.506,0.1302
"3830",0.0234375,0.514287250198786,0.00604111468278354,0,0.451,0.043,0.506,0.1302
"3831",1,0.514287250198786,0.00604111468278354,0,0.451,0.043,0.506,0.1302
"3832",1,0.514287250198786,0.00604111468278354,0,0.451,0.043,0.506,0.1302
"3833",0.00390625,0.514287250198786,0.00604111468278354,0,0.451,0.043,0.506,0.1302
"3834",0.0390625,0.514287250198786,0.00604111468278354,0,0.451,0.043,0.506,0.1302
"3835",1,0.514287250198786,0.00604111468278354,0,0.451,0.043,0.506,0.1302
"3836",1,0.514287250198786,0.00604111468278354,0,0.451,0.043,0.506,0.1302
"3837",0.01171875,0.514287250198786,0.00604111468278354,0,0.451,0.043,0.506,0.1302
"3838",1,0.514287250198786,0.00604111468278354,0,0.451,0.043,0.506,0.1302
"3839",0.03515625,0.514287250198786,0.00604111468278354,0,0.451,0.043,0.506,0.1302
"3840",1,0.514287250198786,0.00604111468278354,0,0.451,0.043,0.506,0.1302
"3841",0.0078125,0.514287250198786,0.00604111468278354,0,0.451,0.043,0.506,0.1302
"3842",0.0546875,0.514287250198786,0.00604111468278354,0,0.451,0.043,0.506,0.1302
"3843",1,0.514287250198786,0.00604111468278354,0,0.451,0.043,0.506,0.1302
"3844",1,0.514287250198786,0.00604111468278354,0,0.451,0.043,0.506,0.1302
"3845",0.078125,0.514287250198786,0.00604111468278354,0,0.451,0.043,0.506,0.1302
"3846",0.0390625,0.514287250198786,0.00604111468278354,0,0.451,0.043,0.506,0.1302
"3847",0.07421875,0.514287250198786,0.00604111468278354,0,0.451,0.043,0.506,0.1302
"3848",1,0.514287250198786,0.00604111468278354,0,0.451,0.043,0.506,0.1302
"3849",0.0390625,0.514287250198786,0.00604111468278354,0,0.451,0.043,0.506,0.1302
"3850",0.00390625,0.514287250198786,0.00604111468278354,0,0.451,0.043,0.506,0.1302
"3851",0.015625,0.514287250198786,0.00604111468278354,0,0.451,0.043,0.506,0.1302
"3852",1,0.514287250198786,0.00604111468278354,0,0.451,0.043,0.506,0.1302
"3853",0.12890625,0.514287250198786,0.00604111468278354,0,0.451,0.043,0.506,0.1302
"3854",1,0.514287250198786,0.00604111468278354,0,0.451,0.043,0.506,0.1302
"3855",1,0.514287250198786,0.00604111468278354,0,0.451,0.043,0.506,0.1302
"3856",0.0234375,0.514287250198786,0.00604111468278354,0,0.451,0.043,0.506,0.1302
"3857",1,0.514287250198786,0.00604111468278354,0,0.451,0.043,0.506,0.1302
"3858",0.03125,0.514287250198786,0.00604111468278354,0,0.451,0.043,0.506,0.1302
"3859",1,0.514287250198786,0.00604111468278354,0,0.451,0.043,0.506,0.1302
"3860",1,0.514287250198786,0.00604111468278354,0,0.451,0.043,0.506,0.1302
"3861",0.01953125,0.514287250198786,0.00604111468278354,0,0.451,0.043,0.506,0.1302
"3862",0.046875,0.514287250198786,0.00604111468278354,0,0.451,0.043,0.506,0.1302
"3863",0.015625,0.514287250198786,0.00604111468278354,0,0.451,0.043,0.506,0.1302
"3864",1,0.514287250198786,0.00604111468278354,0,0.451,0.043,0.506,0.1302
"3865",0.0859375,0.514287250198786,0.00604111468278354,0,0.451,0.043,0.506,0.1302
"3866",0.01171875,0.514287250198786,0.00604111468278354,0,0.451,0.043,0.506,0.1302
"3867",1,0.514287250198786,0.00604111468278354,0,0.451,0.043,0.506,0.1302
"3868",1,0.514287250198786,0.00604111468278354,0,0.451,0.043,0.506,0.1302
"3869",1,0.514287250198786,0.00604111468278354,0,0.451,0.043,0.506,0.1302
"3870",1,0.514287250198786,0.00604111468278354,0,0.451,0.043,0.506,0.1302
"3871",0.0078125,0.514287250198786,0.00604111468278354,0,0.451,0.043,0.506,0.1302
"3872",0.0234375,0.514287250198786,0.00604111468278354,0,0.451,0.043,0.506,0.1302
"3873",0.05859375,0.514287250198786,0.00604111468278354,0,0.451,0.043,0.506,0.1302
"3874",0.0234375,0.514287250198786,0.00604111468278354,0,0.451,0.043,0.506,0.1302
"3875",1,0.514287250198786,0.00604111468278354,0,0.451,0.043,0.506,0.1302
"3876",1,0.514287250198786,0.00604111468278354,0,0.451,0.043,0.506,0.1302
"3877",1,0.514287250198786,0.00604111468278354,0,0.451,0.043,0.506,0.1302
"3878",1,0.514287250198786,0.00604111468278354,0,0.451,0.043,0.506,0.1302
"3879",0.00390625,0.514287250198786,0.00604111468278354,0,0.451,0.043,0.506,0.1302
"3880",1,0.514287250198786,0.00604111468278354,0,0.451,0.043,0.506,0.1302
"3881",0.0546875,0.514287250198786,0.00604111468278354,0,0.451,0.043,0.506,0.1302
"3882",0.02734375,0.514287250198786,0.00604111468278354,0,0.451,0.043,0.506,0.1302
"3883",0.015625,0.514287250198786,0.00604111468278354,0,0.451,0.043,0.506,0.1302
"3884",0.08203125,0.514287250198786,0.00604111468278354,0,0.451,0.043,0.506,0.1302
"3885",0.01953125,0.514287250198786,0.00604111468278354,0,0.451,0.043,0.506,0.1302
"3886",0.04296875,0.514287250198786,0.00604111468278354,0,0.451,0.043,0.506,0.1302
"3887",1,0.514287250198786,0.00604111468278354,0,0.451,0.043,0.506,0.1302
"3888",0.03125,0.514287250198786,0.00604111468278354,0,0.451,0.043,0.506,0.1302
"3889",0.0390625,0.514287250198786,0.00604111468278354,0,0.451,0.043,0.506,0.1302
"3890",0.03515625,0.514287250198786,0.00604111468278354,0,0.451,0.043,0.506,0.1302
"3891",1,0.514287250198786,0.00604111468278354,0,0.451,0.043,0.506,0.1302
"3892",1,0.514287250198786,0.00604111468278354,0,0.451,0.043,0.506,0.1302
"3893",1,0.514287250198786,0.00604111468278354,0,0.451,0.043,0.506,0.1302
"3894",1,0.514287250198786,0.00604111468278354,0,0.451,0.043,0.506,0.1302
"3895",0.03515625,0.514287250198786,0.00604111468278354,0,0.451,0.043,0.506,0.1302
"3896",1,0.514287250198786,0.00604111468278354,0,0.451,0.043,0.506,0.1302
"3897",1,0.514287250198786,0.00604111468278354,0,0.451,0.043,0.506,0.1302
"3898",1,0.514287250198786,0.00604111468278354,0,0.451,0.043,0.506,0.1302
"3899",0.08203125,0.514287250198786,0.00604111468278354,0,0.451,0.043,0.506,0.1302
"3900",0.05078125,0.514287250198786,0.00604111468278354,0,0.451,0.043,0.506,0.1302
"3901",1,0.514287250198786,0.00604111468278354,0,0.451,0.043,0.506,0.1302
"3902",1,0.514287250198786,0.00604111468278354,0,0.451,0.043,0.506,0.1302
"3903",0.01953125,0.514287250198786,0.00604111468278354,0,0.451,0.043,0.506,0.1302
"3904",1,0.514287250198786,0.00604111468278354,0,0.451,0.043,0.506,0.1302
"3905",0.1875,0.514287250198786,0.00604111468278354,0,0.451,0.043,0.506,0.1302
"3906",0.0078125,0.514287250198786,0.00604111468278354,0,0.451,0.043,0.506,0.1302
"3907",0.03125,0.514287250198786,0.00604111468278354,0,0.451,0.043,0.506,0.1302
"3908",1,0.514287250198786,0.00604111468278354,0,0.451,0.043,0.506,0.1302
"3909",1,0.514287250198786,0.00604111468278354,0,0.451,0.043,0.506,0.1302
"3910",1,0.514287250198786,0.00604111468278354,0,0.451,0.043,0.506,0.1302
"3911",0,0.514287250198786,0.00604111468278354,0,0.451,0.043,0.506,0.1302
"3912",1,0.514287250198786,0.00604111468278354,0,0.451,0.043,0.506,0.1302
"3913",0.03515625,0.514287250198786,0.00604111468278354,0,0.451,0.043,0.506,0.1302
"3914",1,0.514287250198786,0.00604111468278354,0,0.451,0.043,0.506,0.1302
"3915",0.07421875,0.514287250198786,0.00604111468278354,0,0.451,0.043,0.506,0.1302
"3916",1,0.514287250198786,0.00604111468278354,0,0.451,0.043,0.506,0.1302
"3917",0.0078125,0.514287250198786,0.00604111468278354,0,0.451,0.043,0.506,0.1302
"3918",0.0390625,0.514287250198786,0.00604111468278354,0,0.451,0.043,0.506,0.1302
"3919",1,0.514287250198786,0.00604111468278354,0,0.451,0.043,0.506,0.1302
"3920",0.125,0.514287250198786,0.00604111468278354,0,0.451,0.043,0.506,0.1302
"3921",0.01953125,0.514287250198786,0.00604111468278354,0,0.451,0.043,0.506,0.1302
"3922",0.01953125,0.514287250198786,0.00604111468278354,0,0.451,0.043,0.506,0.1302
"3923",0.03125,0.514287250198786,0.00604111468278354,0,0.451,0.043,0.506,0.1302
"3924",0.015625,0.514287250198786,0.00604111468278354,0,0.451,0.043,0.506,0.1302
"3925",1,0.514287250198786,0.00604111468278354,0,0.451,0.043,0.506,0.1302
"3926",0.015625,0.514287250198786,0.00604111468278354,0,0.451,0.043,0.506,0.1302
"3927",0.0078125,0.514287250198786,0.00604111468278354,0,0.451,0.043,0.506,0.1302
"3928",1,0.514287250198786,0.00604111468278354,0,0.451,0.043,0.506,0.1302
"3929",0.0625,0.514287250198786,0.00604111468278354,0,0.451,0.043,0.506,0.1302
"3930",1,0.514287250198786,0.00604111468278354,0,0.451,0.043,0.506,0.1302
"3931",1,0.514287250198786,0.00604111468278354,0,0.451,0.043,0.506,0.1302
"3932",0.5078125,0.514287250198786,0.00604111468278354,0,0.451,0.043,0.506,0.1302
"3933",1,0.514287250198786,0.00604111468278354,0,0.451,0.043,0.506,0.1302
"3934",0.00390625,0.514287250198786,0.00604111468278354,0,0.451,0.043,0.506,0.1302
"3935",1,0.514287250198786,0.00604111468278354,0,0.451,0.043,0.506,0.1302
"3936",1,0.514287250198786,0.00604111468278354,0,0.451,0.043,0.506,0.1302
"3937",1,0.514287250198786,0.00604111468278354,0,0.451,0.043,0.506,0.1302
"3938",0.13671875,0.514287250198786,0.00604111468278354,0,0.451,0.043,0.506,0.1302
"3939",0.03515625,0.514287250198786,0.00604111468278354,0,0.451,0.043,0.506,0.1302
"3940",1,0.514287250198786,0.00604111468278354,0,0.451,0.043,0.506,0.1302
"3941",1,0.514287250198786,0.00604111468278354,0,0.451,0.043,0.506,0.1302
"3942",1,0.514287250198786,0.00604111468278354,0,0.451,0.043,0.506,0.1302
"3943",0.0390625,0.514287250198786,0.00604111468278354,0,0.451,0.043,0.506,0.1302
"3944",1,0.514287250198786,0.00604111468278354,0,0.451,0.043,0.506,0.1302
"3945",0.05859375,0.514287250198786,0.00604111468278354,0,0.451,0.043,0.506,0.1302
"3946",0.02734375,0.514287250198786,0.00604111468278354,0,0.451,0.043,0.506,0.1302
"3947",0,0.514287250198786,0.00604111468278354,0,0.451,0.043,0.506,0.1302
"3948",0.078125,0.514287250198786,0.00604111468278354,0,0.451,0.043,0.506,0.1302
"3949",1,0.514287250198786,0.00604111468278354,0,0.451,0.043,0.506,0.1302
"3950",1,0.514287250198786,0.00604111468278354,0,0.451,0.043,0.506,0.1302
"3951",1,0.514287250198786,0.00604111468278354,0,0.451,0.043,0.506,0.1302
"3952",0.0078125,0.514287250198786,0.00604111468278354,0,0.451,0.043,0.506,0.1302
"3953",0.01171875,0.514287250198786,0.00604111468278354,0,0.451,0.043,0.506,0.1302
"3954",0.05078125,0.514287250198786,0.00604111468278354,0,0.451,0.043,0.506,0.1302
"3955",1,0.514287250198786,0.00604111468278354,0,0.451,0.043,0.506,0.1302
"3956",1,0.514287250198786,0.00604111468278354,0,0.451,0.043,0.506,0.1302
"3957",1,0.514287250198786,0.00604111468278354,0,0.451,0.043,0.506,0.1302
"3958",1,0.514287250198786,0.00604111468278354,0,0.451,0.043,0.506,0.1302
"3959",1,0.514287250198786,0.00604111468278354,0,0.451,0.043,0.506,0.1302
"3960",1,0.514287250198786,0.00604111468278354,0,0.451,0.043,0.506,0.1302
"3961",1,0.514287250198786,0.00604111468278354,0,0.451,0.043,0.506,0.1302
"3962",1,0.514287250198786,0.00604111468278354,0,0.451,0.043,0.506,0.1302
"3963",0.01171875,0.514287250198786,0.00604111468278354,0,0.451,0.043,0.506,0.1302
"3964",1,0.514287250198786,0.00604111468278354,0,0.451,0.043,0.506,0.1302
"3965",0,0.514287250198786,0.00604111468278354,0,0.451,0.043,0.506,0.1302
"3966",0.06640625,0.514287250198786,0.00604111468278354,0,0.451,0.043,0.506,0.1302
"3967",0.09765625,0.514287250198786,0.00604111468278354,0,0.451,0.043,0.506,0.1302
"3968",1,0.514287250198786,0.00604111468278354,0,0.451,0.043,0.506,0.1302
"3969",1,0.514287250198786,0.00604111468278354,0,0.451,0.043,0.506,0.1302
"3970",1,0.514287250198786,0.00604111468278354,0,0.451,0.043,0.506,0.1302
"3971",1,0.514287250198786,0.00604111468278354,0,0.451,0.043,0.506,0.1302
"3972",0.25390625,0.514287250198786,0.00604111468278354,0,0.451,0.043,0.506,0.1302
"3973",0.00390625,0.514287250198786,0.00604111468278354,0,0.451,0.043,0.506,0.1302
"3974",1,0.514287250198786,0.00604111468278354,0,0.451,0.043,0.506,0.1302
"3975",1,0.514287250198786,0.00604111468278354,0,0.451,0.043,0.506,0.1302
"3976",1,0.514287250198786,0.00604111468278354,0,0.451,0.043,0.506,0.1302
"3977",1,0.514287250198786,0.00604111468278354,0,0.451,0.043,0.506,0.1302
"3978",1,0.514287250198786,0.00604111468278354,0,0.451,0.043,0.506,0.1302
"3979",0.140625,0.514287250198786,0.00604111468278354,0,0.451,0.043,0.506,0.1302
"3980",1,0.514287250198786,0.00604111468278354,0,0.451,0.043,0.506,0.1302
"3981",1,0.514287250198786,0.00604111468278354,0,0.451,0.043,0.506,0.1302
"3982",1,0.514287250198786,0.00604111468278354,0,0.451,0.043,0.506,0.1302
"3983",0.06640625,0.514287250198786,0.00604111468278354,0,0.451,0.043,0.506,0.1302
"3984",0.015625,0.514287250198786,0.00604111468278354,0,0.451,0.043,0.506,0.1302
"3985",1,0.514287250198786,0.00604111468278354,0,0.451,0.043,0.506,0.1302
"3986",0.125,0.514287250198786,0.00604111468278354,0,0.451,0.043,0.506,0.1302
"3987",0.09765625,0.514287250198786,0.00604111468278354,0,0.451,0.043,0.506,0.1302
"3988",1,0.514287250198786,0.00604111468278354,0,0.451,0.043,0.506,0.1302
"3989",1,0.514287250198786,0.00604111468278354,0,0.451,0.043,0.506,0.1302
"3990",0.046875,0.514287250198786,0.00604111468278354,0,0.451,0.043,0.506,0.1302
"3991",0.00390625,0.514287250198786,0.00604111468278354,0,0.451,0.043,0.506,0.1302
"3992",1,0.514287250198786,0.00604111468278354,0,0.451,0.043,0.506,0.1302
"3993",1,0.514287250198786,0.00604111468278354,0,0.451,0.043,0.506,0.1302
"3994",1,0.514287250198786,0.00604111468278354,0,0.451,0.043,0.506,0.1302
"3995",0.03515625,0.514287250198786,0.00604111468278354,0,0.451,0.043,0.506,0.1302
"3996",1,0.514287250198786,0.00604111468278354,0,0.451,0.043,0.506,0.1302
"3997",1,0.514287250198786,0.00604111468278354,0,0.451,0.043,0.506,0.1302
"3998",1,0.514287250198786,0.00604111468278354,0,0.451,0.043,0.506,0.1302
"3999",1,0.514287250198786,0.00604111468278354,0,0.451,0.043,0.506,0.1302
"4000",1,0.514287250198786,0.00604111468278354,0,0.451,0.043,0.506,0.1302
"4001",0.03515625,0.514655451566451,0.00613695944925123,0,0.423,0.051,0.526,0.1302
"4002",0.00390625,0.514655451566451,0.00613695944925123,0,0.423,0.051,0.526,0.1302
"4003",0.03125,0.514655451566451,0.00613695944925123,0,0.423,0.051,0.526,0.1302
"4004",1,0.514655451566451,0.00613695944925123,0,0.423,0.051,0.526,0.1302
"4005",0.0078125,0.514655451566451,0.00613695944925123,0,0.423,0.051,0.526,0.1302
"4006",0.2578125,0.514655451566451,0.00613695944925123,0,0.423,0.051,0.526,0.1302
"4007",1,0.514655451566451,0.00613695944925123,0,0.423,0.051,0.526,0.1302
"4008",1,0.514655451566451,0.00613695944925123,0,0.423,0.051,0.526,0.1302
"4009",1,0.514655451566451,0.00613695944925123,0,0.423,0.051,0.526,0.1302
"4010",1,0.514655451566451,0.00613695944925123,0,0.423,0.051,0.526,0.1302
"4011",0.01171875,0.514655451566451,0.00613695944925123,0,0.423,0.051,0.526,0.1302
"4012",0.0234375,0.514655451566451,0.00613695944925123,0,0.423,0.051,0.526,0.1302
"4013",0.0078125,0.514655451566451,0.00613695944925123,0,0.423,0.051,0.526,0.1302
"4014",0.08984375,0.514655451566451,0.00613695944925123,0,0.423,0.051,0.526,0.1302
"4015",1,0.514655451566451,0.00613695944925123,0,0.423,0.051,0.526,0.1302
"4016",1,0.514655451566451,0.00613695944925123,0,0.423,0.051,0.526,0.1302
"4017",0,0.514655451566451,0.00613695944925123,0,0.423,0.051,0.526,0.1302
"4018",1,0.514655451566451,0.00613695944925123,0,0.423,0.051,0.526,0.1302
"4019",0.0078125,0.514655451566451,0.00613695944925123,0,0.423,0.051,0.526,0.1302
"4020",0.07421875,0.514655451566451,0.00613695944925123,0,0.423,0.051,0.526,0.1302
"4021",1,0.514655451566451,0.00613695944925123,0,0.423,0.051,0.526,0.1302
"4022",1,0.514655451566451,0.00613695944925123,0,0.423,0.051,0.526,0.1302
"4023",0.015625,0.514655451566451,0.00613695944925123,0,0.423,0.051,0.526,0.1302
"4024",1,0.514655451566451,0.00613695944925123,0,0.423,0.051,0.526,0.1302
"4025",1,0.514655451566451,0.00613695944925123,0,0.423,0.051,0.526,0.1302
"4026",0.00390625,0.514655451566451,0.00613695944925123,0,0.423,0.051,0.526,0.1302
"4027",0.0546875,0.514655451566451,0.00613695944925123,0,0.423,0.051,0.526,0.1302
"4028",0.09765625,0.514655451566451,0.00613695944925123,0,0.423,0.051,0.526,0.1302
"4029",1,0.514655451566451,0.00613695944925123,0,0.423,0.051,0.526,0.1302
"4030",1,0.514655451566451,0.00613695944925123,0,0.423,0.051,0.526,0.1302
"4031",0,0.514655451566451,0.00613695944925123,0,0.423,0.051,0.526,0.1302
"4032",1,0.514655451566451,0.00613695944925123,0,0.423,0.051,0.526,0.1302
"4033",1,0.514655451566451,0.00613695944925123,0,0.423,0.051,0.526,0.1302
"4034",0.0078125,0.514655451566451,0.00613695944925123,0,0.423,0.051,0.526,0.1302
"4035",0.03125,0.514655451566451,0.00613695944925123,0,0.423,0.051,0.526,0.1302
"4036",0.0234375,0.514655451566451,0.00613695944925123,0,0.423,0.051,0.526,0.1302
"4037",0,0.514655451566451,0.00613695944925123,0,0.423,0.051,0.526,0.1302
"4038",1,0.514655451566451,0.00613695944925123,0,0.423,0.051,0.526,0.1302
"4039",1,0.514655451566451,0.00613695944925123,0,0.423,0.051,0.526,0.1302
"4040",1,0.514655451566451,0.00613695944925123,0,0.423,0.051,0.526,0.1302
"4041",0.140625,0.514655451566451,0.00613695944925123,0,0.423,0.051,0.526,0.1302
"4042",1,0.514655451566451,0.00613695944925123,0,0.423,0.051,0.526,0.1302
"4043",1,0.514655451566451,0.00613695944925123,0,0.423,0.051,0.526,0.1302
"4044",0.00390625,0.514655451566451,0.00613695944925123,0,0.423,0.051,0.526,0.1302
"4045",1,0.514655451566451,0.00613695944925123,0,0.423,0.051,0.526,0.1302
"4046",1,0.514655451566451,0.00613695944925123,0,0.423,0.051,0.526,0.1302
"4047",0.06640625,0.514655451566451,0.00613695944925123,0,0.423,0.051,0.526,0.1302
"4048",0.52734375,0.514655451566451,0.00613695944925123,0,0.423,0.051,0.526,0.1302
"4049",1,0.514655451566451,0.00613695944925123,0,0.423,0.051,0.526,0.1302
"4050",1,0.514655451566451,0.00613695944925123,0,0.423,0.051,0.526,0.1302
"4051",0,0.514655451566451,0.00613695944925123,0,0.423,0.051,0.526,0.1302
"4052",0.02734375,0.514655451566451,0.00613695944925123,0,0.423,0.051,0.526,0.1302
"4053",1,0.514655451566451,0.00613695944925123,0,0.423,0.051,0.526,0.1302
"4054",1,0.514655451566451,0.00613695944925123,0,0.423,0.051,0.526,0.1302
"4055",1,0.514655451566451,0.00613695944925123,0,0.423,0.051,0.526,0.1302
"4056",0.01953125,0.514655451566451,0.00613695944925123,0,0.423,0.051,0.526,0.1302
"4057",1,0.514655451566451,0.00613695944925123,0,0.423,0.051,0.526,0.1302
"4058",0.01953125,0.514655451566451,0.00613695944925123,0,0.423,0.051,0.526,0.1302
"4059",1,0.514655451566451,0.00613695944925123,0,0.423,0.051,0.526,0.1302
"4060",1,0.514655451566451,0.00613695944925123,0,0.423,0.051,0.526,0.1302
"4061",1,0.514655451566451,0.00613695944925123,0,0.423,0.051,0.526,0.1302
"4062",1,0.514655451566451,0.00613695944925123,0,0.423,0.051,0.526,0.1302
"4063",1,0.514655451566451,0.00613695944925123,0,0.423,0.051,0.526,0.1302
"4064",1,0.514655451566451,0.00613695944925123,0,0.423,0.051,0.526,0.1302
"4065",1,0.514655451566451,0.00613695944925123,0,0.423,0.051,0.526,0.1302
"4066",1,0.514655451566451,0.00613695944925123,0,0.423,0.051,0.526,0.1302
"4067",0.0078125,0.514655451566451,0.00613695944925123,0,0.423,0.051,0.526,0.1302
"4068",1,0.514655451566451,0.00613695944925123,0,0.423,0.051,0.526,0.1302
"4069",0.0390625,0.514655451566451,0.00613695944925123,0,0.423,0.051,0.526,0.1302
"4070",1,0.514655451566451,0.00613695944925123,0,0.423,0.051,0.526,0.1302
"4071",1,0.514655451566451,0.00613695944925123,0,0.423,0.051,0.526,0.1302
"4072",1,0.514655451566451,0.00613695944925123,0,0.423,0.051,0.526,0.1302
"4073",0.07421875,0.514655451566451,0.00613695944925123,0,0.423,0.051,0.526,0.1302
"4074",1,0.514655451566451,0.00613695944925123,0,0.423,0.051,0.526,0.1302
"4075",0.0390625,0.514655451566451,0.00613695944925123,0,0.423,0.051,0.526,0.1302
"4076",0,0.514655451566451,0.00613695944925123,0,0.423,0.051,0.526,0.1302
"4077",1,0.514655451566451,0.00613695944925123,0,0.423,0.051,0.526,0.1302
"4078",0.0390625,0.514655451566451,0.00613695944925123,0,0.423,0.051,0.526,0.1302
"4079",1,0.514655451566451,0.00613695944925123,0,0.423,0.051,0.526,0.1302
"4080",0.578125,0.514655451566451,0.00613695944925123,0,0.423,0.051,0.526,0.1302
"4081",0.0625,0.514655451566451,0.00613695944925123,0,0.423,0.051,0.526,0.1302
"4082",0.00390625,0.514655451566451,0.00613695944925123,0,0.423,0.051,0.526,0.1302
"4083",0.00390625,0.514655451566451,0.00613695944925123,0,0.423,0.051,0.526,0.1302
"4084",0.015625,0.514655451566451,0.00613695944925123,0,0.423,0.051,0.526,0.1302
"4085",1,0.514655451566451,0.00613695944925123,0,0.423,0.051,0.526,0.1302
"4086",0.0390625,0.514655451566451,0.00613695944925123,0,0.423,0.051,0.526,0.1302
"4087",1,0.514655451566451,0.00613695944925123,0,0.423,0.051,0.526,0.1302
"4088",0,0.514655451566451,0.00613695944925123,0,0.423,0.051,0.526,0.1302
"4089",0.0390625,0.514655451566451,0.00613695944925123,0,0.423,0.051,0.526,0.1302
"4090",0.5078125,0.514655451566451,0.00613695944925123,0,0.423,0.051,0.526,0.1302
"4091",1,0.514655451566451,0.00613695944925123,0,0.423,0.051,0.526,0.1302
"4092",1,0.514655451566451,0.00613695944925123,0,0.423,0.051,0.526,0.1302
"4093",0.0078125,0.514655451566451,0.00613695944925123,0,0.423,0.051,0.526,0.1302
"4094",0.04296875,0.514655451566451,0.00613695944925123,0,0.423,0.051,0.526,0.1302
"4095",0.01953125,0.514655451566451,0.00613695944925123,0,0.423,0.051,0.526,0.1302
"4096",0.265625,0.514655451566451,0.00613695944925123,0,0.423,0.051,0.526,0.1302
"4097",1,0.514655451566451,0.00613695944925123,0,0.423,0.051,0.526,0.1302
"4098",1,0.514655451566451,0.00613695944925123,0,0.423,0.051,0.526,0.1302
"4099",0.0625,0.514655451566451,0.00613695944925123,0,0.423,0.051,0.526,0.1302
"4100",0.0703125,0.514655451566451,0.00613695944925123,0,0.423,0.051,0.526,0.1302
"4101",1,0.514655451566451,0.00613695944925123,0,0.423,0.051,0.526,0.1302
"4102",1,0.514655451566451,0.00613695944925123,0,0.423,0.051,0.526,0.1302
"4103",0.03125,0.514655451566451,0.00613695944925123,0,0.423,0.051,0.526,0.1302
"4104",0.015625,0.514655451566451,0.00613695944925123,0,0.423,0.051,0.526,0.1302
"4105",0.015625,0.514655451566451,0.00613695944925123,0,0.423,0.051,0.526,0.1302
"4106",1,0.514655451566451,0.00613695944925123,0,0.423,0.051,0.526,0.1302
"4107",0.00390625,0.514655451566451,0.00613695944925123,0,0.423,0.051,0.526,0.1302
"4108",1,0.514655451566451,0.00613695944925123,0,0.423,0.051,0.526,0.1302
"4109",0.01171875,0.514655451566451,0.00613695944925123,0,0.423,0.051,0.526,0.1302
"4110",0.03515625,0.514655451566451,0.00613695944925123,0,0.423,0.051,0.526,0.1302
"4111",1,0.514655451566451,0.00613695944925123,0,0.423,0.051,0.526,0.1302
"4112",0.01953125,0.514655451566451,0.00613695944925123,0,0.423,0.051,0.526,0.1302
"4113",1,0.514655451566451,0.00613695944925123,0,0.423,0.051,0.526,0.1302
"4114",0.08203125,0.514655451566451,0.00613695944925123,0,0.423,0.051,0.526,0.1302
"4115",1,0.514655451566451,0.00613695944925123,0,0.423,0.051,0.526,0.1302
"4116",1,0.514655451566451,0.00613695944925123,0,0.423,0.051,0.526,0.1302
"4117",0.0625,0.514655451566451,0.00613695944925123,0,0.423,0.051,0.526,0.1302
"4118",0,0.514655451566451,0.00613695944925123,0,0.423,0.051,0.526,0.1302
"4119",1,0.514655451566451,0.00613695944925123,0,0.423,0.051,0.526,0.1302
"4120",0.02734375,0.514655451566451,0.00613695944925123,0,0.423,0.051,0.526,0.1302
"4121",1,0.514655451566451,0.00613695944925123,0,0.423,0.051,0.526,0.1302
"4122",1,0.514655451566451,0.00613695944925123,0,0.423,0.051,0.526,0.1302
"4123",1,0.514655451566451,0.00613695944925123,0,0.423,0.051,0.526,0.1302
"4124",1,0.514655451566451,0.00613695944925123,0,0.423,0.051,0.526,0.1302
"4125",0.0234375,0.514655451566451,0.00613695944925123,0,0.423,0.051,0.526,0.1302
"4126",1,0.514655451566451,0.00613695944925123,0,0.423,0.051,0.526,0.1302
"4127",1,0.514655451566451,0.00613695944925123,0,0.423,0.051,0.526,0.1302
"4128",0.50390625,0.514655451566451,0.00613695944925123,0,0.423,0.051,0.526,0.1302
"4129",1,0.514655451566451,0.00613695944925123,0,0.423,0.051,0.526,0.1302
"4130",1,0.514655451566451,0.00613695944925123,0,0.423,0.051,0.526,0.1302
"4131",0.00390625,0.514655451566451,0.00613695944925123,0,0.423,0.051,0.526,0.1302
"4132",1,0.514655451566451,0.00613695944925123,0,0.423,0.051,0.526,0.1302
"4133",1,0.514655451566451,0.00613695944925123,0,0.423,0.051,0.526,0.1302
"4134",0.015625,0.514655451566451,0.00613695944925123,0,0.423,0.051,0.526,0.1302
"4135",1,0.514655451566451,0.00613695944925123,0,0.423,0.051,0.526,0.1302
"4136",0.06640625,0.514655451566451,0.00613695944925123,0,0.423,0.051,0.526,0.1302
"4137",0.0078125,0.514655451566451,0.00613695944925123,0,0.423,0.051,0.526,0.1302
"4138",0.09765625,0.514655451566451,0.00613695944925123,0,0.423,0.051,0.526,0.1302
"4139",0.0078125,0.514655451566451,0.00613695944925123,0,0.423,0.051,0.526,0.1302
"4140",1,0.514655451566451,0.00613695944925123,0,0.423,0.051,0.526,0.1302
"4141",0.04296875,0.514655451566451,0.00613695944925123,0,0.423,0.051,0.526,0.1302
"4142",1,0.514655451566451,0.00613695944925123,0,0.423,0.051,0.526,0.1302
"4143",0.0078125,0.514655451566451,0.00613695944925123,0,0.423,0.051,0.526,0.1302
"4144",1,0.514655451566451,0.00613695944925123,0,0.423,0.051,0.526,0.1302
"4145",1,0.514655451566451,0.00613695944925123,0,0.423,0.051,0.526,0.1302
"4146",0.3125,0.514655451566451,0.00613695944925123,0,0.423,0.051,0.526,0.1302
"4147",0.05859375,0.514655451566451,0.00613695944925123,0,0.423,0.051,0.526,0.1302
"4148",1,0.514655451566451,0.00613695944925123,0,0.423,0.051,0.526,0.1302
"4149",0.015625,0.514655451566451,0.00613695944925123,0,0.423,0.051,0.526,0.1302
"4150",1,0.514655451566451,0.00613695944925123,0,0.423,0.051,0.526,0.1302
"4151",1,0.514655451566451,0.00613695944925123,0,0.423,0.051,0.526,0.1302
"4152",1,0.514655451566451,0.00613695944925123,0,0.423,0.051,0.526,0.1302
"4153",0.0390625,0.514655451566451,0.00613695944925123,0,0.423,0.051,0.526,0.1302
"4154",1,0.514655451566451,0.00613695944925123,0,0.423,0.051,0.526,0.1302
"4155",0.05078125,0.514655451566451,0.00613695944925123,0,0.423,0.051,0.526,0.1302
"4156",1,0.514655451566451,0.00613695944925123,0,0.423,0.051,0.526,0.1302
"4157",0.02734375,0.514655451566451,0.00613695944925123,0,0.423,0.051,0.526,0.1302
"4158",0.0234375,0.514655451566451,0.00613695944925123,0,0.423,0.051,0.526,0.1302
"4159",1,0.514655451566451,0.00613695944925123,0,0.423,0.051,0.526,0.1302
"4160",0.015625,0.514655451566451,0.00613695944925123,0,0.423,0.051,0.526,0.1302
"4161",1,0.514655451566451,0.00613695944925123,0,0.423,0.051,0.526,0.1302
"4162",0.0546875,0.514655451566451,0.00613695944925123,0,0.423,0.051,0.526,0.1302
"4163",0.05859375,0.514655451566451,0.00613695944925123,0,0.423,0.051,0.526,0.1302
"4164",0.03515625,0.514655451566451,0.00613695944925123,0,0.423,0.051,0.526,0.1302
"4165",1,0.514655451566451,0.00613695944925123,0,0.423,0.051,0.526,0.1302
"4166",1,0.514655451566451,0.00613695944925123,0,0.423,0.051,0.526,0.1302
"4167",0.0234375,0.514655451566451,0.00613695944925123,0,0.423,0.051,0.526,0.1302
"4168",0.04296875,0.514655451566451,0.00613695944925123,0,0.423,0.051,0.526,0.1302
"4169",1,0.514655451566451,0.00613695944925123,0,0.423,0.051,0.526,0.1302
"4170",1,0.514655451566451,0.00613695944925123,0,0.423,0.051,0.526,0.1302
"4171",1,0.514655451566451,0.00613695944925123,0,0.423,0.051,0.526,0.1302
"4172",0.015625,0.514655451566451,0.00613695944925123,0,0.423,0.051,0.526,0.1302
"4173",0.0078125,0.514655451566451,0.00613695944925123,0,0.423,0.051,0.526,0.1302
"4174",1,0.514655451566451,0.00613695944925123,0,0.423,0.051,0.526,0.1302
"4175",0.0078125,0.514655451566451,0.00613695944925123,0,0.423,0.051,0.526,0.1302
"4176",0.0390625,0.514655451566451,0.00613695944925123,0,0.423,0.051,0.526,0.1302
"4177",0.01171875,0.514655451566451,0.00613695944925123,0,0.423,0.051,0.526,0.1302
"4178",1,0.514655451566451,0.00613695944925123,0,0.423,0.051,0.526,0.1302
"4179",1,0.514655451566451,0.00613695944925123,0,0.423,0.051,0.526,0.1302
"4180",1,0.514655451566451,0.00613695944925123,0,0.423,0.051,0.526,0.1302
"4181",0.02734375,0.514655451566451,0.00613695944925123,0,0.423,0.051,0.526,0.1302
"4182",0,0.514655451566451,0.00613695944925123,0,0.423,0.051,0.526,0.1302
"4183",0.09765625,0.514655451566451,0.00613695944925123,0,0.423,0.051,0.526,0.1302
"4184",0.0234375,0.514655451566451,0.00613695944925123,0,0.423,0.051,0.526,0.1302
"4185",0.0546875,0.514655451566451,0.00613695944925123,0,0.423,0.051,0.526,0.1302
"4186",1,0.514655451566451,0.00613695944925123,0,0.423,0.051,0.526,0.1302
"4187",1,0.514655451566451,0.00613695944925123,0,0.423,0.051,0.526,0.1302
"4188",0.05859375,0.514655451566451,0.00613695944925123,0,0.423,0.051,0.526,0.1302
"4189",0.0078125,0.514655451566451,0.00613695944925123,0,0.423,0.051,0.526,0.1302
"4190",0,0.514655451566451,0.00613695944925123,0,0.423,0.051,0.526,0.1302
"4191",0.01171875,0.514655451566451,0.00613695944925123,0,0.423,0.051,0.526,0.1302
"4192",1,0.514655451566451,0.00613695944925123,0,0.423,0.051,0.526,0.1302
"4193",0.0078125,0.514655451566451,0.00613695944925123,0,0.423,0.051,0.526,0.1302
"4194",0.01953125,0.514655451566451,0.00613695944925123,0,0.423,0.051,0.526,0.1302
"4195",1,0.514655451566451,0.00613695944925123,0,0.423,0.051,0.526,0.1302
"4196",0.0078125,0.514655451566451,0.00613695944925123,0,0.423,0.051,0.526,0.1302
"4197",0.0234375,0.514655451566451,0.00613695944925123,0,0.423,0.051,0.526,0.1302
"4198",1,0.514655451566451,0.00613695944925123,0,0.423,0.051,0.526,0.1302
"4199",0.03125,0.514655451566451,0.00613695944925123,0,0.423,0.051,0.526,0.1302
"4200",0.11328125,0.514655451566451,0.00613695944925123,0,0.423,0.051,0.526,0.1302
"4201",1,0.514655451566451,0.00613695944925123,0,0.423,0.051,0.526,0.1302
"4202",1,0.514655451566451,0.00613695944925123,0,0.423,0.051,0.526,0.1302
"4203",0.0859375,0.514655451566451,0.00613695944925123,0,0.423,0.051,0.526,0.1302
"4204",1,0.514655451566451,0.00613695944925123,0,0.423,0.051,0.526,0.1302
"4205",0.01171875,0.514655451566451,0.00613695944925123,0,0.423,0.051,0.526,0.1302
"4206",0.0234375,0.514655451566451,0.00613695944925123,0,0.423,0.051,0.526,0.1302
"4207",0.234375,0.514655451566451,0.00613695944925123,0,0.423,0.051,0.526,0.1302
"4208",0.2734375,0.514655451566451,0.00613695944925123,0,0.423,0.051,0.526,0.1302
"4209",0.1484375,0.514655451566451,0.00613695944925123,0,0.423,0.051,0.526,0.1302
"4210",1,0.514655451566451,0.00613695944925123,0,0.423,0.051,0.526,0.1302
"4211",1,0.514655451566451,0.00613695944925123,0,0.423,0.051,0.526,0.1302
"4212",0.02734375,0.514655451566451,0.00613695944925123,0,0.423,0.051,0.526,0.1302
"4213",1,0.514655451566451,0.00613695944925123,0,0.423,0.051,0.526,0.1302
"4214",1,0.514655451566451,0.00613695944925123,0,0.423,0.051,0.526,0.1302
"4215",0.015625,0.514655451566451,0.00613695944925123,0,0.423,0.051,0.526,0.1302
"4216",0.01171875,0.514655451566451,0.00613695944925123,0,0.423,0.051,0.526,0.1302
"4217",0.12890625,0.514655451566451,0.00613695944925123,0,0.423,0.051,0.526,0.1302
"4218",1,0.514655451566451,0.00613695944925123,0,0.423,0.051,0.526,0.1302
"4219",1,0.514655451566451,0.00613695944925123,0,0.423,0.051,0.526,0.1302
"4220",1,0.514655451566451,0.00613695944925123,0,0.423,0.051,0.526,0.1302
"4221",1,0.514655451566451,0.00613695944925123,0,0.423,0.051,0.526,0.1302
"4222",1,0.514655451566451,0.00613695944925123,0,0.423,0.051,0.526,0.1302
"4223",0.0078125,0.514655451566451,0.00613695944925123,0,0.423,0.051,0.526,0.1302
"4224",0.078125,0.514655451566451,0.00613695944925123,0,0.423,0.051,0.526,0.1302
"4225",0.02734375,0.514655451566451,0.00613695944925123,0,0.423,0.051,0.526,0.1302
"4226",1,0.514655451566451,0.00613695944925123,0,0.423,0.051,0.526,0.1302
"4227",0.00390625,0.514655451566451,0.00613695944925123,0,0.423,0.051,0.526,0.1302
"4228",0.0078125,0.514655451566451,0.00613695944925123,0,0.423,0.051,0.526,0.1302
"4229",1,0.514655451566451,0.00613695944925123,0,0.423,0.051,0.526,0.1302
"4230",0.03515625,0.514655451566451,0.00613695944925123,0,0.423,0.051,0.526,0.1302
"4231",1,0.514655451566451,0.00613695944925123,0,0.423,0.051,0.526,0.1302
"4232",0.02734375,0.514655451566451,0.00613695944925123,0,0.423,0.051,0.526,0.1302
"4233",1,0.514655451566451,0.00613695944925123,0,0.423,0.051,0.526,0.1302
"4234",0.0703125,0.514655451566451,0.00613695944925123,0,0.423,0.051,0.526,0.1302
"4235",0,0.514655451566451,0.00613695944925123,0,0.423,0.051,0.526,0.1302
"4236",0.08984375,0.514655451566451,0.00613695944925123,0,0.423,0.051,0.526,0.1302
"4237",1,0.514655451566451,0.00613695944925123,0,0.423,0.051,0.526,0.1302
"4238",1,0.514655451566451,0.00613695944925123,0,0.423,0.051,0.526,0.1302
"4239",1,0.514655451566451,0.00613695944925123,0,0.423,0.051,0.526,0.1302
"4240",0.15234375,0.514655451566451,0.00613695944925123,0,0.423,0.051,0.526,0.1302
"4241",1,0.514655451566451,0.00613695944925123,0,0.423,0.051,0.526,0.1302
"4242",1,0.514655451566451,0.00613695944925123,0,0.423,0.051,0.526,0.1302
"4243",1,0.514655451566451,0.00613695944925123,0,0.423,0.051,0.526,0.1302
"4244",0.0625,0.514655451566451,0.00613695944925123,0,0.423,0.051,0.526,0.1302
"4245",1,0.514655451566451,0.00613695944925123,0,0.423,0.051,0.526,0.1302
"4246",0.015625,0.514655451566451,0.00613695944925123,0,0.423,0.051,0.526,0.1302
"4247",1,0.514655451566451,0.00613695944925123,0,0.423,0.051,0.526,0.1302
"4248",1,0.514655451566451,0.00613695944925123,0,0.423,0.051,0.526,0.1302
"4249",1,0.514655451566451,0.00613695944925123,0,0.423,0.051,0.526,0.1302
"4250",0.046875,0.514655451566451,0.00613695944925123,0,0.423,0.051,0.526,0.1302
"4251",0.0234375,0.514655451566451,0.00613695944925123,0,0.423,0.051,0.526,0.1302
"4252",1,0.514655451566451,0.00613695944925123,0,0.423,0.051,0.526,0.1302
"4253",1,0.514655451566451,0.00613695944925123,0,0.423,0.051,0.526,0.1302
"4254",1,0.514655451566451,0.00613695944925123,0,0.423,0.051,0.526,0.1302
"4255",0.02734375,0.514655451566451,0.00613695944925123,0,0.423,0.051,0.526,0.1302
"4256",1,0.514655451566451,0.00613695944925123,0,0.423,0.051,0.526,0.1302
"4257",0.01171875,0.514655451566451,0.00613695944925123,0,0.423,0.051,0.526,0.1302
"4258",1,0.514655451566451,0.00613695944925123,0,0.423,0.051,0.526,0.1302
"4259",1,0.514655451566451,0.00613695944925123,0,0.423,0.051,0.526,0.1302
"4260",1,0.514655451566451,0.00613695944925123,0,0.423,0.051,0.526,0.1302
"4261",1,0.514655451566451,0.00613695944925123,0,0.423,0.051,0.526,0.1302
"4262",1,0.514655451566451,0.00613695944925123,0,0.423,0.051,0.526,0.1302
"4263",1,0.514655451566451,0.00613695944925123,0,0.423,0.051,0.526,0.1302
"4264",1,0.514655451566451,0.00613695944925123,0,0.423,0.051,0.526,0.1302
"4265",0.01953125,0.514655451566451,0.00613695944925123,0,0.423,0.051,0.526,0.1302
"4266",0.0390625,0.514655451566451,0.00613695944925123,0,0.423,0.051,0.526,0.1302
"4267",0.0078125,0.514655451566451,0.00613695944925123,0,0.423,0.051,0.526,0.1302
"4268",0.02734375,0.514655451566451,0.00613695944925123,0,0.423,0.051,0.526,0.1302
"4269",0.02734375,0.514655451566451,0.00613695944925123,0,0.423,0.051,0.526,0.1302
"4270",1,0.514655451566451,0.00613695944925123,0,0.423,0.051,0.526,0.1302
"4271",0.50390625,0.514655451566451,0.00613695944925123,0,0.423,0.051,0.526,0.1302
"4272",1,0.514655451566451,0.00613695944925123,0,0.423,0.051,0.526,0.1302
"4273",1,0.514655451566451,0.00613695944925123,0,0.423,0.051,0.526,0.1302
"4274",1,0.514655451566451,0.00613695944925123,0,0.423,0.051,0.526,0.1302
"4275",1,0.514655451566451,0.00613695944925123,0,0.423,0.051,0.526,0.1302
"4276",1,0.514655451566451,0.00613695944925123,0,0.423,0.051,0.526,0.1302
"4277",0.03515625,0.514655451566451,0.00613695944925123,0,0.423,0.051,0.526,0.1302
"4278",0.04296875,0.514655451566451,0.00613695944925123,0,0.423,0.051,0.526,0.1302
"4279",1,0.514655451566451,0.00613695944925123,0,0.423,0.051,0.526,0.1302
"4280",1,0.514655451566451,0.00613695944925123,0,0.423,0.051,0.526,0.1302
"4281",1,0.514655451566451,0.00613695944925123,0,0.423,0.051,0.526,0.1302
"4282",1,0.514655451566451,0.00613695944925123,0,0.423,0.051,0.526,0.1302
"4283",0.1640625,0.514655451566451,0.00613695944925123,0,0.423,0.051,0.526,0.1302
"4284",0.015625,0.514655451566451,0.00613695944925123,0,0.423,0.051,0.526,0.1302
"4285",0.03125,0.514655451566451,0.00613695944925123,0,0.423,0.051,0.526,0.1302
"4286",0.01171875,0.514655451566451,0.00613695944925123,0,0.423,0.051,0.526,0.1302
"4287",0.0078125,0.514655451566451,0.00613695944925123,0,0.423,0.051,0.526,0.1302
"4288",0.01171875,0.514655451566451,0.00613695944925123,0,0.423,0.051,0.526,0.1302
"4289",0.01171875,0.514655451566451,0.00613695944925123,0,0.423,0.051,0.526,0.1302
"4290",1,0.514655451566451,0.00613695944925123,0,0.423,0.051,0.526,0.1302
"4291",1,0.514655451566451,0.00613695944925123,0,0.423,0.051,0.526,0.1302
"4292",0.03515625,0.514655451566451,0.00613695944925123,0,0.423,0.051,0.526,0.1302
"4293",1,0.514655451566451,0.00613695944925123,0,0.423,0.051,0.526,0.1302
"4294",0.03515625,0.514655451566451,0.00613695944925123,0,0.423,0.051,0.526,0.1302
"4295",1,0.514655451566451,0.00613695944925123,0,0.423,0.051,0.526,0.1302
"4296",1,0.514655451566451,0.00613695944925123,0,0.423,0.051,0.526,0.1302
"4297",0.015625,0.514655451566451,0.00613695944925123,0,0.423,0.051,0.526,0.1302
"4298",0.1015625,0.514655451566451,0.00613695944925123,0,0.423,0.051,0.526,0.1302
"4299",1,0.514655451566451,0.00613695944925123,0,0.423,0.051,0.526,0.1302
"4300",0.015625,0.514655451566451,0.00613695944925123,0,0.423,0.051,0.526,0.1302
"4301",0.01953125,0.514655451566451,0.00613695944925123,0,0.423,0.051,0.526,0.1302
"4302",0.015625,0.514655451566451,0.00613695944925123,0,0.423,0.051,0.526,0.1302
"4303",1,0.514655451566451,0.00613695944925123,0,0.423,0.051,0.526,0.1302
"4304",1,0.514655451566451,0.00613695944925123,0,0.423,0.051,0.526,0.1302
"4305",1,0.514655451566451,0.00613695944925123,0,0.423,0.051,0.526,0.1302
"4306",1,0.514655451566451,0.00613695944925123,0,0.423,0.051,0.526,0.1302
"4307",0,0.514655451566451,0.00613695944925123,0,0.423,0.051,0.526,0.1302
"4308",0.00390625,0.514655451566451,0.00613695944925123,0,0.423,0.051,0.526,0.1302
"4309",0.0078125,0.514655451566451,0.00613695944925123,0,0.423,0.051,0.526,0.1302
"4310",0.0234375,0.514655451566451,0.00613695944925123,0,0.423,0.051,0.526,0.1302
"4311",0.015625,0.514655451566451,0.00613695944925123,0,0.423,0.051,0.526,0.1302
"4312",0.02734375,0.514655451566451,0.00613695944925123,0,0.423,0.051,0.526,0.1302
"4313",0.0234375,0.514655451566451,0.00613695944925123,0,0.423,0.051,0.526,0.1302
"4314",1,0.514655451566451,0.00613695944925123,0,0.423,0.051,0.526,0.1302
"4315",1,0.514655451566451,0.00613695944925123,0,0.423,0.051,0.526,0.1302
"4316",1,0.514655451566451,0.00613695944925123,0,0.423,0.051,0.526,0.1302
"4317",1,0.514655451566451,0.00613695944925123,0,0.423,0.051,0.526,0.1302
"4318",0.00390625,0.514655451566451,0.00613695944925123,0,0.423,0.051,0.526,0.1302
"4319",0.00390625,0.514655451566451,0.00613695944925123,0,0.423,0.051,0.526,0.1302
"4320",1,0.514655451566451,0.00613695944925123,0,0.423,0.051,0.526,0.1302
"4321",0.05859375,0.514655451566451,0.00613695944925123,0,0.423,0.051,0.526,0.1302
"4322",0.015625,0.514655451566451,0.00613695944925123,0,0.423,0.051,0.526,0.1302
"4323",1,0.514655451566451,0.00613695944925123,0,0.423,0.051,0.526,0.1302
"4324",0.25390625,0.514655451566451,0.00613695944925123,0,0.423,0.051,0.526,0.1302
"4325",0.0234375,0.514655451566451,0.00613695944925123,0,0.423,0.051,0.526,0.1302
"4326",0.01171875,0.514655451566451,0.00613695944925123,0,0.423,0.051,0.526,0.1302
"4327",0.015625,0.514655451566451,0.00613695944925123,0,0.423,0.051,0.526,0.1302
"4328",1,0.514655451566451,0.00613695944925123,0,0.423,0.051,0.526,0.1302
"4329",1,0.514655451566451,0.00613695944925123,0,0.423,0.051,0.526,0.1302
"4330",1,0.514655451566451,0.00613695944925123,0,0.423,0.051,0.526,0.1302
"4331",1,0.514655451566451,0.00613695944925123,0,0.423,0.051,0.526,0.1302
"4332",1,0.514655451566451,0.00613695944925123,0,0.423,0.051,0.526,0.1302
"4333",1,0.514655451566451,0.00613695944925123,0,0.423,0.051,0.526,0.1302
"4334",1,0.514655451566451,0.00613695944925123,0,0.423,0.051,0.526,0.1302
"4335",0.0234375,0.514655451566451,0.00613695944925123,0,0.423,0.051,0.526,0.1302
"4336",1,0.514655451566451,0.00613695944925123,0,0.423,0.051,0.526,0.1302
"4337",0.1484375,0.514655451566451,0.00613695944925123,0,0.423,0.051,0.526,0.1302
"4338",1,0.514655451566451,0.00613695944925123,0,0.423,0.051,0.526,0.1302
"4339",0.171875,0.514655451566451,0.00613695944925123,0,0.423,0.051,0.526,0.1302
"4340",0.015625,0.514655451566451,0.00613695944925123,0,0.423,0.051,0.526,0.1302
"4341",1,0.514655451566451,0.00613695944925123,0,0.423,0.051,0.526,0.1302
"4342",1,0.514655451566451,0.00613695944925123,0,0.423,0.051,0.526,0.1302
"4343",1,0.514655451566451,0.00613695944925123,0,0.423,0.051,0.526,0.1302
"4344",0.01171875,0.514655451566451,0.00613695944925123,0,0.423,0.051,0.526,0.1302
"4345",1,0.514655451566451,0.00613695944925123,0,0.423,0.051,0.526,0.1302
"4346",1,0.514655451566451,0.00613695944925123,0,0.423,0.051,0.526,0.1302
"4347",1,0.514655451566451,0.00613695944925123,0,0.423,0.051,0.526,0.1302
"4348",0.05859375,0.514655451566451,0.00613695944925123,0,0.423,0.051,0.526,0.1302
"4349",1,0.514655451566451,0.00613695944925123,0,0.423,0.051,0.526,0.1302
"4350",1,0.514655451566451,0.00613695944925123,0,0.423,0.051,0.526,0.1302
"4351",0.28125,0.514655451566451,0.00613695944925123,0,0.423,0.051,0.526,0.1302
"4352",1,0.514655451566451,0.00613695944925123,0,0.423,0.051,0.526,0.1302
"4353",0.06640625,0.514655451566451,0.00613695944925123,0,0.423,0.051,0.526,0.1302
"4354",0.0234375,0.514655451566451,0.00613695944925123,0,0.423,0.051,0.526,0.1302
"4355",1,0.514655451566451,0.00613695944925123,0,0.423,0.051,0.526,0.1302
"4356",0.01953125,0.514655451566451,0.00613695944925123,0,0.423,0.051,0.526,0.1302
"4357",0.01953125,0.514655451566451,0.00613695944925123,0,0.423,0.051,0.526,0.1302
"4358",0.01953125,0.514655451566451,0.00613695944925123,0,0.423,0.051,0.526,0.1302
"4359",0,0.514655451566451,0.00613695944925123,0,0.423,0.051,0.526,0.1302
"4360",1,0.514655451566451,0.00613695944925123,0,0.423,0.051,0.526,0.1302
"4361",1,0.514655451566451,0.00613695944925123,0,0.423,0.051,0.526,0.1302
"4362",1,0.514655451566451,0.00613695944925123,0,0.423,0.051,0.526,0.1302
"4363",1,0.514655451566451,0.00613695944925123,0,0.423,0.051,0.526,0.1302
"4364",1,0.514655451566451,0.00613695944925123,0,0.423,0.051,0.526,0.1302
"4365",1,0.514655451566451,0.00613695944925123,0,0.423,0.051,0.526,0.1302
"4366",0.03515625,0.514655451566451,0.00613695944925123,0,0.423,0.051,0.526,0.1302
"4367",0.00390625,0.514655451566451,0.00613695944925123,0,0.423,0.051,0.526,0.1302
"4368",1,0.514655451566451,0.00613695944925123,0,0.423,0.051,0.526,0.1302
"4369",1,0.514655451566451,0.00613695944925123,0,0.423,0.051,0.526,0.1302
"4370",1,0.514655451566451,0.00613695944925123,0,0.423,0.051,0.526,0.1302
"4371",1,0.514655451566451,0.00613695944925123,0,0.423,0.051,0.526,0.1302
"4372",0.03515625,0.514655451566451,0.00613695944925123,0,0.423,0.051,0.526,0.1302
"4373",1,0.514655451566451,0.00613695944925123,0,0.423,0.051,0.526,0.1302
"4374",0.0078125,0.514655451566451,0.00613695944925123,0,0.423,0.051,0.526,0.1302
"4375",0,0.514655451566451,0.00613695944925123,0,0.423,0.051,0.526,0.1302
"4376",1,0.514655451566451,0.00613695944925123,0,0.423,0.051,0.526,0.1302
"4377",0.1328125,0.514655451566451,0.00613695944925123,0,0.423,0.051,0.526,0.1302
"4378",1,0.514655451566451,0.00613695944925123,0,0.423,0.051,0.526,0.1302
"4379",0.00390625,0.514655451566451,0.00613695944925123,0,0.423,0.051,0.526,0.1302
"4380",1,0.514655451566451,0.00613695944925123,0,0.423,0.051,0.526,0.1302
"4381",1,0.514655451566451,0.00613695944925123,0,0.423,0.051,0.526,0.1302
"4382",0.03125,0.514655451566451,0.00613695944925123,0,0.423,0.051,0.526,0.1302
"4383",0.015625,0.514655451566451,0.00613695944925123,0,0.423,0.051,0.526,0.1302
"4384",1,0.514655451566451,0.00613695944925123,0,0.423,0.051,0.526,0.1302
"4385",1,0.514655451566451,0.00613695944925123,0,0.423,0.051,0.526,0.1302
"4386",0.00390625,0.514655451566451,0.00613695944925123,0,0.423,0.051,0.526,0.1302
"4387",1,0.514655451566451,0.00613695944925123,0,0.423,0.051,0.526,0.1302
"4388",0.04296875,0.514655451566451,0.00613695944925123,0,0.423,0.051,0.526,0.1302
"4389",0.02734375,0.514655451566451,0.00613695944925123,0,0.423,0.051,0.526,0.1302
"4390",0.02734375,0.514655451566451,0.00613695944925123,0,0.423,0.051,0.526,0.1302
"4391",1,0.514655451566451,0.00613695944925123,0,0.423,0.051,0.526,0.1302
"4392",1,0.514655451566451,0.00613695944925123,0,0.423,0.051,0.526,0.1302
"4393",1,0.514655451566451,0.00613695944925123,0,0.423,0.051,0.526,0.1302
"4394",1,0.514655451566451,0.00613695944925123,0,0.423,0.051,0.526,0.1302
"4395",1,0.514655451566451,0.00613695944925123,0,0.423,0.051,0.526,0.1302
"4396",0,0.514655451566451,0.00613695944925123,0,0.423,0.051,0.526,0.1302
"4397",1,0.514655451566451,0.00613695944925123,0,0.423,0.051,0.526,0.1302
"4398",1,0.514655451566451,0.00613695944925123,0,0.423,0.051,0.526,0.1302
"4399",0.01171875,0.514655451566451,0.00613695944925123,0,0.423,0.051,0.526,0.1302
"4400",1,0.514655451566451,0.00613695944925123,0,0.423,0.051,0.526,0.1302
"4401",1,0.514655451566451,0.00613695944925123,0,0.423,0.051,0.526,0.1302
"4402",1,0.514655451566451,0.00613695944925123,0,0.423,0.051,0.526,0.1302
"4403",1,0.514655451566451,0.00613695944925123,0,0.423,0.051,0.526,0.1302
"4404",0.00390625,0.514655451566451,0.00613695944925123,0,0.423,0.051,0.526,0.1302
"4405",1,0.514655451566451,0.00613695944925123,0,0.423,0.051,0.526,0.1302
"4406",1,0.514655451566451,0.00613695944925123,0,0.423,0.051,0.526,0.1302
"4407",0.01171875,0.514655451566451,0.00613695944925123,0,0.423,0.051,0.526,0.1302
"4408",1,0.514655451566451,0.00613695944925123,0,0.423,0.051,0.526,0.1302
"4409",0.01953125,0.514655451566451,0.00613695944925123,0,0.423,0.051,0.526,0.1302
"4410",1,0.514655451566451,0.00613695944925123,0,0.423,0.051,0.526,0.1302
"4411",1,0.514655451566451,0.00613695944925123,0,0.423,0.051,0.526,0.1302
"4412",1,0.514655451566451,0.00613695944925123,0,0.423,0.051,0.526,0.1302
"4413",1,0.514655451566451,0.00613695944925123,0,0.423,0.051,0.526,0.1302
"4414",1,0.514655451566451,0.00613695944925123,0,0.423,0.051,0.526,0.1302
"4415",1,0.514655451566451,0.00613695944925123,0,0.423,0.051,0.526,0.1302
"4416",0.08984375,0.514655451566451,0.00613695944925123,0,0.423,0.051,0.526,0.1302
"4417",1,0.514655451566451,0.00613695944925123,0,0.423,0.051,0.526,0.1302
"4418",0.0703125,0.514655451566451,0.00613695944925123,0,0.423,0.051,0.526,0.1302
"4419",0.04296875,0.514655451566451,0.00613695944925123,0,0.423,0.051,0.526,0.1302
"4420",0.015625,0.514655451566451,0.00613695944925123,0,0.423,0.051,0.526,0.1302
"4421",0.02734375,0.514655451566451,0.00613695944925123,0,0.423,0.051,0.526,0.1302
"4422",0.05078125,0.514655451566451,0.00613695944925123,0,0.423,0.051,0.526,0.1302
"4423",0.05859375,0.514655451566451,0.00613695944925123,0,0.423,0.051,0.526,0.1302
"4424",0.26171875,0.514655451566451,0.00613695944925123,0,0.423,0.051,0.526,0.1302
"4425",0.03515625,0.514655451566451,0.00613695944925123,0,0.423,0.051,0.526,0.1302
"4426",1,0.514655451566451,0.00613695944925123,0,0.423,0.051,0.526,0.1302
"4427",1,0.514655451566451,0.00613695944925123,0,0.423,0.051,0.526,0.1302
"4428",1,0.514655451566451,0.00613695944925123,0,0.423,0.051,0.526,0.1302
"4429",1,0.514655451566451,0.00613695944925123,0,0.423,0.051,0.526,0.1302
"4430",0.07421875,0.514655451566451,0.00613695944925123,0,0.423,0.051,0.526,0.1302
"4431",1,0.514655451566451,0.00613695944925123,0,0.423,0.051,0.526,0.1302
"4432",0.00390625,0.514655451566451,0.00613695944925123,0,0.423,0.051,0.526,0.1302
"4433",1,0.514655451566451,0.00613695944925123,0,0.423,0.051,0.526,0.1302
"4434",1,0.514655451566451,0.00613695944925123,0,0.423,0.051,0.526,0.1302
"4435",0.02734375,0.514655451566451,0.00613695944925123,0,0.423,0.051,0.526,0.1302
"4436",0.01953125,0.514655451566451,0.00613695944925123,0,0.423,0.051,0.526,0.1302
"4437",0.04296875,0.514655451566451,0.00613695944925123,0,0.423,0.051,0.526,0.1302
"4438",0.0625,0.514655451566451,0.00613695944925123,0,0.423,0.051,0.526,0.1302
"4439",1,0.514655451566451,0.00613695944925123,0,0.423,0.051,0.526,0.1302
"4440",0.05078125,0.514655451566451,0.00613695944925123,0,0.423,0.051,0.526,0.1302
"4441",0.0078125,0.514655451566451,0.00613695944925123,0,0.423,0.051,0.526,0.1302
"4442",1,0.514655451566451,0.00613695944925123,0,0.423,0.051,0.526,0.1302
"4443",1,0.514655451566451,0.00613695944925123,0,0.423,0.051,0.526,0.1302
"4444",1,0.514655451566451,0.00613695944925123,0,0.423,0.051,0.526,0.1302
"4445",1,0.514655451566451,0.00613695944925123,0,0.423,0.051,0.526,0.1302
"4446",1,0.514655451566451,0.00613695944925123,0,0.423,0.051,0.526,0.1302
"4447",1,0.514655451566451,0.00613695944925123,0,0.423,0.051,0.526,0.1302
"4448",1,0.514655451566451,0.00613695944925123,0,0.423,0.051,0.526,0.1302
"4449",1,0.514655451566451,0.00613695944925123,0,0.423,0.051,0.526,0.1302
"4450",1,0.514655451566451,0.00613695944925123,0,0.423,0.051,0.526,0.1302
"4451",0.1015625,0.514655451566451,0.00613695944925123,0,0.423,0.051,0.526,0.1302
"4452",1,0.514655451566451,0.00613695944925123,0,0.423,0.051,0.526,0.1302
"4453",0.0078125,0.514655451566451,0.00613695944925123,0,0.423,0.051,0.526,0.1302
"4454",1,0.514655451566451,0.00613695944925123,0,0.423,0.051,0.526,0.1302
"4455",0.01953125,0.514655451566451,0.00613695944925123,0,0.423,0.051,0.526,0.1302
"4456",1,0.514655451566451,0.00613695944925123,0,0.423,0.051,0.526,0.1302
"4457",0.0078125,0.514655451566451,0.00613695944925123,0,0.423,0.051,0.526,0.1302
"4458",0.1640625,0.514655451566451,0.00613695944925123,0,0.423,0.051,0.526,0.1302
"4459",1,0.514655451566451,0.00613695944925123,0,0.423,0.051,0.526,0.1302
"4460",1,0.514655451566451,0.00613695944925123,0,0.423,0.051,0.526,0.1302
"4461",1,0.514655451566451,0.00613695944925123,0,0.423,0.051,0.526,0.1302
"4462",1,0.514655451566451,0.00613695944925123,0,0.423,0.051,0.526,0.1302
"4463",0.0234375,0.514655451566451,0.00613695944925123,0,0.423,0.051,0.526,0.1302
"4464",0,0.514655451566451,0.00613695944925123,0,0.423,0.051,0.526,0.1302
"4465",1,0.514655451566451,0.00613695944925123,0,0.423,0.051,0.526,0.1302
"4466",0.0078125,0.514655451566451,0.00613695944925123,0,0.423,0.051,0.526,0.1302
"4467",0.09765625,0.514655451566451,0.00613695944925123,0,0.423,0.051,0.526,0.1302
"4468",1,0.514655451566451,0.00613695944925123,0,0.423,0.051,0.526,0.1302
"4469",0.06640625,0.514655451566451,0.00613695944925123,0,0.423,0.051,0.526,0.1302
"4470",1,0.514655451566451,0.00613695944925123,0,0.423,0.051,0.526,0.1302
"4471",0.03125,0.514655451566451,0.00613695944925123,0,0.423,0.051,0.526,0.1302
"4472",1,0.514655451566451,0.00613695944925123,0,0.423,0.051,0.526,0.1302
"4473",1,0.514655451566451,0.00613695944925123,0,0.423,0.051,0.526,0.1302
"4474",0.0234375,0.514655451566451,0.00613695944925123,0,0.423,0.051,0.526,0.1302
"4475",0.078125,0.514655451566451,0.00613695944925123,0,0.423,0.051,0.526,0.1302
"4476",1,0.514655451566451,0.00613695944925123,0,0.423,0.051,0.526,0.1302
"4477",0.02734375,0.514655451566451,0.00613695944925123,0,0.423,0.051,0.526,0.1302
"4478",1,0.514655451566451,0.00613695944925123,0,0.423,0.051,0.526,0.1302
"4479",1,0.514655451566451,0.00613695944925123,0,0.423,0.051,0.526,0.1302
"4480",0.0234375,0.514655451566451,0.00613695944925123,0,0.423,0.051,0.526,0.1302
"4481",0.03125,0.514655451566451,0.00613695944925123,0,0.423,0.051,0.526,0.1302
"4482",0.01953125,0.514655451566451,0.00613695944925123,0,0.423,0.051,0.526,0.1302
"4483",1,0.514655451566451,0.00613695944925123,0,0.423,0.051,0.526,0.1302
"4484",0.01171875,0.514655451566451,0.00613695944925123,0,0.423,0.051,0.526,0.1302
"4485",1,0.514655451566451,0.00613695944925123,0,0.423,0.051,0.526,0.1302
"4486",1,0.514655451566451,0.00613695944925123,0,0.423,0.051,0.526,0.1302
"4487",0.25390625,0.514655451566451,0.00613695944925123,0,0.423,0.051,0.526,0.1302
"4488",0.01171875,0.514655451566451,0.00613695944925123,0,0.423,0.051,0.526,0.1302
"4489",0.0078125,0.514655451566451,0.00613695944925123,0,0.423,0.051,0.526,0.1302
"4490",0.015625,0.514655451566451,0.00613695944925123,0,0.423,0.051,0.526,0.1302
"4491",1,0.514655451566451,0.00613695944925123,0,0.423,0.051,0.526,0.1302
"4492",0.03515625,0.514655451566451,0.00613695944925123,0,0.423,0.051,0.526,0.1302
"4493",1,0.514655451566451,0.00613695944925123,0,0.423,0.051,0.526,0.1302
"4494",1,0.514655451566451,0.00613695944925123,0,0.423,0.051,0.526,0.1302
"4495",0.03515625,0.514655451566451,0.00613695944925123,0,0.423,0.051,0.526,0.1302
"4496",0.01953125,0.514655451566451,0.00613695944925123,0,0.423,0.051,0.526,0.1302
"4497",0.00390625,0.514655451566451,0.00613695944925123,0,0.423,0.051,0.526,0.1302
"4498",1,0.514655451566451,0.00613695944925123,0,0.423,0.051,0.526,0.1302
"4499",1,0.514655451566451,0.00613695944925123,0,0.423,0.051,0.526,0.1302
"4500",0.04296875,0.514655451566451,0.00613695944925123,0,0.423,0.051,0.526,0.1302
"4501",1,0.514655451566451,0.00613695944925123,0,0.423,0.051,0.526,0.1302
"4502",0,0.514655451566451,0.00613695944925123,0,0.423,0.051,0.526,0.1302
"4503",1,0.514655451566451,0.00613695944925123,0,0.423,0.051,0.526,0.1302
"4504",0.015625,0.514655451566451,0.00613695944925123,0,0.423,0.051,0.526,0.1302
"4505",0.02734375,0.514655451566451,0.00613695944925123,0,0.423,0.051,0.526,0.1302
"4506",1,0.514655451566451,0.00613695944925123,0,0.423,0.051,0.526,0.1302
"4507",1,0.514655451566451,0.00613695944925123,0,0.423,0.051,0.526,0.1302
"4508",0.015625,0.514655451566451,0.00613695944925123,0,0.423,0.051,0.526,0.1302
"4509",0.0234375,0.514655451566451,0.00613695944925123,0,0.423,0.051,0.526,0.1302
"4510",0.01171875,0.514655451566451,0.00613695944925123,0,0.423,0.051,0.526,0.1302
"4511",0.03125,0.514655451566451,0.00613695944925123,0,0.423,0.051,0.526,0.1302
"4512",0.16015625,0.514655451566451,0.00613695944925123,0,0.423,0.051,0.526,0.1302
"4513",0,0.514655451566451,0.00613695944925123,0,0.423,0.051,0.526,0.1302
"4514",1,0.514655451566451,0.00613695944925123,0,0.423,0.051,0.526,0.1302
"4515",1,0.514655451566451,0.00613695944925123,0,0.423,0.051,0.526,0.1302
"4516",0.03125,0.514655451566451,0.00613695944925123,0,0.423,0.051,0.526,0.1302
"4517",0.01171875,0.514655451566451,0.00613695944925123,0,0.423,0.051,0.526,0.1302
"4518",1,0.514655451566451,0.00613695944925123,0,0.423,0.051,0.526,0.1302
"4519",1,0.514655451566451,0.00613695944925123,0,0.423,0.051,0.526,0.1302
"4520",1,0.514655451566451,0.00613695944925123,0,0.423,0.051,0.526,0.1302
"4521",0.00390625,0.514655451566451,0.00613695944925123,0,0.423,0.051,0.526,0.1302
"4522",0.015625,0.514655451566451,0.00613695944925123,0,0.423,0.051,0.526,0.1302
"4523",0.0390625,0.514655451566451,0.00613695944925123,0,0.423,0.051,0.526,0.1302
"4524",0.01953125,0.514655451566451,0.00613695944925123,0,0.423,0.051,0.526,0.1302
"4525",0.1328125,0.514655451566451,0.00613695944925123,0,0.423,0.051,0.526,0.1302
"4526",1,0.514655451566451,0.00613695944925123,0,0.423,0.051,0.526,0.1302
"4527",1,0.514655451566451,0.00613695944925123,0,0.423,0.051,0.526,0.1302
"4528",1,0.514655451566451,0.00613695944925123,0,0.423,0.051,0.526,0.1302
"4529",0.203125,0.514655451566451,0.00613695944925123,0,0.423,0.051,0.526,0.1302
"4530",1,0.514655451566451,0.00613695944925123,0,0.423,0.051,0.526,0.1302
"4531",1,0.514655451566451,0.00613695944925123,0,0.423,0.051,0.526,0.1302
"4532",1,0.514655451566451,0.00613695944925123,0,0.423,0.051,0.526,0.1302
"4533",0.078125,0.514655451566451,0.00613695944925123,0,0.423,0.051,0.526,0.1302
"4534",1,0.514655451566451,0.00613695944925123,0,0.423,0.051,0.526,0.1302
"4535",0.05859375,0.514655451566451,0.00613695944925123,0,0.423,0.051,0.526,0.1302
"4536",0.08203125,0.514655451566451,0.00613695944925123,0,0.423,0.051,0.526,0.1302
"4537",1,0.514655451566451,0.00613695944925123,0,0.423,0.051,0.526,0.1302
"4538",0,0.514655451566451,0.00613695944925123,0,0.423,0.051,0.526,0.1302
"4539",0.0234375,0.514655451566451,0.00613695944925123,0,0.423,0.051,0.526,0.1302
"4540",1,0.514655451566451,0.00613695944925123,0,0.423,0.051,0.526,0.1302
"4541",0.03515625,0.514655451566451,0.00613695944925123,0,0.423,0.051,0.526,0.1302
"4542",1,0.514655451566451,0.00613695944925123,0,0.423,0.051,0.526,0.1302
"4543",0.0078125,0.514655451566451,0.00613695944925123,0,0.423,0.051,0.526,0.1302
"4544",0.01953125,0.514655451566451,0.00613695944925123,0,0.423,0.051,0.526,0.1302
"4545",1,0.514655451566451,0.00613695944925123,0,0.423,0.051,0.526,0.1302
"4546",1,0.514655451566451,0.00613695944925123,0,0.423,0.051,0.526,0.1302
"4547",1,0.514655451566451,0.00613695944925123,0,0.423,0.051,0.526,0.1302
"4548",0.01171875,0.514655451566451,0.00613695944925123,0,0.423,0.051,0.526,0.1302
"4549",1,0.514655451566451,0.00613695944925123,0,0.423,0.051,0.526,0.1302
"4550",0.15234375,0.514655451566451,0.00613695944925123,0,0.423,0.051,0.526,0.1302
"4551",0.01953125,0.514655451566451,0.00613695944925123,0,0.423,0.051,0.526,0.1302
"4552",1,0.514655451566451,0.00613695944925123,0,0.423,0.051,0.526,0.1302
"4553",1,0.514655451566451,0.00613695944925123,0,0.423,0.051,0.526,0.1302
"4554",1,0.514655451566451,0.00613695944925123,0,0.423,0.051,0.526,0.1302
"4555",0.125,0.514655451566451,0.00613695944925123,0,0.423,0.051,0.526,0.1302
"4556",1,0.514655451566451,0.00613695944925123,0,0.423,0.051,0.526,0.1302
"4557",0.07421875,0.514655451566451,0.00613695944925123,0,0.423,0.051,0.526,0.1302
"4558",1,0.514655451566451,0.00613695944925123,0,0.423,0.051,0.526,0.1302
"4559",1,0.514655451566451,0.00613695944925123,0,0.423,0.051,0.526,0.1302
"4560",1,0.514655451566451,0.00613695944925123,0,0.423,0.051,0.526,0.1302
"4561",1,0.514655451566451,0.00613695944925123,0,0.423,0.051,0.526,0.1302
"4562",1,0.514655451566451,0.00613695944925123,0,0.423,0.051,0.526,0.1302
"4563",0.25390625,0.514655451566451,0.00613695944925123,0,0.423,0.051,0.526,0.1302
"4564",0.08203125,0.514655451566451,0.00613695944925123,0,0.423,0.051,0.526,0.1302
"4565",1,0.514655451566451,0.00613695944925123,0,0.423,0.051,0.526,0.1302
"4566",1,0.514655451566451,0.00613695944925123,0,0.423,0.051,0.526,0.1302
"4567",1,0.514655451566451,0.00613695944925123,0,0.423,0.051,0.526,0.1302
"4568",0.00390625,0.514655451566451,0.00613695944925123,0,0.423,0.051,0.526,0.1302
"4569",0.015625,0.514655451566451,0.00613695944925123,0,0.423,0.051,0.526,0.1302
"4570",1,0.514655451566451,0.00613695944925123,0,0.423,0.051,0.526,0.1302
"4571",1,0.514655451566451,0.00613695944925123,0,0.423,0.051,0.526,0.1302
"4572",0.015625,0.514655451566451,0.00613695944925123,0,0.423,0.051,0.526,0.1302
"4573",1,0.514655451566451,0.00613695944925123,0,0.423,0.051,0.526,0.1302
"4574",1,0.514655451566451,0.00613695944925123,0,0.423,0.051,0.526,0.1302
"4575",1,0.514655451566451,0.00613695944925123,0,0.423,0.051,0.526,0.1302
"4576",0.0078125,0.514655451566451,0.00613695944925123,0,0.423,0.051,0.526,0.1302
"4577",0.03125,0.514655451566451,0.00613695944925123,0,0.423,0.051,0.526,0.1302
"4578",1,0.514655451566451,0.00613695944925123,0,0.423,0.051,0.526,0.1302
"4579",1,0.514655451566451,0.00613695944925123,0,0.423,0.051,0.526,0.1302
"4580",0.00390625,0.514655451566451,0.00613695944925123,0,0.423,0.051,0.526,0.1302
"4581",1,0.514655451566451,0.00613695944925123,0,0.423,0.051,0.526,0.1302
"4582",1,0.514655451566451,0.00613695944925123,0,0.423,0.051,0.526,0.1302
"4583",1,0.514655451566451,0.00613695944925123,0,0.423,0.051,0.526,0.1302
"4584",0.34765625,0.514655451566451,0.00613695944925123,0,0.423,0.051,0.526,0.1302
"4585",0.0390625,0.514655451566451,0.00613695944925123,0,0.423,0.051,0.526,0.1302
"4586",0.0234375,0.514655451566451,0.00613695944925123,0,0.423,0.051,0.526,0.1302
"4587",1,0.514655451566451,0.00613695944925123,0,0.423,0.051,0.526,0.1302
"4588",1,0.514655451566451,0.00613695944925123,0,0.423,0.051,0.526,0.1302
"4589",1,0.514655451566451,0.00613695944925123,0,0.423,0.051,0.526,0.1302
"4590",1,0.514655451566451,0.00613695944925123,0,0.423,0.051,0.526,0.1302
"4591",0.08203125,0.514655451566451,0.00613695944925123,0,0.423,0.051,0.526,0.1302
"4592",0.01171875,0.514655451566451,0.00613695944925123,0,0.423,0.051,0.526,0.1302
"4593",1,0.514655451566451,0.00613695944925123,0,0.423,0.051,0.526,0.1302
"4594",1,0.514655451566451,0.00613695944925123,0,0.423,0.051,0.526,0.1302
"4595",1,0.514655451566451,0.00613695944925123,0,0.423,0.051,0.526,0.1302
"4596",1,0.514655451566451,0.00613695944925123,0,0.423,0.051,0.526,0.1302
"4597",0.03125,0.514655451566451,0.00613695944925123,0,0.423,0.051,0.526,0.1302
"4598",0.01171875,0.514655451566451,0.00613695944925123,0,0.423,0.051,0.526,0.1302
"4599",1,0.514655451566451,0.00613695944925123,0,0.423,0.051,0.526,0.1302
"4600",1,0.514655451566451,0.00613695944925123,0,0.423,0.051,0.526,0.1302
"4601",0.02734375,0.514655451566451,0.00613695944925123,0,0.423,0.051,0.526,0.1302
"4602",1,0.514655451566451,0.00613695944925123,0,0.423,0.051,0.526,0.1302
"4603",1,0.514655451566451,0.00613695944925123,0,0.423,0.051,0.526,0.1302
"4604",1,0.514655451566451,0.00613695944925123,0,0.423,0.051,0.526,0.1302
"4605",0.03125,0.514655451566451,0.00613695944925123,0,0.423,0.051,0.526,0.1302
"4606",0.03125,0.514655451566451,0.00613695944925123,0,0.423,0.051,0.526,0.1302
"4607",1,0.514655451566451,0.00613695944925123,0,0.423,0.051,0.526,0.1302
"4608",1,0.514655451566451,0.00613695944925123,0,0.423,0.051,0.526,0.1302
"4609",1,0.514655451566451,0.00613695944925123,0,0.423,0.051,0.526,0.1302
"4610",0.50390625,0.514655451566451,0.00613695944925123,0,0.423,0.051,0.526,0.1302
"4611",0.0078125,0.514655451566451,0.00613695944925123,0,0.423,0.051,0.526,0.1302
"4612",1,0.514655451566451,0.00613695944925123,0,0.423,0.051,0.526,0.1302
"4613",1,0.514655451566451,0.00613695944925123,0,0.423,0.051,0.526,0.1302
"4614",1,0.514655451566451,0.00613695944925123,0,0.423,0.051,0.526,0.1302
"4615",0.0078125,0.514655451566451,0.00613695944925123,0,0.423,0.051,0.526,0.1302
"4616",0.0390625,0.514655451566451,0.00613695944925123,0,0.423,0.051,0.526,0.1302
"4617",1,0.514655451566451,0.00613695944925123,0,0.423,0.051,0.526,0.1302
"4618",1,0.514655451566451,0.00613695944925123,0,0.423,0.051,0.526,0.1302
"4619",1,0.514655451566451,0.00613695944925123,0,0.423,0.051,0.526,0.1302
"4620",0.04296875,0.514655451566451,0.00613695944925123,0,0.423,0.051,0.526,0.1302
"4621",1,0.514655451566451,0.00613695944925123,0,0.423,0.051,0.526,0.1302
"4622",1,0.514655451566451,0.00613695944925123,0,0.423,0.051,0.526,0.1302
"4623",1,0.514655451566451,0.00613695944925123,0,0.423,0.051,0.526,0.1302
"4624",1,0.514655451566451,0.00613695944925123,0,0.423,0.051,0.526,0.1302
"4625",1,0.514655451566451,0.00613695944925123,0,0.423,0.051,0.526,0.1302
"4626",1,0.514655451566451,0.00613695944925123,0,0.423,0.051,0.526,0.1302
"4627",1,0.514655451566451,0.00613695944925123,0,0.423,0.051,0.526,0.1302
"4628",1,0.514655451566451,0.00613695944925123,0,0.423,0.051,0.526,0.1302
"4629",1,0.514655451566451,0.00613695944925123,0,0.423,0.051,0.526,0.1302
"4630",0.0390625,0.514655451566451,0.00613695944925123,0,0.423,0.051,0.526,0.1302
"4631",0.0390625,0.514655451566451,0.00613695944925123,0,0.423,0.051,0.526,0.1302
"4632",1,0.514655451566451,0.00613695944925123,0,0.423,0.051,0.526,0.1302
"4633",0.01171875,0.514655451566451,0.00613695944925123,0,0.423,0.051,0.526,0.1302
"4634",1,0.514655451566451,0.00613695944925123,0,0.423,0.051,0.526,0.1302
"4635",0,0.514655451566451,0.00613695944925123,0,0.423,0.051,0.526,0.1302
"4636",0.0078125,0.514655451566451,0.00613695944925123,0,0.423,0.051,0.526,0.1302
"4637",0.078125,0.514655451566451,0.00613695944925123,0,0.423,0.051,0.526,0.1302
"4638",0.00390625,0.514655451566451,0.00613695944925123,0,0.423,0.051,0.526,0.1302
"4639",0.0546875,0.514655451566451,0.00613695944925123,0,0.423,0.051,0.526,0.1302
"4640",0.01953125,0.514655451566451,0.00613695944925123,0,0.423,0.051,0.526,0.1302
"4641",0.2734375,0.514655451566451,0.00613695944925123,0,0.423,0.051,0.526,0.1302
"4642",0.0703125,0.514655451566451,0.00613695944925123,0,0.423,0.051,0.526,0.1302
"4643",1,0.514655451566451,0.00613695944925123,0,0.423,0.051,0.526,0.1302
"4644",1,0.514655451566451,0.00613695944925123,0,0.423,0.051,0.526,0.1302
"4645",1,0.514655451566451,0.00613695944925123,0,0.423,0.051,0.526,0.1302
"4646",1,0.514655451566451,0.00613695944925123,0,0.423,0.051,0.526,0.1302
"4647",1,0.514655451566451,0.00613695944925123,0,0.423,0.051,0.526,0.1302
"4648",1,0.514655451566451,0.00613695944925123,0,0.423,0.051,0.526,0.1302
"4649",1,0.514655451566451,0.00613695944925123,0,0.423,0.051,0.526,0.1302
"4650",0.2578125,0.514655451566451,0.00613695944925123,0,0.423,0.051,0.526,0.1302
"4651",1,0.514655451566451,0.00613695944925123,0,0.423,0.051,0.526,0.1302
"4652",1,0.514655451566451,0.00613695944925123,0,0.423,0.051,0.526,0.1302
"4653",1,0.514655451566451,0.00613695944925123,0,0.423,0.051,0.526,0.1302
"4654",1,0.514655451566451,0.00613695944925123,0,0.423,0.051,0.526,0.1302
"4655",1,0.514655451566451,0.00613695944925123,0,0.423,0.051,0.526,0.1302
"4656",0.03125,0.514655451566451,0.00613695944925123,0,0.423,0.051,0.526,0.1302
"4657",1,0.514655451566451,0.00613695944925123,0,0.423,0.051,0.526,0.1302
"4658",0.00390625,0.514655451566451,0.00613695944925123,0,0.423,0.051,0.526,0.1302
"4659",1,0.514655451566451,0.00613695944925123,0,0.423,0.051,0.526,0.1302
"4660",1,0.514655451566451,0.00613695944925123,0,0.423,0.051,0.526,0.1302
"4661",1,0.514655451566451,0.00613695944925123,0,0.423,0.051,0.526,0.1302
"4662",0.03125,0.514655451566451,0.00613695944925123,0,0.423,0.051,0.526,0.1302
"4663",1,0.514655451566451,0.00613695944925123,0,0.423,0.051,0.526,0.1302
"4664",0.0078125,0.514655451566451,0.00613695944925123,0,0.423,0.051,0.526,0.1302
"4665",1,0.514655451566451,0.00613695944925123,0,0.423,0.051,0.526,0.1302
"4666",0.265625,0.514655451566451,0.00613695944925123,0,0.423,0.051,0.526,0.1302
"4667",1,0.514655451566451,0.00613695944925123,0,0.423,0.051,0.526,0.1302
"4668",0.03125,0.514655451566451,0.00613695944925123,0,0.423,0.051,0.526,0.1302
"4669",0.14453125,0.514655451566451,0.00613695944925123,0,0.423,0.051,0.526,0.1302
"4670",0.01953125,0.514655451566451,0.00613695944925123,0,0.423,0.051,0.526,0.1302
"4671",1,0.514655451566451,0.00613695944925123,0,0.423,0.051,0.526,0.1302
"4672",0.05859375,0.514655451566451,0.00613695944925123,0,0.423,0.051,0.526,0.1302
"4673",1,0.514655451566451,0.00613695944925123,0,0.423,0.051,0.526,0.1302
"4674",1,0.514655451566451,0.00613695944925123,0,0.423,0.051,0.526,0.1302
"4675",0.00390625,0.514655451566451,0.00613695944925123,0,0.423,0.051,0.526,0.1302
"4676",1,0.514655451566451,0.00613695944925123,0,0.423,0.051,0.526,0.1302
"4677",0.05078125,0.514655451566451,0.00613695944925123,0,0.423,0.051,0.526,0.1302
"4678",0.00390625,0.514655451566451,0.00613695944925123,0,0.423,0.051,0.526,0.1302
"4679",1,0.514655451566451,0.00613695944925123,0,0.423,0.051,0.526,0.1302
"4680",0.0078125,0.514655451566451,0.00613695944925123,0,0.423,0.051,0.526,0.1302
"4681",1,0.514655451566451,0.00613695944925123,0,0.423,0.051,0.526,0.1302
"4682",0.0703125,0.514655451566451,0.00613695944925123,0,0.423,0.051,0.526,0.1302
"4683",1,0.514655451566451,0.00613695944925123,0,0.423,0.051,0.526,0.1302
"4684",1,0.514655451566451,0.00613695944925123,0,0.423,0.051,0.526,0.1302
"4685",1,0.514655451566451,0.00613695944925123,0,0.423,0.051,0.526,0.1302
"4686",1,0.514655451566451,0.00613695944925123,0,0.423,0.051,0.526,0.1302
"4687",0.02734375,0.514655451566451,0.00613695944925123,0,0.423,0.051,0.526,0.1302
"4688",0.015625,0.514655451566451,0.00613695944925123,0,0.423,0.051,0.526,0.1302
"4689",1,0.514655451566451,0.00613695944925123,0,0.423,0.051,0.526,0.1302
"4690",1,0.514655451566451,0.00613695944925123,0,0.423,0.051,0.526,0.1302
"4691",0.00390625,0.514655451566451,0.00613695944925123,0,0.423,0.051,0.526,0.1302
"4692",0.01171875,0.514655451566451,0.00613695944925123,0,0.423,0.051,0.526,0.1302
"4693",1,0.514655451566451,0.00613695944925123,0,0.423,0.051,0.526,0.1302
"4694",0.0390625,0.514655451566451,0.00613695944925123,0,0.423,0.051,0.526,0.1302
"4695",0.0546875,0.514655451566451,0.00613695944925123,0,0.423,0.051,0.526,0.1302
"4696",0.03515625,0.514655451566451,0.00613695944925123,0,0.423,0.051,0.526,0.1302
"4697",0.08203125,0.514655451566451,0.00613695944925123,0,0.423,0.051,0.526,0.1302
"4698",1,0.514655451566451,0.00613695944925123,0,0.423,0.051,0.526,0.1302
"4699",0.05078125,0.514655451566451,0.00613695944925123,0,0.423,0.051,0.526,0.1302
"4700",1,0.514655451566451,0.00613695944925123,0,0.423,0.051,0.526,0.1302
"4701",1,0.514655451566451,0.00613695944925123,0,0.423,0.051,0.526,0.1302
"4702",1,0.514655451566451,0.00613695944925123,0,0.423,0.051,0.526,0.1302
"4703",0.2578125,0.514655451566451,0.00613695944925123,0,0.423,0.051,0.526,0.1302
"4704",0.04296875,0.514655451566451,0.00613695944925123,0,0.423,0.051,0.526,0.1302
"4705",1,0.514655451566451,0.00613695944925123,0,0.423,0.051,0.526,0.1302
"4706",0.015625,0.514655451566451,0.00613695944925123,0,0.423,0.051,0.526,0.1302
"4707",1,0.514655451566451,0.00613695944925123,0,0.423,0.051,0.526,0.1302
"4708",0.015625,0.514655451566451,0.00613695944925123,0,0.423,0.051,0.526,0.1302
"4709",1,0.514655451566451,0.00613695944925123,0,0.423,0.051,0.526,0.1302
"4710",1,0.514655451566451,0.00613695944925123,0,0.423,0.051,0.526,0.1302
"4711",1,0.514655451566451,0.00613695944925123,0,0.423,0.051,0.526,0.1302
"4712",1,0.514655451566451,0.00613695944925123,0,0.423,0.051,0.526,0.1302
"4713",1,0.514655451566451,0.00613695944925123,0,0.423,0.051,0.526,0.1302
"4714",0.078125,0.514655451566451,0.00613695944925123,0,0.423,0.051,0.526,0.1302
"4715",1,0.514655451566451,0.00613695944925123,0,0.423,0.051,0.526,0.1302
"4716",0,0.514655451566451,0.00613695944925123,0,0.423,0.051,0.526,0.1302
"4717",1,0.514655451566451,0.00613695944925123,0,0.423,0.051,0.526,0.1302
"4718",1,0.514655451566451,0.00613695944925123,0,0.423,0.051,0.526,0.1302
"4719",1,0.514655451566451,0.00613695944925123,0,0.423,0.051,0.526,0.1302
"4720",1,0.514655451566451,0.00613695944925123,0,0.423,0.051,0.526,0.1302
"4721",1,0.514655451566451,0.00613695944925123,0,0.423,0.051,0.526,0.1302
"4722",1,0.514655451566451,0.00613695944925123,0,0.423,0.051,0.526,0.1302
"4723",1,0.514655451566451,0.00613695944925123,0,0.423,0.051,0.526,0.1302
"4724",1,0.514655451566451,0.00613695944925123,0,0.423,0.051,0.526,0.1302
"4725",0.265625,0.514655451566451,0.00613695944925123,0,0.423,0.051,0.526,0.1302
"4726",1,0.514655451566451,0.00613695944925123,0,0.423,0.051,0.526,0.1302
"4727",1,0.514655451566451,0.00613695944925123,0,0.423,0.051,0.526,0.1302
"4728",0.2578125,0.514655451566451,0.00613695944925123,0,0.423,0.051,0.526,0.1302
"4729",1,0.514655451566451,0.00613695944925123,0,0.423,0.051,0.526,0.1302
"4730",0.02734375,0.514655451566451,0.00613695944925123,0,0.423,0.051,0.526,0.1302
"4731",0.01171875,0.514655451566451,0.00613695944925123,0,0.423,0.051,0.526,0.1302
"4732",1,0.514655451566451,0.00613695944925123,0,0.423,0.051,0.526,0.1302
"4733",0.01171875,0.514655451566451,0.00613695944925123,0,0.423,0.051,0.526,0.1302
"4734",1,0.514655451566451,0.00613695944925123,0,0.423,0.051,0.526,0.1302
"4735",0.0078125,0.514655451566451,0.00613695944925123,0,0.423,0.051,0.526,0.1302
"4736",0.0078125,0.514655451566451,0.00613695944925123,0,0.423,0.051,0.526,0.1302
"4737",1,0.514655451566451,0.00613695944925123,0,0.423,0.051,0.526,0.1302
"4738",1,0.514655451566451,0.00613695944925123,0,0.423,0.051,0.526,0.1302
"4739",1,0.514655451566451,0.00613695944925123,0,0.423,0.051,0.526,0.1302
"4740",1,0.514655451566451,0.00613695944925123,0,0.423,0.051,0.526,0.1302
"4741",1,0.514655451566451,0.00613695944925123,0,0.423,0.051,0.526,0.1302
"4742",0.0703125,0.514655451566451,0.00613695944925123,0,0.423,0.051,0.526,0.1302
"4743",0.00390625,0.514655451566451,0.00613695944925123,0,0.423,0.051,0.526,0.1302
"4744",1,0.514655451566451,0.00613695944925123,0,0.423,0.051,0.526,0.1302
"4745",1,0.514655451566451,0.00613695944925123,0,0.423,0.051,0.526,0.1302
"4746",1,0.514655451566451,0.00613695944925123,0,0.423,0.051,0.526,0.1302
"4747",1,0.514655451566451,0.00613695944925123,0,0.423,0.051,0.526,0.1302
"4748",0.00390625,0.514655451566451,0.00613695944925123,0,0.423,0.051,0.526,0.1302
"4749",1,0.514655451566451,0.00613695944925123,0,0.423,0.051,0.526,0.1302
"4750",0.00390625,0.514655451566451,0.00613695944925123,0,0.423,0.051,0.526,0.1302
"4751",1,0.514655451566451,0.00613695944925123,0,0.423,0.051,0.526,0.1302
"4752",1,0.514655451566451,0.00613695944925123,0,0.423,0.051,0.526,0.1302
"4753",1,0.514655451566451,0.00613695944925123,0,0.423,0.051,0.526,0.1302
"4754",1,0.514655451566451,0.00613695944925123,0,0.423,0.051,0.526,0.1302
"4755",1,0.514655451566451,0.00613695944925123,0,0.423,0.051,0.526,0.1302
"4756",0.05078125,0.514655451566451,0.00613695944925123,0,0.423,0.051,0.526,0.1302
"4757",1,0.514655451566451,0.00613695944925123,0,0.423,0.051,0.526,0.1302
"4758",1,0.514655451566451,0.00613695944925123,0,0.423,0.051,0.526,0.1302
"4759",1,0.514655451566451,0.00613695944925123,0,0.423,0.051,0.526,0.1302
"4760",0.015625,0.514655451566451,0.00613695944925123,0,0.423,0.051,0.526,0.1302
"4761",1,0.514655451566451,0.00613695944925123,0,0.423,0.051,0.526,0.1302
"4762",1,0.514655451566451,0.00613695944925123,0,0.423,0.051,0.526,0.1302
"4763",0.01171875,0.514655451566451,0.00613695944925123,0,0.423,0.051,0.526,0.1302
"4764",1,0.514655451566451,0.00613695944925123,0,0.423,0.051,0.526,0.1302
"4765",1,0.514655451566451,0.00613695944925123,0,0.423,0.051,0.526,0.1302
"4766",1,0.514655451566451,0.00613695944925123,0,0.423,0.051,0.526,0.1302
"4767",0.046875,0.514655451566451,0.00613695944925123,0,0.423,0.051,0.526,0.1302
"4768",1,0.514655451566451,0.00613695944925123,0,0.423,0.051,0.526,0.1302
"4769",0,0.514655451566451,0.00613695944925123,0,0.423,0.051,0.526,0.1302
"4770",0.03125,0.514655451566451,0.00613695944925123,0,0.423,0.051,0.526,0.1302
"4771",1,0.514655451566451,0.00613695944925123,0,0.423,0.051,0.526,0.1302
"4772",0.05078125,0.514655451566451,0.00613695944925123,0,0.423,0.051,0.526,0.1302
"4773",0.02734375,0.514655451566451,0.00613695944925123,0,0.423,0.051,0.526,0.1302
"4774",1,0.514655451566451,0.00613695944925123,0,0.423,0.051,0.526,0.1302
"4775",1,0.514655451566451,0.00613695944925123,0,0.423,0.051,0.526,0.1302
"4776",0.14453125,0.514655451566451,0.00613695944925123,0,0.423,0.051,0.526,0.1302
"4777",0.02734375,0.514655451566451,0.00613695944925123,0,0.423,0.051,0.526,0.1302
"4778",1,0.514655451566451,0.00613695944925123,0,0.423,0.051,0.526,0.1302
"4779",0.0859375,0.514655451566451,0.00613695944925123,0,0.423,0.051,0.526,0.1302
"4780",1,0.514655451566451,0.00613695944925123,0,0.423,0.051,0.526,0.1302
"4781",1,0.514655451566451,0.00613695944925123,0,0.423,0.051,0.526,0.1302
"4782",1,0.514655451566451,0.00613695944925123,0,0.423,0.051,0.526,0.1302
"4783",1,0.514655451566451,0.00613695944925123,0,0.423,0.051,0.526,0.1302
"4784",0.046875,0.514655451566451,0.00613695944925123,0,0.423,0.051,0.526,0.1302
"4785",0.0234375,0.514655451566451,0.00613695944925123,0,0.423,0.051,0.526,0.1302
"4786",1,0.514655451566451,0.00613695944925123,0,0.423,0.051,0.526,0.1302
"4787",0.03515625,0.514655451566451,0.00613695944925123,0,0.423,0.051,0.526,0.1302
"4788",0.046875,0.514655451566451,0.00613695944925123,0,0.423,0.051,0.526,0.1302
"4789",1,0.514655451566451,0.00613695944925123,0,0.423,0.051,0.526,0.1302
"4790",0.5,0.514655451566451,0.00613695944925123,0,0.423,0.051,0.526,0.1302
"4791",0,0.514655451566451,0.00613695944925123,0,0.423,0.051,0.526,0.1302
"4792",0.0234375,0.514655451566451,0.00613695944925123,0,0.423,0.051,0.526,0.1302
"4793",1,0.514655451566451,0.00613695944925123,0,0.423,0.051,0.526,0.1302
"4794",0.29296875,0.514655451566451,0.00613695944925123,0,0.423,0.051,0.526,0.1302
"4795",0.015625,0.514655451566451,0.00613695944925123,0,0.423,0.051,0.526,0.1302
"4796",1,0.514655451566451,0.00613695944925123,0,0.423,0.051,0.526,0.1302
"4797",1,0.514655451566451,0.00613695944925123,0,0.423,0.051,0.526,0.1302
"4798",1,0.514655451566451,0.00613695944925123,0,0.423,0.051,0.526,0.1302
"4799",1,0.514655451566451,0.00613695944925123,0,0.423,0.051,0.526,0.1302
"4800",1,0.514655451566451,0.00613695944925123,0,0.423,0.051,0.526,0.1302
"4801",0.03125,0.514655451566451,0.00613695944925123,0,0.423,0.051,0.526,0.1302
"4802",0.03515625,0.514655451566451,0.00613695944925123,0,0.423,0.051,0.526,0.1302
"4803",0.00390625,0.514655451566451,0.00613695944925123,0,0.423,0.051,0.526,0.1302
"4804",0.0078125,0.514655451566451,0.00613695944925123,0,0.423,0.051,0.526,0.1302
"4805",1,0.514655451566451,0.00613695944925123,0,0.423,0.051,0.526,0.1302
"4806",1,0.514655451566451,0.00613695944925123,0,0.423,0.051,0.526,0.1302
"4807",1,0.514655451566451,0.00613695944925123,0,0.423,0.051,0.526,0.1302
"4808",0.04296875,0.514655451566451,0.00613695944925123,0,0.423,0.051,0.526,0.1302
"4809",0.0078125,0.514655451566451,0.00613695944925123,0,0.423,0.051,0.526,0.1302
"4810",0.0859375,0.514655451566451,0.00613695944925123,0,0.423,0.051,0.526,0.1302
"4811",0.13671875,0.514655451566451,0.00613695944925123,0,0.423,0.051,0.526,0.1302
"4812",1,0.514655451566451,0.00613695944925123,0,0.423,0.051,0.526,0.1302
"4813",0.0078125,0.514655451566451,0.00613695944925123,0,0.423,0.051,0.526,0.1302
"4814",0.015625,0.514655451566451,0.00613695944925123,0,0.423,0.051,0.526,0.1302
"4815",0.0390625,0.514655451566451,0.00613695944925123,0,0.423,0.051,0.526,0.1302
"4816",0.015625,0.514655451566451,0.00613695944925123,0,0.423,0.051,0.526,0.1302
"4817",0.51171875,0.514655451566451,0.00613695944925123,0,0.423,0.051,0.526,0.1302
"4818",0.00390625,0.514655451566451,0.00613695944925123,0,0.423,0.051,0.526,0.1302
"4819",1,0.514655451566451,0.00613695944925123,0,0.423,0.051,0.526,0.1302
"4820",0,0.514655451566451,0.00613695944925123,0,0.423,0.051,0.526,0.1302
"4821",1,0.514655451566451,0.00613695944925123,0,0.423,0.051,0.526,0.1302
"4822",0.05078125,0.514655451566451,0.00613695944925123,0,0.423,0.051,0.526,0.1302
"4823",1,0.514655451566451,0.00613695944925123,0,0.423,0.051,0.526,0.1302
"4824",1,0.514655451566451,0.00613695944925123,0,0.423,0.051,0.526,0.1302
"4825",0.0078125,0.514655451566451,0.00613695944925123,0,0.423,0.051,0.526,0.1302
"4826",0.03125,0.514655451566451,0.00613695944925123,0,0.423,0.051,0.526,0.1302
"4827",1,0.514655451566451,0.00613695944925123,0,0.423,0.051,0.526,0.1302
"4828",0.03125,0.514655451566451,0.00613695944925123,0,0.423,0.051,0.526,0.1302
"4829",0.02734375,0.514655451566451,0.00613695944925123,0,0.423,0.051,0.526,0.1302
"4830",0.03515625,0.514655451566451,0.00613695944925123,0,0.423,0.051,0.526,0.1302
"4831",1,0.514655451566451,0.00613695944925123,0,0.423,0.051,0.526,0.1302
"4832",1,0.514655451566451,0.00613695944925123,0,0.423,0.051,0.526,0.1302
"4833",0.0078125,0.514655451566451,0.00613695944925123,0,0.423,0.051,0.526,0.1302
"4834",0.02734375,0.514655451566451,0.00613695944925123,0,0.423,0.051,0.526,0.1302
"4835",0.046875,0.514655451566451,0.00613695944925123,0,0.423,0.051,0.526,0.1302
"4836",0.0078125,0.514655451566451,0.00613695944925123,0,0.423,0.051,0.526,0.1302
"4837",1,0.514655451566451,0.00613695944925123,0,0.423,0.051,0.526,0.1302
"4838",0.328125,0.514655451566451,0.00613695944925123,0,0.423,0.051,0.526,0.1302
"4839",0.09765625,0.514655451566451,0.00613695944925123,0,0.423,0.051,0.526,0.1302
"4840",1,0.514655451566451,0.00613695944925123,0,0.423,0.051,0.526,0.1302
"4841",1,0.514655451566451,0.00613695944925123,0,0.423,0.051,0.526,0.1302
"4842",1,0.514655451566451,0.00613695944925123,0,0.423,0.051,0.526,0.1302
"4843",1,0.514655451566451,0.00613695944925123,0,0.423,0.051,0.526,0.1302
"4844",0.09375,0.514655451566451,0.00613695944925123,0,0.423,0.051,0.526,0.1302
"4845",0.1328125,0.514655451566451,0.00613695944925123,0,0.423,0.051,0.526,0.1302
"4846",0.13671875,0.514655451566451,0.00613695944925123,0,0.423,0.051,0.526,0.1302
"4847",0.08984375,0.514655451566451,0.00613695944925123,0,0.423,0.051,0.526,0.1302
"4848",0.00390625,0.514655451566451,0.00613695944925123,0,0.423,0.051,0.526,0.1302
"4849",1,0.514655451566451,0.00613695944925123,0,0.423,0.051,0.526,0.1302
"4850",1,0.514655451566451,0.00613695944925123,0,0.423,0.051,0.526,0.1302
"4851",0.0390625,0.514655451566451,0.00613695944925123,0,0.423,0.051,0.526,0.1302
"4852",0.046875,0.514655451566451,0.00613695944925123,0,0.423,0.051,0.526,0.1302
"4853",1,0.514655451566451,0.00613695944925123,0,0.423,0.051,0.526,0.1302
"4854",0.01171875,0.514655451566451,0.00613695944925123,0,0.423,0.051,0.526,0.1302
"4855",0.015625,0.514655451566451,0.00613695944925123,0,0.423,0.051,0.526,0.1302
"4856",0.04296875,0.514655451566451,0.00613695944925123,0,0.423,0.051,0.526,0.1302
"4857",0.09375,0.514655451566451,0.00613695944925123,0,0.423,0.051,0.526,0.1302
"4858",1,0.514655451566451,0.00613695944925123,0,0.423,0.051,0.526,0.1302
"4859",1,0.514655451566451,0.00613695944925123,0,0.423,0.051,0.526,0.1302
"4860",0.0625,0.514655451566451,0.00613695944925123,0,0.423,0.051,0.526,0.1302
"4861",1,0.514655451566451,0.00613695944925123,0,0.423,0.051,0.526,0.1302
"4862",0.015625,0.514655451566451,0.00613695944925123,0,0.423,0.051,0.526,0.1302
"4863",0.04296875,0.514655451566451,0.00613695944925123,0,0.423,0.051,0.526,0.1302
"4864",1,0.514655451566451,0.00613695944925123,0,0.423,0.051,0.526,0.1302
"4865",0.03515625,0.514655451566451,0.00613695944925123,0,0.423,0.051,0.526,0.1302
"4866",1,0.514655451566451,0.00613695944925123,0,0.423,0.051,0.526,0.1302
"4867",1,0.514655451566451,0.00613695944925123,0,0.423,0.051,0.526,0.1302
"4868",1,0.514655451566451,0.00613695944925123,0,0.423,0.051,0.526,0.1302
"4869",1,0.514655451566451,0.00613695944925123,0,0.423,0.051,0.526,0.1302
"4870",0.0078125,0.514655451566451,0.00613695944925123,0,0.423,0.051,0.526,0.1302
"4871",1,0.514655451566451,0.00613695944925123,0,0.423,0.051,0.526,0.1302
"4872",0.140625,0.514655451566451,0.00613695944925123,0,0.423,0.051,0.526,0.1302
"4873",1,0.514655451566451,0.00613695944925123,0,0.423,0.051,0.526,0.1302
"4874",1,0.514655451566451,0.00613695944925123,0,0.423,0.051,0.526,0.1302
"4875",1,0.514655451566451,0.00613695944925123,0,0.423,0.051,0.526,0.1302
"4876",1,0.514655451566451,0.00613695944925123,0,0.423,0.051,0.526,0.1302
"4877",1,0.514655451566451,0.00613695944925123,0,0.423,0.051,0.526,0.1302
"4878",1,0.514655451566451,0.00613695944925123,0,0.423,0.051,0.526,0.1302
"4879",1,0.514655451566451,0.00613695944925123,0,0.423,0.051,0.526,0.1302
"4880",0.0390625,0.514655451566451,0.00613695944925123,0,0.423,0.051,0.526,0.1302
"4881",1,0.514655451566451,0.00613695944925123,0,0.423,0.051,0.526,0.1302
"4882",0.0703125,0.514655451566451,0.00613695944925123,0,0.423,0.051,0.526,0.1302
"4883",0.05859375,0.514655451566451,0.00613695944925123,0,0.423,0.051,0.526,0.1302
"4884",0.00390625,0.514655451566451,0.00613695944925123,0,0.423,0.051,0.526,0.1302
"4885",0.0390625,0.514655451566451,0.00613695944925123,0,0.423,0.051,0.526,0.1302
"4886",1,0.514655451566451,0.00613695944925123,0,0.423,0.051,0.526,0.1302
"4887",1,0.514655451566451,0.00613695944925123,0,0.423,0.051,0.526,0.1302
"4888",0.07421875,0.514655451566451,0.00613695944925123,0,0.423,0.051,0.526,0.1302
"4889",0.00390625,0.514655451566451,0.00613695944925123,0,0.423,0.051,0.526,0.1302
"4890",1,0.514655451566451,0.00613695944925123,0,0.423,0.051,0.526,0.1302
"4891",1,0.514655451566451,0.00613695944925123,0,0.423,0.051,0.526,0.1302
"4892",1,0.514655451566451,0.00613695944925123,0,0.423,0.051,0.526,0.1302
"4893",1,0.514655451566451,0.00613695944925123,0,0.423,0.051,0.526,0.1302
"4894",0.02734375,0.514655451566451,0.00613695944925123,0,0.423,0.051,0.526,0.1302
"4895",1,0.514655451566451,0.00613695944925123,0,0.423,0.051,0.526,0.1302
"4896",1,0.514655451566451,0.00613695944925123,0,0.423,0.051,0.526,0.1302
"4897",1,0.514655451566451,0.00613695944925123,0,0.423,0.051,0.526,0.1302
"4898",0.0078125,0.514655451566451,0.00613695944925123,0,0.423,0.051,0.526,0.1302
"4899",1,0.514655451566451,0.00613695944925123,0,0.423,0.051,0.526,0.1302
"4900",1,0.514655451566451,0.00613695944925123,0,0.423,0.051,0.526,0.1302
"4901",1,0.514655451566451,0.00613695944925123,0,0.423,0.051,0.526,0.1302
"4902",0.00390625,0.514655451566451,0.00613695944925123,0,0.423,0.051,0.526,0.1302
"4903",1,0.514655451566451,0.00613695944925123,0,0.423,0.051,0.526,0.1302
"4904",0.046875,0.514655451566451,0.00613695944925123,0,0.423,0.051,0.526,0.1302
"4905",0.00390625,0.514655451566451,0.00613695944925123,0,0.423,0.051,0.526,0.1302
"4906",1,0.514655451566451,0.00613695944925123,0,0.423,0.051,0.526,0.1302
"4907",0.015625,0.514655451566451,0.00613695944925123,0,0.423,0.051,0.526,0.1302
"4908",0.0234375,0.514655451566451,0.00613695944925123,0,0.423,0.051,0.526,0.1302
"4909",0.0078125,0.514655451566451,0.00613695944925123,0,0.423,0.051,0.526,0.1302
"4910",0.04296875,0.514655451566451,0.00613695944925123,0,0.423,0.051,0.526,0.1302
"4911",1,0.514655451566451,0.00613695944925123,0,0.423,0.051,0.526,0.1302
"4912",0.05078125,0.514655451566451,0.00613695944925123,0,0.423,0.051,0.526,0.1302
"4913",0.0234375,0.514655451566451,0.00613695944925123,0,0.423,0.051,0.526,0.1302
"4914",0.15625,0.514655451566451,0.00613695944925123,0,0.423,0.051,0.526,0.1302
"4915",0.0234375,0.514655451566451,0.00613695944925123,0,0.423,0.051,0.526,0.1302
"4916",0.13671875,0.514655451566451,0.00613695944925123,0,0.423,0.051,0.526,0.1302
"4917",0.0234375,0.514655451566451,0.00613695944925123,0,0.423,0.051,0.526,0.1302
"4918",0.01171875,0.514655451566451,0.00613695944925123,0,0.423,0.051,0.526,0.1302
"4919",1,0.514655451566451,0.00613695944925123,0,0.423,0.051,0.526,0.1302
"4920",0.01171875,0.514655451566451,0.00613695944925123,0,0.423,0.051,0.526,0.1302
"4921",1,0.514655451566451,0.00613695944925123,0,0.423,0.051,0.526,0.1302
"4922",1,0.514655451566451,0.00613695944925123,0,0.423,0.051,0.526,0.1302
"4923",0.02734375,0.514655451566451,0.00613695944925123,0,0.423,0.051,0.526,0.1302
"4924",0.16015625,0.514655451566451,0.00613695944925123,0,0.423,0.051,0.526,0.1302
"4925",1,0.514655451566451,0.00613695944925123,0,0.423,0.051,0.526,0.1302
"4926",0.01171875,0.514655451566451,0.00613695944925123,0,0.423,0.051,0.526,0.1302
"4927",1,0.514655451566451,0.00613695944925123,0,0.423,0.051,0.526,0.1302
"4928",0.01953125,0.514655451566451,0.00613695944925123,0,0.423,0.051,0.526,0.1302
"4929",0.00390625,0.514655451566451,0.00613695944925123,0,0.423,0.051,0.526,0.1302
"4930",1,0.514655451566451,0.00613695944925123,0,0.423,0.051,0.526,0.1302
"4931",0.015625,0.514655451566451,0.00613695944925123,0,0.423,0.051,0.526,0.1302
"4932",1,0.514655451566451,0.00613695944925123,0,0.423,0.051,0.526,0.1302
"4933",0.015625,0.514655451566451,0.00613695944925123,0,0.423,0.051,0.526,0.1302
"4934",0.0234375,0.514655451566451,0.00613695944925123,0,0.423,0.051,0.526,0.1302
"4935",1,0.514655451566451,0.00613695944925123,0,0.423,0.051,0.526,0.1302
"4936",1,0.514655451566451,0.00613695944925123,0,0.423,0.051,0.526,0.1302
"4937",0.01953125,0.514655451566451,0.00613695944925123,0,0.423,0.051,0.526,0.1302
"4938",0,0.514655451566451,0.00613695944925123,0,0.423,0.051,0.526,0.1302
"4939",1,0.514655451566451,0.00613695944925123,0,0.423,0.051,0.526,0.1302
"4940",1,0.514655451566451,0.00613695944925123,0,0.423,0.051,0.526,0.1302
"4941",1,0.514655451566451,0.00613695944925123,0,0.423,0.051,0.526,0.1302
"4942",0.02734375,0.514655451566451,0.00613695944925123,0,0.423,0.051,0.526,0.1302
"4943",1,0.514655451566451,0.00613695944925123,0,0.423,0.051,0.526,0.1302
"4944",0.03125,0.514655451566451,0.00613695944925123,0,0.423,0.051,0.526,0.1302
"4945",1,0.514655451566451,0.00613695944925123,0,0.423,0.051,0.526,0.1302
"4946",0.015625,0.514655451566451,0.00613695944925123,0,0.423,0.051,0.526,0.1302
"4947",0.07421875,0.514655451566451,0.00613695944925123,0,0.423,0.051,0.526,0.1302
"4948",1,0.514655451566451,0.00613695944925123,0,0.423,0.051,0.526,0.1302
"4949",0.42578125,0.514655451566451,0.00613695944925123,0,0.423,0.051,0.526,0.1302
"4950",1,0.514655451566451,0.00613695944925123,0,0.423,0.051,0.526,0.1302
"4951",1,0.514655451566451,0.00613695944925123,0,0.423,0.051,0.526,0.1302
"4952",1,0.514655451566451,0.00613695944925123,0,0.423,0.051,0.526,0.1302
"4953",1,0.514655451566451,0.00613695944925123,0,0.423,0.051,0.526,0.1302
"4954",0.01953125,0.514655451566451,0.00613695944925123,0,0.423,0.051,0.526,0.1302
"4955",1,0.514655451566451,0.00613695944925123,0,0.423,0.051,0.526,0.1302
"4956",1,0.514655451566451,0.00613695944925123,0,0.423,0.051,0.526,0.1302
"4957",1,0.514655451566451,0.00613695944925123,0,0.423,0.051,0.526,0.1302
"4958",0.015625,0.514655451566451,0.00613695944925123,0,0.423,0.051,0.526,0.1302
"4959",1,0.514655451566451,0.00613695944925123,0,0.423,0.051,0.526,0.1302
"4960",1,0.514655451566451,0.00613695944925123,0,0.423,0.051,0.526,0.1302
"4961",1,0.514655451566451,0.00613695944925123,0,0.423,0.051,0.526,0.1302
"4962",0.00390625,0.514655451566451,0.00613695944925123,0,0.423,0.051,0.526,0.1302
"4963",0.0390625,0.514655451566451,0.00613695944925123,0,0.423,0.051,0.526,0.1302
"4964",1,0.514655451566451,0.00613695944925123,0,0.423,0.051,0.526,0.1302
"4965",0.0703125,0.514655451566451,0.00613695944925123,0,0.423,0.051,0.526,0.1302
"4966",0.01953125,0.514655451566451,0.00613695944925123,0,0.423,0.051,0.526,0.1302
"4967",1,0.514655451566451,0.00613695944925123,0,0.423,0.051,0.526,0.1302
"4968",0.0703125,0.514655451566451,0.00613695944925123,0,0.423,0.051,0.526,0.1302
"4969",1,0.514655451566451,0.00613695944925123,0,0.423,0.051,0.526,0.1302
"4970",0.015625,0.514655451566451,0.00613695944925123,0,0.423,0.051,0.526,0.1302
"4971",0.265625,0.514655451566451,0.00613695944925123,0,0.423,0.051,0.526,0.1302
"4972",1,0.514655451566451,0.00613695944925123,0,0.423,0.051,0.526,0.1302
"4973",0.04296875,0.514655451566451,0.00613695944925123,0,0.423,0.051,0.526,0.1302
"4974",0.0546875,0.514655451566451,0.00613695944925123,0,0.423,0.051,0.526,0.1302
"4975",0.03515625,0.514655451566451,0.00613695944925123,0,0.423,0.051,0.526,0.1302
"4976",0.01171875,0.514655451566451,0.00613695944925123,0,0.423,0.051,0.526,0.1302
"4977",1,0.514655451566451,0.00613695944925123,0,0.423,0.051,0.526,0.1302
"4978",0.0390625,0.514655451566451,0.00613695944925123,0,0.423,0.051,0.526,0.1302
"4979",1,0.514655451566451,0.00613695944925123,0,0.423,0.051,0.526,0.1302
"4980",0.13671875,0.514655451566451,0.00613695944925123,0,0.423,0.051,0.526,0.1302
"4981",1,0.514655451566451,0.00613695944925123,0,0.423,0.051,0.526,0.1302
"4982",1,0.514655451566451,0.00613695944925123,0,0.423,0.051,0.526,0.1302
"4983",0.078125,0.514655451566451,0.00613695944925123,0,0.423,0.051,0.526,0.1302
"4984",0.0234375,0.514655451566451,0.00613695944925123,0,0.423,0.051,0.526,0.1302
"4985",1,0.514655451566451,0.00613695944925123,0,0.423,0.051,0.526,0.1302
"4986",0.0078125,0.514655451566451,0.00613695944925123,0,0.423,0.051,0.526,0.1302
"4987",0.00390625,0.514655451566451,0.00613695944925123,0,0.423,0.051,0.526,0.1302
"4988",0.0234375,0.514655451566451,0.00613695944925123,0,0.423,0.051,0.526,0.1302
"4989",1,0.514655451566451,0.00613695944925123,0,0.423,0.051,0.526,0.1302
"4990",0.0234375,0.514655451566451,0.00613695944925123,0,0.423,0.051,0.526,0.1302
"4991",1,0.514655451566451,0.00613695944925123,0,0.423,0.051,0.526,0.1302
"4992",0.14453125,0.514655451566451,0.00613695944925123,0,0.423,0.051,0.526,0.1302
"4993",0.00390625,0.514655451566451,0.00613695944925123,0,0.423,0.051,0.526,0.1302
"4994",0.5078125,0.514655451566451,0.00613695944925123,0,0.423,0.051,0.526,0.1302
"4995",0.03125,0.514655451566451,0.00613695944925123,0,0.423,0.051,0.526,0.1302
"4996",0.0234375,0.514655451566451,0.00613695944925123,0,0.423,0.051,0.526,0.1302
"4997",0.08984375,0.514655451566451,0.00613695944925123,0,0.423,0.051,0.526,0.1302
"4998",1,0.514655451566451,0.00613695944925123,0,0.423,0.051,0.526,0.1302
"4999",1,0.514655451566451,0.00613695944925123,0,0.423,0.051,0.526,0.1302
"5000",1,0.514655451566451,0.00613695944925123,0,0.423,0.051,0.526,0.1302
"5001",0,0.51001546588989,0.0049264997549697,0,0.461,0.034,0.505,0.1302
"5002",0.00390625,0.51001546588989,0.0049264997549697,0,0.461,0.034,0.505,0.1302
"5003",0.01953125,0.51001546588989,0.0049264997549697,0,0.461,0.034,0.505,0.1302
"5004",0.03515625,0.51001546588989,0.0049264997549697,0,0.461,0.034,0.505,0.1302
"5005",1,0.51001546588989,0.0049264997549697,0,0.461,0.034,0.505,0.1302
"5006",0.0234375,0.51001546588989,0.0049264997549697,0,0.461,0.034,0.505,0.1302
"5007",1,0.51001546588989,0.0049264997549697,0,0.461,0.034,0.505,0.1302
"5008",0.0078125,0.51001546588989,0.0049264997549697,0,0.461,0.034,0.505,0.1302
"5009",1,0.51001546588989,0.0049264997549697,0,0.461,0.034,0.505,0.1302
"5010",1,0.51001546588989,0.0049264997549697,0,0.461,0.034,0.505,0.1302
"5011",0.140625,0.51001546588989,0.0049264997549697,0,0.461,0.034,0.505,0.1302
"5012",0.04296875,0.51001546588989,0.0049264997549697,0,0.461,0.034,0.505,0.1302
"5013",0.13671875,0.51001546588989,0.0049264997549697,0,0.461,0.034,0.505,0.1302
"5014",0.015625,0.51001546588989,0.0049264997549697,0,0.461,0.034,0.505,0.1302
"5015",0.00390625,0.51001546588989,0.0049264997549697,0,0.461,0.034,0.505,0.1302
"5016",0,0.51001546588989,0.0049264997549697,0,0.461,0.034,0.505,0.1302
"5017",1,0.51001546588989,0.0049264997549697,0,0.461,0.034,0.505,0.1302
"5018",0.0390625,0.51001546588989,0.0049264997549697,0,0.461,0.034,0.505,0.1302
"5019",0.11328125,0.51001546588989,0.0049264997549697,0,0.461,0.034,0.505,0.1302
"5020",1,0.51001546588989,0.0049264997549697,0,0.461,0.034,0.505,0.1302
"5021",1,0.51001546588989,0.0049264997549697,0,0.461,0.034,0.505,0.1302
"5022",1,0.51001546588989,0.0049264997549697,0,0.461,0.034,0.505,0.1302
"5023",1,0.51001546588989,0.0049264997549697,0,0.461,0.034,0.505,0.1302
"5024",0.0390625,0.51001546588989,0.0049264997549697,0,0.461,0.034,0.505,0.1302
"5025",1,0.51001546588989,0.0049264997549697,0,0.461,0.034,0.505,0.1302
"5026",1,0.51001546588989,0.0049264997549697,0,0.461,0.034,0.505,0.1302
"5027",0.0390625,0.51001546588989,0.0049264997549697,0,0.461,0.034,0.505,0.1302
"5028",0.265625,0.51001546588989,0.0049264997549697,0,0.461,0.034,0.505,0.1302
"5029",0.015625,0.51001546588989,0.0049264997549697,0,0.461,0.034,0.505,0.1302
"5030",1,0.51001546588989,0.0049264997549697,0,0.461,0.034,0.505,0.1302
"5031",0,0.51001546588989,0.0049264997549697,0,0.461,0.034,0.505,0.1302
"5032",1,0.51001546588989,0.0049264997549697,0,0.461,0.034,0.505,0.1302
"5033",0.01953125,0.51001546588989,0.0049264997549697,0,0.461,0.034,0.505,0.1302
"5034",1,0.51001546588989,0.0049264997549697,0,0.461,0.034,0.505,0.1302
"5035",0.0703125,0.51001546588989,0.0049264997549697,0,0.461,0.034,0.505,0.1302
"5036",1,0.51001546588989,0.0049264997549697,0,0.461,0.034,0.505,0.1302
"5037",1,0.51001546588989,0.0049264997549697,0,0.461,0.034,0.505,0.1302
"5038",1,0.51001546588989,0.0049264997549697,0,0.461,0.034,0.505,0.1302
"5039",1,0.51001546588989,0.0049264997549697,0,0.461,0.034,0.505,0.1302
"5040",1,0.51001546588989,0.0049264997549697,0,0.461,0.034,0.505,0.1302
"5041",1,0.51001546588989,0.0049264997549697,0,0.461,0.034,0.505,0.1302
"5042",1,0.51001546588989,0.0049264997549697,0,0.461,0.034,0.505,0.1302
"5043",1,0.51001546588989,0.0049264997549697,0,0.461,0.034,0.505,0.1302
"5044",0.078125,0.51001546588989,0.0049264997549697,0,0.461,0.034,0.505,0.1302
"5045",1,0.51001546588989,0.0049264997549697,0,0.461,0.034,0.505,0.1302
"5046",0.00390625,0.51001546588989,0.0049264997549697,0,0.461,0.034,0.505,0.1302
"5047",0.01171875,0.51001546588989,0.0049264997549697,0,0.461,0.034,0.505,0.1302
"5048",1,0.51001546588989,0.0049264997549697,0,0.461,0.034,0.505,0.1302
"5049",1,0.51001546588989,0.0049264997549697,0,0.461,0.034,0.505,0.1302
"5050",1,0.51001546588989,0.0049264997549697,0,0.461,0.034,0.505,0.1302
"5051",1,0.51001546588989,0.0049264997549697,0,0.461,0.034,0.505,0.1302
"5052",1,0.51001546588989,0.0049264997549697,0,0.461,0.034,0.505,0.1302
"5053",0.0078125,0.51001546588989,0.0049264997549697,0,0.461,0.034,0.505,0.1302
"5054",1,0.51001546588989,0.0049264997549697,0,0.461,0.034,0.505,0.1302
"5055",1,0.51001546588989,0.0049264997549697,0,0.461,0.034,0.505,0.1302
"5056",1,0.51001546588989,0.0049264997549697,0,0.461,0.034,0.505,0.1302
"5057",0.0078125,0.51001546588989,0.0049264997549697,0,0.461,0.034,0.505,0.1302
"5058",0.1328125,0.51001546588989,0.0049264997549697,0,0.461,0.034,0.505,0.1302
"5059",0.0234375,0.51001546588989,0.0049264997549697,0,0.461,0.034,0.505,0.1302
"5060",0.01171875,0.51001546588989,0.0049264997549697,0,0.461,0.034,0.505,0.1302
"5061",1,0.51001546588989,0.0049264997549697,0,0.461,0.034,0.505,0.1302
"5062",0.015625,0.51001546588989,0.0049264997549697,0,0.461,0.034,0.505,0.1302
"5063",1,0.51001546588989,0.0049264997549697,0,0.461,0.034,0.505,0.1302
"5064",1,0.51001546588989,0.0049264997549697,0,0.461,0.034,0.505,0.1302
"5065",1,0.51001546588989,0.0049264997549697,0,0.461,0.034,0.505,0.1302
"5066",0.015625,0.51001546588989,0.0049264997549697,0,0.461,0.034,0.505,0.1302
"5067",1,0.51001546588989,0.0049264997549697,0,0.461,0.034,0.505,0.1302
"5068",1,0.51001546588989,0.0049264997549697,0,0.461,0.034,0.505,0.1302
"5069",1,0.51001546588989,0.0049264997549697,0,0.461,0.034,0.505,0.1302
"5070",1,0.51001546588989,0.0049264997549697,0,0.461,0.034,0.505,0.1302
"5071",1,0.51001546588989,0.0049264997549697,0,0.461,0.034,0.505,0.1302
"5072",1,0.51001546588989,0.0049264997549697,0,0.461,0.034,0.505,0.1302
"5073",0.06640625,0.51001546588989,0.0049264997549697,0,0.461,0.034,0.505,0.1302
"5074",0.015625,0.51001546588989,0.0049264997549697,0,0.461,0.034,0.505,0.1302
"5075",1,0.51001546588989,0.0049264997549697,0,0.461,0.034,0.505,0.1302
"5076",1,0.51001546588989,0.0049264997549697,0,0.461,0.034,0.505,0.1302
"5077",0.00390625,0.51001546588989,0.0049264997549697,0,0.461,0.034,0.505,0.1302
"5078",1,0.51001546588989,0.0049264997549697,0,0.461,0.034,0.505,0.1302
"5079",1,0.51001546588989,0.0049264997549697,0,0.461,0.034,0.505,0.1302
"5080",0.0625,0.51001546588989,0.0049264997549697,0,0.461,0.034,0.505,0.1302
"5081",1,0.51001546588989,0.0049264997549697,0,0.461,0.034,0.505,0.1302
"5082",1,0.51001546588989,0.0049264997549697,0,0.461,0.034,0.505,0.1302
"5083",1,0.51001546588989,0.0049264997549697,0,0.461,0.034,0.505,0.1302
"5084",0.1640625,0.51001546588989,0.0049264997549697,0,0.461,0.034,0.505,0.1302
"5085",0.0234375,0.51001546588989,0.0049264997549697,0,0.461,0.034,0.505,0.1302
"5086",0.21875,0.51001546588989,0.0049264997549697,0,0.461,0.034,0.505,0.1302
"5087",1,0.51001546588989,0.0049264997549697,0,0.461,0.034,0.505,0.1302
"5088",0.0078125,0.51001546588989,0.0049264997549697,0,0.461,0.034,0.505,0.1302
"5089",0.015625,0.51001546588989,0.0049264997549697,0,0.461,0.034,0.505,0.1302
"5090",1,0.51001546588989,0.0049264997549697,0,0.461,0.034,0.505,0.1302
"5091",1,0.51001546588989,0.0049264997549697,0,0.461,0.034,0.505,0.1302
"5092",0.02734375,0.51001546588989,0.0049264997549697,0,0.461,0.034,0.505,0.1302
"5093",1,0.51001546588989,0.0049264997549697,0,0.461,0.034,0.505,0.1302
"5094",0.078125,0.51001546588989,0.0049264997549697,0,0.461,0.034,0.505,0.1302
"5095",1,0.51001546588989,0.0049264997549697,0,0.461,0.034,0.505,0.1302
"5096",1,0.51001546588989,0.0049264997549697,0,0.461,0.034,0.505,0.1302
"5097",1,0.51001546588989,0.0049264997549697,0,0.461,0.034,0.505,0.1302
"5098",0.13671875,0.51001546588989,0.0049264997549697,0,0.461,0.034,0.505,0.1302
"5099",0.125,0.51001546588989,0.0049264997549697,0,0.461,0.034,0.505,0.1302
"5100",1,0.51001546588989,0.0049264997549697,0,0.461,0.034,0.505,0.1302
"5101",0.01953125,0.51001546588989,0.0049264997549697,0,0.461,0.034,0.505,0.1302
"5102",0.09765625,0.51001546588989,0.0049264997549697,0,0.461,0.034,0.505,0.1302
"5103",1,0.51001546588989,0.0049264997549697,0,0.461,0.034,0.505,0.1302
"5104",0.01171875,0.51001546588989,0.0049264997549697,0,0.461,0.034,0.505,0.1302
"5105",1,0.51001546588989,0.0049264997549697,0,0.461,0.034,0.505,0.1302
"5106",0.00390625,0.51001546588989,0.0049264997549697,0,0.461,0.034,0.505,0.1302
"5107",1,0.51001546588989,0.0049264997549697,0,0.461,0.034,0.505,0.1302
"5108",0,0.51001546588989,0.0049264997549697,0,0.461,0.034,0.505,0.1302
"5109",0.0234375,0.51001546588989,0.0049264997549697,0,0.461,0.034,0.505,0.1302
"5110",0.0078125,0.51001546588989,0.0049264997549697,0,0.461,0.034,0.505,0.1302
"5111",0.0625,0.51001546588989,0.0049264997549697,0,0.461,0.034,0.505,0.1302
"5112",0.03125,0.51001546588989,0.0049264997549697,0,0.461,0.034,0.505,0.1302
"5113",1,0.51001546588989,0.0049264997549697,0,0.461,0.034,0.505,0.1302
"5114",1,0.51001546588989,0.0049264997549697,0,0.461,0.034,0.505,0.1302
"5115",0.00390625,0.51001546588989,0.0049264997549697,0,0.461,0.034,0.505,0.1302
"5116",1,0.51001546588989,0.0049264997549697,0,0.461,0.034,0.505,0.1302
"5117",0.06640625,0.51001546588989,0.0049264997549697,0,0.461,0.034,0.505,0.1302
"5118",1,0.51001546588989,0.0049264997549697,0,0.461,0.034,0.505,0.1302
"5119",0,0.51001546588989,0.0049264997549697,0,0.461,0.034,0.505,0.1302
"5120",1,0.51001546588989,0.0049264997549697,0,0.461,0.034,0.505,0.1302
"5121",0.00390625,0.51001546588989,0.0049264997549697,0,0.461,0.034,0.505,0.1302
"5122",1,0.51001546588989,0.0049264997549697,0,0.461,0.034,0.505,0.1302
"5123",1,0.51001546588989,0.0049264997549697,0,0.461,0.034,0.505,0.1302
"5124",1,0.51001546588989,0.0049264997549697,0,0.461,0.034,0.505,0.1302
"5125",1,0.51001546588989,0.0049264997549697,0,0.461,0.034,0.505,0.1302
"5126",1,0.51001546588989,0.0049264997549697,0,0.461,0.034,0.505,0.1302
"5127",1,0.51001546588989,0.0049264997549697,0,0.461,0.034,0.505,0.1302
"5128",0.015625,0.51001546588989,0.0049264997549697,0,0.461,0.034,0.505,0.1302
"5129",0.015625,0.51001546588989,0.0049264997549697,0,0.461,0.034,0.505,0.1302
"5130",1,0.51001546588989,0.0049264997549697,0,0.461,0.034,0.505,0.1302
"5131",0.0703125,0.51001546588989,0.0049264997549697,0,0.461,0.034,0.505,0.1302
"5132",0.015625,0.51001546588989,0.0049264997549697,0,0.461,0.034,0.505,0.1302
"5133",0.03515625,0.51001546588989,0.0049264997549697,0,0.461,0.034,0.505,0.1302
"5134",0.51171875,0.51001546588989,0.0049264997549697,0,0.461,0.034,0.505,0.1302
"5135",1,0.51001546588989,0.0049264997549697,0,0.461,0.034,0.505,0.1302
"5136",0.0390625,0.51001546588989,0.0049264997549697,0,0.461,0.034,0.505,0.1302
"5137",1,0.51001546588989,0.0049264997549697,0,0.461,0.034,0.505,0.1302
"5138",0.1484375,0.51001546588989,0.0049264997549697,0,0.461,0.034,0.505,0.1302
"5139",0.01953125,0.51001546588989,0.0049264997549697,0,0.461,0.034,0.505,0.1302
"5140",1,0.51001546588989,0.0049264997549697,0,0.461,0.034,0.505,0.1302
"5141",1,0.51001546588989,0.0049264997549697,0,0.461,0.034,0.505,0.1302
"5142",0.06640625,0.51001546588989,0.0049264997549697,0,0.461,0.034,0.505,0.1302
"5143",1,0.51001546588989,0.0049264997549697,0,0.461,0.034,0.505,0.1302
"5144",1,0.51001546588989,0.0049264997549697,0,0.461,0.034,0.505,0.1302
"5145",0.01171875,0.51001546588989,0.0049264997549697,0,0.461,0.034,0.505,0.1302
"5146",1,0.51001546588989,0.0049264997549697,0,0.461,0.034,0.505,0.1302
"5147",0.0234375,0.51001546588989,0.0049264997549697,0,0.461,0.034,0.505,0.1302
"5148",0.015625,0.51001546588989,0.0049264997549697,0,0.461,0.034,0.505,0.1302
"5149",0.02734375,0.51001546588989,0.0049264997549697,0,0.461,0.034,0.505,0.1302
"5150",0,0.51001546588989,0.0049264997549697,0,0.461,0.034,0.505,0.1302
"5151",1,0.51001546588989,0.0049264997549697,0,0.461,0.034,0.505,0.1302
"5152",0.07421875,0.51001546588989,0.0049264997549697,0,0.461,0.034,0.505,0.1302
"5153",1,0.51001546588989,0.0049264997549697,0,0.461,0.034,0.505,0.1302
"5154",0.0078125,0.51001546588989,0.0049264997549697,0,0.461,0.034,0.505,0.1302
"5155",1,0.51001546588989,0.0049264997549697,0,0.461,0.034,0.505,0.1302
"5156",0.01171875,0.51001546588989,0.0049264997549697,0,0.461,0.034,0.505,0.1302
"5157",1,0.51001546588989,0.0049264997549697,0,0.461,0.034,0.505,0.1302
"5158",1,0.51001546588989,0.0049264997549697,0,0.461,0.034,0.505,0.1302
"5159",1,0.51001546588989,0.0049264997549697,0,0.461,0.034,0.505,0.1302
"5160",0.04296875,0.51001546588989,0.0049264997549697,0,0.461,0.034,0.505,0.1302
"5161",1,0.51001546588989,0.0049264997549697,0,0.461,0.034,0.505,0.1302
"5162",1,0.51001546588989,0.0049264997549697,0,0.461,0.034,0.505,0.1302
"5163",0.015625,0.51001546588989,0.0049264997549697,0,0.461,0.034,0.505,0.1302
"5164",0.015625,0.51001546588989,0.0049264997549697,0,0.461,0.034,0.505,0.1302
"5165",0.03515625,0.51001546588989,0.0049264997549697,0,0.461,0.034,0.505,0.1302
"5166",1,0.51001546588989,0.0049264997549697,0,0.461,0.034,0.505,0.1302
"5167",0.00390625,0.51001546588989,0.0049264997549697,0,0.461,0.034,0.505,0.1302
"5168",0.0390625,0.51001546588989,0.0049264997549697,0,0.461,0.034,0.505,0.1302
"5169",1,0.51001546588989,0.0049264997549697,0,0.461,0.034,0.505,0.1302
"5170",0,0.51001546588989,0.0049264997549697,0,0.461,0.034,0.505,0.1302
"5171",0.02734375,0.51001546588989,0.0049264997549697,0,0.461,0.034,0.505,0.1302
"5172",0,0.51001546588989,0.0049264997549697,0,0.461,0.034,0.505,0.1302
"5173",1,0.51001546588989,0.0049264997549697,0,0.461,0.034,0.505,0.1302
"5174",1,0.51001546588989,0.0049264997549697,0,0.461,0.034,0.505,0.1302
"5175",1,0.51001546588989,0.0049264997549697,0,0.461,0.034,0.505,0.1302
"5176",1,0.51001546588989,0.0049264997549697,0,0.461,0.034,0.505,0.1302
"5177",0.05859375,0.51001546588989,0.0049264997549697,0,0.461,0.034,0.505,0.1302
"5178",1,0.51001546588989,0.0049264997549697,0,0.461,0.034,0.505,0.1302
"5179",0.26171875,0.51001546588989,0.0049264997549697,0,0.461,0.034,0.505,0.1302
"5180",0.015625,0.51001546588989,0.0049264997549697,0,0.461,0.034,0.505,0.1302
"5181",1,0.51001546588989,0.0049264997549697,0,0.461,0.034,0.505,0.1302
"5182",0.0234375,0.51001546588989,0.0049264997549697,0,0.461,0.034,0.505,0.1302
"5183",1,0.51001546588989,0.0049264997549697,0,0.461,0.034,0.505,0.1302
"5184",1,0.51001546588989,0.0049264997549697,0,0.461,0.034,0.505,0.1302
"5185",0.00390625,0.51001546588989,0.0049264997549697,0,0.461,0.034,0.505,0.1302
"5186",1,0.51001546588989,0.0049264997549697,0,0.461,0.034,0.505,0.1302
"5187",0.05078125,0.51001546588989,0.0049264997549697,0,0.461,0.034,0.505,0.1302
"5188",0.015625,0.51001546588989,0.0049264997549697,0,0.461,0.034,0.505,0.1302
"5189",0.12890625,0.51001546588989,0.0049264997549697,0,0.461,0.034,0.505,0.1302
"5190",1,0.51001546588989,0.0049264997549697,0,0.461,0.034,0.505,0.1302
"5191",1,0.51001546588989,0.0049264997549697,0,0.461,0.034,0.505,0.1302
"5192",1,0.51001546588989,0.0049264997549697,0,0.461,0.034,0.505,0.1302
"5193",0.0078125,0.51001546588989,0.0049264997549697,0,0.461,0.034,0.505,0.1302
"5194",0.015625,0.51001546588989,0.0049264997549697,0,0.461,0.034,0.505,0.1302
"5195",1,0.51001546588989,0.0049264997549697,0,0.461,0.034,0.505,0.1302
"5196",0.05078125,0.51001546588989,0.0049264997549697,0,0.461,0.034,0.505,0.1302
"5197",0.0234375,0.51001546588989,0.0049264997549697,0,0.461,0.034,0.505,0.1302
"5198",0.01171875,0.51001546588989,0.0049264997549697,0,0.461,0.034,0.505,0.1302
"5199",0.0078125,0.51001546588989,0.0049264997549697,0,0.461,0.034,0.505,0.1302
"5200",0.01171875,0.51001546588989,0.0049264997549697,0,0.461,0.034,0.505,0.1302
"5201",0.01953125,0.51001546588989,0.0049264997549697,0,0.461,0.034,0.505,0.1302
"5202",0.015625,0.51001546588989,0.0049264997549697,0,0.461,0.034,0.505,0.1302
"5203",1,0.51001546588989,0.0049264997549697,0,0.461,0.034,0.505,0.1302
"5204",0.15625,0.51001546588989,0.0049264997549697,0,0.461,0.034,0.505,0.1302
"5205",1,0.51001546588989,0.0049264997549697,0,0.461,0.034,0.505,0.1302
"5206",0.0078125,0.51001546588989,0.0049264997549697,0,0.461,0.034,0.505,0.1302
"5207",1,0.51001546588989,0.0049264997549697,0,0.461,0.034,0.505,0.1302
"5208",1,0.51001546588989,0.0049264997549697,0,0.461,0.034,0.505,0.1302
"5209",0.0078125,0.51001546588989,0.0049264997549697,0,0.461,0.034,0.505,0.1302
"5210",1,0.51001546588989,0.0049264997549697,0,0.461,0.034,0.505,0.1302
"5211",0.00390625,0.51001546588989,0.0049264997549697,0,0.461,0.034,0.505,0.1302
"5212",1,0.51001546588989,0.0049264997549697,0,0.461,0.034,0.505,0.1302
"5213",1,0.51001546588989,0.0049264997549697,0,0.461,0.034,0.505,0.1302
"5214",1,0.51001546588989,0.0049264997549697,0,0.461,0.034,0.505,0.1302
"5215",0.01171875,0.51001546588989,0.0049264997549697,0,0.461,0.034,0.505,0.1302
"5216",0.046875,0.51001546588989,0.0049264997549697,0,0.461,0.034,0.505,0.1302
"5217",1,0.51001546588989,0.0049264997549697,0,0.461,0.034,0.505,0.1302
"5218",0.015625,0.51001546588989,0.0049264997549697,0,0.461,0.034,0.505,0.1302
"5219",1,0.51001546588989,0.0049264997549697,0,0.461,0.034,0.505,0.1302
"5220",0.015625,0.51001546588989,0.0049264997549697,0,0.461,0.034,0.505,0.1302
"5221",1,0.51001546588989,0.0049264997549697,0,0.461,0.034,0.505,0.1302
"5222",0.01953125,0.51001546588989,0.0049264997549697,0,0.461,0.034,0.505,0.1302
"5223",1,0.51001546588989,0.0049264997549697,0,0.461,0.034,0.505,0.1302
"5224",1,0.51001546588989,0.0049264997549697,0,0.461,0.034,0.505,0.1302
"5225",1,0.51001546588989,0.0049264997549697,0,0.461,0.034,0.505,0.1302
"5226",1,0.51001546588989,0.0049264997549697,0,0.461,0.034,0.505,0.1302
"5227",0.00390625,0.51001546588989,0.0049264997549697,0,0.461,0.034,0.505,0.1302
"5228",1,0.51001546588989,0.0049264997549697,0,0.461,0.034,0.505,0.1302
"5229",1,0.51001546588989,0.0049264997549697,0,0.461,0.034,0.505,0.1302
"5230",1,0.51001546588989,0.0049264997549697,0,0.461,0.034,0.505,0.1302
"5231",1,0.51001546588989,0.0049264997549697,0,0.461,0.034,0.505,0.1302
"5232",1,0.51001546588989,0.0049264997549697,0,0.461,0.034,0.505,0.1302
"5233",0.04296875,0.51001546588989,0.0049264997549697,0,0.461,0.034,0.505,0.1302
"5234",0.00390625,0.51001546588989,0.0049264997549697,0,0.461,0.034,0.505,0.1302
"5235",0.00390625,0.51001546588989,0.0049264997549697,0,0.461,0.034,0.505,0.1302
"5236",1,0.51001546588989,0.0049264997549697,0,0.461,0.034,0.505,0.1302
"5237",1,0.51001546588989,0.0049264997549697,0,0.461,0.034,0.505,0.1302
"5238",0.015625,0.51001546588989,0.0049264997549697,0,0.461,0.034,0.505,0.1302
"5239",1,0.51001546588989,0.0049264997549697,0,0.461,0.034,0.505,0.1302
"5240",1,0.51001546588989,0.0049264997549697,0,0.461,0.034,0.505,0.1302
"5241",1,0.51001546588989,0.0049264997549697,0,0.461,0.034,0.505,0.1302
"5242",0.0234375,0.51001546588989,0.0049264997549697,0,0.461,0.034,0.505,0.1302
"5243",1,0.51001546588989,0.0049264997549697,0,0.461,0.034,0.505,0.1302
"5244",1,0.51001546588989,0.0049264997549697,0,0.461,0.034,0.505,0.1302
"5245",1,0.51001546588989,0.0049264997549697,0,0.461,0.034,0.505,0.1302
"5246",1,0.51001546588989,0.0049264997549697,0,0.461,0.034,0.505,0.1302
"5247",1,0.51001546588989,0.0049264997549697,0,0.461,0.034,0.505,0.1302
"5248",1,0.51001546588989,0.0049264997549697,0,0.461,0.034,0.505,0.1302
"5249",0.0078125,0.51001546588989,0.0049264997549697,0,0.461,0.034,0.505,0.1302
"5250",1,0.51001546588989,0.0049264997549697,0,0.461,0.034,0.505,0.1302
"5251",1,0.51001546588989,0.0049264997549697,0,0.461,0.034,0.505,0.1302
"5252",1,0.51001546588989,0.0049264997549697,0,0.461,0.034,0.505,0.1302
"5253",1,0.51001546588989,0.0049264997549697,0,0.461,0.034,0.505,0.1302
"5254",1,0.51001546588989,0.0049264997549697,0,0.461,0.034,0.505,0.1302
"5255",1,0.51001546588989,0.0049264997549697,0,0.461,0.034,0.505,0.1302
"5256",1,0.51001546588989,0.0049264997549697,0,0.461,0.034,0.505,0.1302
"5257",1,0.51001546588989,0.0049264997549697,0,0.461,0.034,0.505,0.1302
"5258",1,0.51001546588989,0.0049264997549697,0,0.461,0.034,0.505,0.1302
"5259",0.06640625,0.51001546588989,0.0049264997549697,0,0.461,0.034,0.505,0.1302
"5260",1,0.51001546588989,0.0049264997549697,0,0.461,0.034,0.505,0.1302
"5261",0.015625,0.51001546588989,0.0049264997549697,0,0.461,0.034,0.505,0.1302
"5262",0.00390625,0.51001546588989,0.0049264997549697,0,0.461,0.034,0.505,0.1302
"5263",0.02734375,0.51001546588989,0.0049264997549697,0,0.461,0.034,0.505,0.1302
"5264",0.2109375,0.51001546588989,0.0049264997549697,0,0.461,0.034,0.505,0.1302
"5265",0.02734375,0.51001546588989,0.0049264997549697,0,0.461,0.034,0.505,0.1302
"5266",0.00390625,0.51001546588989,0.0049264997549697,0,0.461,0.034,0.505,0.1302
"5267",0.0234375,0.51001546588989,0.0049264997549697,0,0.461,0.034,0.505,0.1302
"5268",0.015625,0.51001546588989,0.0049264997549697,0,0.461,0.034,0.505,0.1302
"5269",1,0.51001546588989,0.0049264997549697,0,0.461,0.034,0.505,0.1302
"5270",0.01953125,0.51001546588989,0.0049264997549697,0,0.461,0.034,0.505,0.1302
"5271",0.01171875,0.51001546588989,0.0049264997549697,0,0.461,0.034,0.505,0.1302
"5272",0.00390625,0.51001546588989,0.0049264997549697,0,0.461,0.034,0.505,0.1302
"5273",0.01953125,0.51001546588989,0.0049264997549697,0,0.461,0.034,0.505,0.1302
"5274",1,0.51001546588989,0.0049264997549697,0,0.461,0.034,0.505,0.1302
"5275",1,0.51001546588989,0.0049264997549697,0,0.461,0.034,0.505,0.1302
"5276",0.00390625,0.51001546588989,0.0049264997549697,0,0.461,0.034,0.505,0.1302
"5277",1,0.51001546588989,0.0049264997549697,0,0.461,0.034,0.505,0.1302
"5278",1,0.51001546588989,0.0049264997549697,0,0.461,0.034,0.505,0.1302
"5279",0.01171875,0.51001546588989,0.0049264997549697,0,0.461,0.034,0.505,0.1302
"5280",1,0.51001546588989,0.0049264997549697,0,0.461,0.034,0.505,0.1302
"5281",0.01953125,0.51001546588989,0.0049264997549697,0,0.461,0.034,0.505,0.1302
"5282",0.00390625,0.51001546588989,0.0049264997549697,0,0.461,0.034,0.505,0.1302
"5283",0.04296875,0.51001546588989,0.0049264997549697,0,0.461,0.034,0.505,0.1302
"5284",1,0.51001546588989,0.0049264997549697,0,0.461,0.034,0.505,0.1302
"5285",0.01953125,0.51001546588989,0.0049264997549697,0,0.461,0.034,0.505,0.1302
"5286",1,0.51001546588989,0.0049264997549697,0,0.461,0.034,0.505,0.1302
"5287",1,0.51001546588989,0.0049264997549697,0,0.461,0.034,0.505,0.1302
"5288",0,0.51001546588989,0.0049264997549697,0,0.461,0.034,0.505,0.1302
"5289",0.00390625,0.51001546588989,0.0049264997549697,0,0.461,0.034,0.505,0.1302
"5290",0.01953125,0.51001546588989,0.0049264997549697,0,0.461,0.034,0.505,0.1302
"5291",1,0.51001546588989,0.0049264997549697,0,0.461,0.034,0.505,0.1302
"5292",0,0.51001546588989,0.0049264997549697,0,0.461,0.034,0.505,0.1302
"5293",0.015625,0.51001546588989,0.0049264997549697,0,0.461,0.034,0.505,0.1302
"5294",0.05078125,0.51001546588989,0.0049264997549697,0,0.461,0.034,0.505,0.1302
"5295",0.0703125,0.51001546588989,0.0049264997549697,0,0.461,0.034,0.505,0.1302
"5296",0,0.51001546588989,0.0049264997549697,0,0.461,0.034,0.505,0.1302
"5297",1,0.51001546588989,0.0049264997549697,0,0.461,0.034,0.505,0.1302
"5298",1,0.51001546588989,0.0049264997549697,0,0.461,0.034,0.505,0.1302
"5299",1,0.51001546588989,0.0049264997549697,0,0.461,0.034,0.505,0.1302
"5300",1,0.51001546588989,0.0049264997549697,0,0.461,0.034,0.505,0.1302
"5301",0.01953125,0.51001546588989,0.0049264997549697,0,0.461,0.034,0.505,0.1302
"5302",0.02734375,0.51001546588989,0.0049264997549697,0,0.461,0.034,0.505,0.1302
"5303",0,0.51001546588989,0.0049264997549697,0,0.461,0.034,0.505,0.1302
"5304",1,0.51001546588989,0.0049264997549697,0,0.461,0.034,0.505,0.1302
"5305",0.00390625,0.51001546588989,0.0049264997549697,0,0.461,0.034,0.505,0.1302
"5306",1,0.51001546588989,0.0049264997549697,0,0.461,0.034,0.505,0.1302
"5307",0.01953125,0.51001546588989,0.0049264997549697,0,0.461,0.034,0.505,0.1302
"5308",0.078125,0.51001546588989,0.0049264997549697,0,0.461,0.034,0.505,0.1302
"5309",0.01171875,0.51001546588989,0.0049264997549697,0,0.461,0.034,0.505,0.1302
"5310",0.0078125,0.51001546588989,0.0049264997549697,0,0.461,0.034,0.505,0.1302
"5311",0.03125,0.51001546588989,0.0049264997549697,0,0.461,0.034,0.505,0.1302
"5312",0.04296875,0.51001546588989,0.0049264997549697,0,0.461,0.034,0.505,0.1302
"5313",0.015625,0.51001546588989,0.0049264997549697,0,0.461,0.034,0.505,0.1302
"5314",1,0.51001546588989,0.0049264997549697,0,0.461,0.034,0.505,0.1302
"5315",1,0.51001546588989,0.0049264997549697,0,0.461,0.034,0.505,0.1302
"5316",1,0.51001546588989,0.0049264997549697,0,0.461,0.034,0.505,0.1302
"5317",1,0.51001546588989,0.0049264997549697,0,0.461,0.034,0.505,0.1302
"5318",1,0.51001546588989,0.0049264997549697,0,0.461,0.034,0.505,0.1302
"5319",1,0.51001546588989,0.0049264997549697,0,0.461,0.034,0.505,0.1302
"5320",0.01171875,0.51001546588989,0.0049264997549697,0,0.461,0.034,0.505,0.1302
"5321",1,0.51001546588989,0.0049264997549697,0,0.461,0.034,0.505,0.1302
"5322",1,0.51001546588989,0.0049264997549697,0,0.461,0.034,0.505,0.1302
"5323",1,0.51001546588989,0.0049264997549697,0,0.461,0.034,0.505,0.1302
"5324",1,0.51001546588989,0.0049264997549697,0,0.461,0.034,0.505,0.1302
"5325",0.015625,0.51001546588989,0.0049264997549697,0,0.461,0.034,0.505,0.1302
"5326",0.01171875,0.51001546588989,0.0049264997549697,0,0.461,0.034,0.505,0.1302
"5327",1,0.51001546588989,0.0049264997549697,0,0.461,0.034,0.505,0.1302
"5328",0.0078125,0.51001546588989,0.0049264997549697,0,0.461,0.034,0.505,0.1302
"5329",1,0.51001546588989,0.0049264997549697,0,0.461,0.034,0.505,0.1302
"5330",0.01171875,0.51001546588989,0.0049264997549697,0,0.461,0.034,0.505,0.1302
"5331",0.015625,0.51001546588989,0.0049264997549697,0,0.461,0.034,0.505,0.1302
"5332",1,0.51001546588989,0.0049264997549697,0,0.461,0.034,0.505,0.1302
"5333",0.0078125,0.51001546588989,0.0049264997549697,0,0.461,0.034,0.505,0.1302
"5334",1,0.51001546588989,0.0049264997549697,0,0.461,0.034,0.505,0.1302
"5335",1,0.51001546588989,0.0049264997549697,0,0.461,0.034,0.505,0.1302
"5336",1,0.51001546588989,0.0049264997549697,0,0.461,0.034,0.505,0.1302
"5337",0.0078125,0.51001546588989,0.0049264997549697,0,0.461,0.034,0.505,0.1302
"5338",1,0.51001546588989,0.0049264997549697,0,0.461,0.034,0.505,0.1302
"5339",1,0.51001546588989,0.0049264997549697,0,0.461,0.034,0.505,0.1302
"5340",0.01171875,0.51001546588989,0.0049264997549697,0,0.461,0.034,0.505,0.1302
"5341",0.015625,0.51001546588989,0.0049264997549697,0,0.461,0.034,0.505,0.1302
"5342",1,0.51001546588989,0.0049264997549697,0,0.461,0.034,0.505,0.1302
"5343",0,0.51001546588989,0.0049264997549697,0,0.461,0.034,0.505,0.1302
"5344",1,0.51001546588989,0.0049264997549697,0,0.461,0.034,0.505,0.1302
"5345",0.0703125,0.51001546588989,0.0049264997549697,0,0.461,0.034,0.505,0.1302
"5346",1,0.51001546588989,0.0049264997549697,0,0.461,0.034,0.505,0.1302
"5347",0.0078125,0.51001546588989,0.0049264997549697,0,0.461,0.034,0.505,0.1302
"5348",1,0.51001546588989,0.0049264997549697,0,0.461,0.034,0.505,0.1302
"5349",0.06640625,0.51001546588989,0.0049264997549697,0,0.461,0.034,0.505,0.1302
"5350",1,0.51001546588989,0.0049264997549697,0,0.461,0.034,0.505,0.1302
"5351",0.07421875,0.51001546588989,0.0049264997549697,0,0.461,0.034,0.505,0.1302
"5352",0,0.51001546588989,0.0049264997549697,0,0.461,0.034,0.505,0.1302
"5353",1,0.51001546588989,0.0049264997549697,0,0.461,0.034,0.505,0.1302
"5354",1,0.51001546588989,0.0049264997549697,0,0.461,0.034,0.505,0.1302
"5355",0.00390625,0.51001546588989,0.0049264997549697,0,0.461,0.034,0.505,0.1302
"5356",0.02734375,0.51001546588989,0.0049264997549697,0,0.461,0.034,0.505,0.1302
"5357",0.01171875,0.51001546588989,0.0049264997549697,0,0.461,0.034,0.505,0.1302
"5358",1,0.51001546588989,0.0049264997549697,0,0.461,0.034,0.505,0.1302
"5359",1,0.51001546588989,0.0049264997549697,0,0.461,0.034,0.505,0.1302
"5360",1,0.51001546588989,0.0049264997549697,0,0.461,0.034,0.505,0.1302
"5361",0.015625,0.51001546588989,0.0049264997549697,0,0.461,0.034,0.505,0.1302
"5362",0,0.51001546588989,0.0049264997549697,0,0.461,0.034,0.505,0.1302
"5363",1,0.51001546588989,0.0049264997549697,0,0.461,0.034,0.505,0.1302
"5364",1,0.51001546588989,0.0049264997549697,0,0.461,0.034,0.505,0.1302
"5365",0.01953125,0.51001546588989,0.0049264997549697,0,0.461,0.034,0.505,0.1302
"5366",1,0.51001546588989,0.0049264997549697,0,0.461,0.034,0.505,0.1302
"5367",1,0.51001546588989,0.0049264997549697,0,0.461,0.034,0.505,0.1302
"5368",1,0.51001546588989,0.0049264997549697,0,0.461,0.034,0.505,0.1302
"5369",1,0.51001546588989,0.0049264997549697,0,0.461,0.034,0.505,0.1302
"5370",1,0.51001546588989,0.0049264997549697,0,0.461,0.034,0.505,0.1302
"5371",0.01171875,0.51001546588989,0.0049264997549697,0,0.461,0.034,0.505,0.1302
"5372",0.0625,0.51001546588989,0.0049264997549697,0,0.461,0.034,0.505,0.1302
"5373",1,0.51001546588989,0.0049264997549697,0,0.461,0.034,0.505,0.1302
"5374",1,0.51001546588989,0.0049264997549697,0,0.461,0.034,0.505,0.1302
"5375",0.13671875,0.51001546588989,0.0049264997549697,0,0.461,0.034,0.505,0.1302
"5376",1,0.51001546588989,0.0049264997549697,0,0.461,0.034,0.505,0.1302
"5377",0.015625,0.51001546588989,0.0049264997549697,0,0.461,0.034,0.505,0.1302
"5378",1,0.51001546588989,0.0049264997549697,0,0.461,0.034,0.505,0.1302
"5379",1,0.51001546588989,0.0049264997549697,0,0.461,0.034,0.505,0.1302
"5380",0.00390625,0.51001546588989,0.0049264997549697,0,0.461,0.034,0.505,0.1302
"5381",1,0.51001546588989,0.0049264997549697,0,0.461,0.034,0.505,0.1302
"5382",0,0.51001546588989,0.0049264997549697,0,0.461,0.034,0.505,0.1302
"5383",1,0.51001546588989,0.0049264997549697,0,0.461,0.034,0.505,0.1302
"5384",0.01171875,0.51001546588989,0.0049264997549697,0,0.461,0.034,0.505,0.1302
"5385",0.0078125,0.51001546588989,0.0049264997549697,0,0.461,0.034,0.505,0.1302
"5386",0.01953125,0.51001546588989,0.0049264997549697,0,0.461,0.034,0.505,0.1302
"5387",0.125,0.51001546588989,0.0049264997549697,0,0.461,0.034,0.505,0.1302
"5388",0.03515625,0.51001546588989,0.0049264997549697,0,0.461,0.034,0.505,0.1302
"5389",1,0.51001546588989,0.0049264997549697,0,0.461,0.034,0.505,0.1302
"5390",1,0.51001546588989,0.0049264997549697,0,0.461,0.034,0.505,0.1302
"5391",1,0.51001546588989,0.0049264997549697,0,0.461,0.034,0.505,0.1302
"5392",0.03515625,0.51001546588989,0.0049264997549697,0,0.461,0.034,0.505,0.1302
"5393",1,0.51001546588989,0.0049264997549697,0,0.461,0.034,0.505,0.1302
"5394",0.01171875,0.51001546588989,0.0049264997549697,0,0.461,0.034,0.505,0.1302
"5395",0.03125,0.51001546588989,0.0049264997549697,0,0.461,0.034,0.505,0.1302
"5396",0.171875,0.51001546588989,0.0049264997549697,0,0.461,0.034,0.505,0.1302
"5397",0,0.51001546588989,0.0049264997549697,0,0.461,0.034,0.505,0.1302
"5398",0.04296875,0.51001546588989,0.0049264997549697,0,0.461,0.034,0.505,0.1302
"5399",1,0.51001546588989,0.0049264997549697,0,0.461,0.034,0.505,0.1302
"5400",0.0390625,0.51001546588989,0.0049264997549697,0,0.461,0.034,0.505,0.1302
"5401",0.14453125,0.51001546588989,0.0049264997549697,0,0.461,0.034,0.505,0.1302
"5402",1,0.51001546588989,0.0049264997549697,0,0.461,0.034,0.505,0.1302
"5403",0.01953125,0.51001546588989,0.0049264997549697,0,0.461,0.034,0.505,0.1302
"5404",1,0.51001546588989,0.0049264997549697,0,0.461,0.034,0.505,0.1302
"5405",0.00390625,0.51001546588989,0.0049264997549697,0,0.461,0.034,0.505,0.1302
"5406",1,0.51001546588989,0.0049264997549697,0,0.461,0.034,0.505,0.1302
"5407",0.015625,0.51001546588989,0.0049264997549697,0,0.461,0.034,0.505,0.1302
"5408",1,0.51001546588989,0.0049264997549697,0,0.461,0.034,0.505,0.1302
"5409",0.04296875,0.51001546588989,0.0049264997549697,0,0.461,0.034,0.505,0.1302
"5410",1,0.51001546588989,0.0049264997549697,0,0.461,0.034,0.505,0.1302
"5411",1,0.51001546588989,0.0049264997549697,0,0.461,0.034,0.505,0.1302
"5412",1,0.51001546588989,0.0049264997549697,0,0.461,0.034,0.505,0.1302
"5413",1,0.51001546588989,0.0049264997549697,0,0.461,0.034,0.505,0.1302
"5414",1,0.51001546588989,0.0049264997549697,0,0.461,0.034,0.505,0.1302
"5415",1,0.51001546588989,0.0049264997549697,0,0.461,0.034,0.505,0.1302
"5416",0.00390625,0.51001546588989,0.0049264997549697,0,0.461,0.034,0.505,0.1302
"5417",0.00390625,0.51001546588989,0.0049264997549697,0,0.461,0.034,0.505,0.1302
"5418",0.015625,0.51001546588989,0.0049264997549697,0,0.461,0.034,0.505,0.1302
"5419",0.01953125,0.51001546588989,0.0049264997549697,0,0.461,0.034,0.505,0.1302
"5420",1,0.51001546588989,0.0049264997549697,0,0.461,0.034,0.505,0.1302
"5421",1,0.51001546588989,0.0049264997549697,0,0.461,0.034,0.505,0.1302
"5422",1,0.51001546588989,0.0049264997549697,0,0.461,0.034,0.505,0.1302
"5423",0.03515625,0.51001546588989,0.0049264997549697,0,0.461,0.034,0.505,0.1302
"5424",0.04296875,0.51001546588989,0.0049264997549697,0,0.461,0.034,0.505,0.1302
"5425",0.02734375,0.51001546588989,0.0049264997549697,0,0.461,0.034,0.505,0.1302
"5426",1,0.51001546588989,0.0049264997549697,0,0.461,0.034,0.505,0.1302
"5427",1,0.51001546588989,0.0049264997549697,0,0.461,0.034,0.505,0.1302
"5428",1,0.51001546588989,0.0049264997549697,0,0.461,0.034,0.505,0.1302
"5429",0.00390625,0.51001546588989,0.0049264997549697,0,0.461,0.034,0.505,0.1302
"5430",0.03125,0.51001546588989,0.0049264997549697,0,0.461,0.034,0.505,0.1302
"5431",0.03125,0.51001546588989,0.0049264997549697,0,0.461,0.034,0.505,0.1302
"5432",1,0.51001546588989,0.0049264997549697,0,0.461,0.034,0.505,0.1302
"5433",1,0.51001546588989,0.0049264997549697,0,0.461,0.034,0.505,0.1302
"5434",1,0.51001546588989,0.0049264997549697,0,0.461,0.034,0.505,0.1302
"5435",1,0.51001546588989,0.0049264997549697,0,0.461,0.034,0.505,0.1302
"5436",0.0625,0.51001546588989,0.0049264997549697,0,0.461,0.034,0.505,0.1302
"5437",1,0.51001546588989,0.0049264997549697,0,0.461,0.034,0.505,0.1302
"5438",0.03125,0.51001546588989,0.0049264997549697,0,0.461,0.034,0.505,0.1302
"5439",0.05078125,0.51001546588989,0.0049264997549697,0,0.461,0.034,0.505,0.1302
"5440",1,0.51001546588989,0.0049264997549697,0,0.461,0.034,0.505,0.1302
"5441",1,0.51001546588989,0.0049264997549697,0,0.461,0.034,0.505,0.1302
"5442",0.015625,0.51001546588989,0.0049264997549697,0,0.461,0.034,0.505,0.1302
"5443",1,0.51001546588989,0.0049264997549697,0,0.461,0.034,0.505,0.1302
"5444",1,0.51001546588989,0.0049264997549697,0,0.461,0.034,0.505,0.1302
"5445",0.00390625,0.51001546588989,0.0049264997549697,0,0.461,0.034,0.505,0.1302
"5446",0.5,0.51001546588989,0.0049264997549697,0,0.461,0.034,0.505,0.1302
"5447",0.00390625,0.51001546588989,0.0049264997549697,0,0.461,0.034,0.505,0.1302
"5448",0.0078125,0.51001546588989,0.0049264997549697,0,0.461,0.034,0.505,0.1302
"5449",0.01953125,0.51001546588989,0.0049264997549697,0,0.461,0.034,0.505,0.1302
"5450",0.03125,0.51001546588989,0.0049264997549697,0,0.461,0.034,0.505,0.1302
"5451",1,0.51001546588989,0.0049264997549697,0,0.461,0.034,0.505,0.1302
"5452",0.1328125,0.51001546588989,0.0049264997549697,0,0.461,0.034,0.505,0.1302
"5453",0.140625,0.51001546588989,0.0049264997549697,0,0.461,0.034,0.505,0.1302
"5454",0.01171875,0.51001546588989,0.0049264997549697,0,0.461,0.034,0.505,0.1302
"5455",0,0.51001546588989,0.0049264997549697,0,0.461,0.034,0.505,0.1302
"5456",1,0.51001546588989,0.0049264997549697,0,0.461,0.034,0.505,0.1302
"5457",1,0.51001546588989,0.0049264997549697,0,0.461,0.034,0.505,0.1302
"5458",0.0703125,0.51001546588989,0.0049264997549697,0,0.461,0.034,0.505,0.1302
"5459",0.01953125,0.51001546588989,0.0049264997549697,0,0.461,0.034,0.505,0.1302
"5460",0.04296875,0.51001546588989,0.0049264997549697,0,0.461,0.034,0.505,0.1302
"5461",0.015625,0.51001546588989,0.0049264997549697,0,0.461,0.034,0.505,0.1302
"5462",1,0.51001546588989,0.0049264997549697,0,0.461,0.034,0.505,0.1302
"5463",1,0.51001546588989,0.0049264997549697,0,0.461,0.034,0.505,0.1302
"5464",1,0.51001546588989,0.0049264997549697,0,0.461,0.034,0.505,0.1302
"5465",1,0.51001546588989,0.0049264997549697,0,0.461,0.034,0.505,0.1302
"5466",1,0.51001546588989,0.0049264997549697,0,0.461,0.034,0.505,0.1302
"5467",1,0.51001546588989,0.0049264997549697,0,0.461,0.034,0.505,0.1302
"5468",1,0.51001546588989,0.0049264997549697,0,0.461,0.034,0.505,0.1302
"5469",1,0.51001546588989,0.0049264997549697,0,0.461,0.034,0.505,0.1302
"5470",1,0.51001546588989,0.0049264997549697,0,0.461,0.034,0.505,0.1302
"5471",0.02734375,0.51001546588989,0.0049264997549697,0,0.461,0.034,0.505,0.1302
"5472",0.06640625,0.51001546588989,0.0049264997549697,0,0.461,0.034,0.505,0.1302
"5473",0.0078125,0.51001546588989,0.0049264997549697,0,0.461,0.034,0.505,0.1302
"5474",1,0.51001546588989,0.0049264997549697,0,0.461,0.034,0.505,0.1302
"5475",1,0.51001546588989,0.0049264997549697,0,0.461,0.034,0.505,0.1302
"5476",1,0.51001546588989,0.0049264997549697,0,0.461,0.034,0.505,0.1302
"5477",1,0.51001546588989,0.0049264997549697,0,0.461,0.034,0.505,0.1302
"5478",1,0.51001546588989,0.0049264997549697,0,0.461,0.034,0.505,0.1302
"5479",0.0078125,0.51001546588989,0.0049264997549697,0,0.461,0.034,0.505,0.1302
"5480",1,0.51001546588989,0.0049264997549697,0,0.461,0.034,0.505,0.1302
"5481",0.0078125,0.51001546588989,0.0049264997549697,0,0.461,0.034,0.505,0.1302
"5482",0.01953125,0.51001546588989,0.0049264997549697,0,0.461,0.034,0.505,0.1302
"5483",0.00390625,0.51001546588989,0.0049264997549697,0,0.461,0.034,0.505,0.1302
"5484",0.01953125,0.51001546588989,0.0049264997549697,0,0.461,0.034,0.505,0.1302
"5485",0.0234375,0.51001546588989,0.0049264997549697,0,0.461,0.034,0.505,0.1302
"5486",1,0.51001546588989,0.0049264997549697,0,0.461,0.034,0.505,0.1302
"5487",1,0.51001546588989,0.0049264997549697,0,0.461,0.034,0.505,0.1302
"5488",0.01171875,0.51001546588989,0.0049264997549697,0,0.461,0.034,0.505,0.1302
"5489",0.0234375,0.51001546588989,0.0049264997549697,0,0.461,0.034,0.505,0.1302
"5490",0.03125,0.51001546588989,0.0049264997549697,0,0.461,0.034,0.505,0.1302
"5491",0.01953125,0.51001546588989,0.0049264997549697,0,0.461,0.034,0.505,0.1302
"5492",0.0078125,0.51001546588989,0.0049264997549697,0,0.461,0.034,0.505,0.1302
"5493",0.0546875,0.51001546588989,0.0049264997549697,0,0.461,0.034,0.505,0.1302
"5494",0.0078125,0.51001546588989,0.0049264997549697,0,0.461,0.034,0.505,0.1302
"5495",0.046875,0.51001546588989,0.0049264997549697,0,0.461,0.034,0.505,0.1302
"5496",1,0.51001546588989,0.0049264997549697,0,0.461,0.034,0.505,0.1302
"5497",1,0.51001546588989,0.0049264997549697,0,0.461,0.034,0.505,0.1302
"5498",1,0.51001546588989,0.0049264997549697,0,0.461,0.034,0.505,0.1302
"5499",0.03515625,0.51001546588989,0.0049264997549697,0,0.461,0.034,0.505,0.1302
"5500",0.00390625,0.51001546588989,0.0049264997549697,0,0.461,0.034,0.505,0.1302
"5501",1,0.51001546588989,0.0049264997549697,0,0.461,0.034,0.505,0.1302
"5502",1,0.51001546588989,0.0049264997549697,0,0.461,0.034,0.505,0.1302
"5503",0.03125,0.51001546588989,0.0049264997549697,0,0.461,0.034,0.505,0.1302
"5504",0.01171875,0.51001546588989,0.0049264997549697,0,0.461,0.034,0.505,0.1302
"5505",1,0.51001546588989,0.0049264997549697,0,0.461,0.034,0.505,0.1302
"5506",0.26171875,0.51001546588989,0.0049264997549697,0,0.461,0.034,0.505,0.1302
"5507",1,0.51001546588989,0.0049264997549697,0,0.461,0.034,0.505,0.1302
"5508",1,0.51001546588989,0.0049264997549697,0,0.461,0.034,0.505,0.1302
"5509",0.0234375,0.51001546588989,0.0049264997549697,0,0.461,0.034,0.505,0.1302
"5510",1,0.51001546588989,0.0049264997549697,0,0.461,0.034,0.505,0.1302
"5511",1,0.51001546588989,0.0049264997549697,0,0.461,0.034,0.505,0.1302
"5512",0.06640625,0.51001546588989,0.0049264997549697,0,0.461,0.034,0.505,0.1302
"5513",0.04296875,0.51001546588989,0.0049264997549697,0,0.461,0.034,0.505,0.1302
"5514",0,0.51001546588989,0.0049264997549697,0,0.461,0.034,0.505,0.1302
"5515",1,0.51001546588989,0.0049264997549697,0,0.461,0.034,0.505,0.1302
"5516",1,0.51001546588989,0.0049264997549697,0,0.461,0.034,0.505,0.1302
"5517",0.04296875,0.51001546588989,0.0049264997549697,0,0.461,0.034,0.505,0.1302
"5518",0.078125,0.51001546588989,0.0049264997549697,0,0.461,0.034,0.505,0.1302
"5519",0.0078125,0.51001546588989,0.0049264997549697,0,0.461,0.034,0.505,0.1302
"5520",0,0.51001546588989,0.0049264997549697,0,0.461,0.034,0.505,0.1302
"5521",1,0.51001546588989,0.0049264997549697,0,0.461,0.034,0.505,0.1302
"5522",1,0.51001546588989,0.0049264997549697,0,0.461,0.034,0.505,0.1302
"5523",0.015625,0.51001546588989,0.0049264997549697,0,0.461,0.034,0.505,0.1302
"5524",1,0.51001546588989,0.0049264997549697,0,0.461,0.034,0.505,0.1302
"5525",1,0.51001546588989,0.0049264997549697,0,0.461,0.034,0.505,0.1302
"5526",1,0.51001546588989,0.0049264997549697,0,0.461,0.034,0.505,0.1302
"5527",1,0.51001546588989,0.0049264997549697,0,0.461,0.034,0.505,0.1302
"5528",0.01171875,0.51001546588989,0.0049264997549697,0,0.461,0.034,0.505,0.1302
"5529",0.04296875,0.51001546588989,0.0049264997549697,0,0.461,0.034,0.505,0.1302
"5530",1,0.51001546588989,0.0049264997549697,0,0.461,0.034,0.505,0.1302
"5531",1,0.51001546588989,0.0049264997549697,0,0.461,0.034,0.505,0.1302
"5532",0.015625,0.51001546588989,0.0049264997549697,0,0.461,0.034,0.505,0.1302
"5533",1,0.51001546588989,0.0049264997549697,0,0.461,0.034,0.505,0.1302
"5534",0,0.51001546588989,0.0049264997549697,0,0.461,0.034,0.505,0.1302
"5535",0.00390625,0.51001546588989,0.0049264997549697,0,0.461,0.034,0.505,0.1302
"5536",1,0.51001546588989,0.0049264997549697,0,0.461,0.034,0.505,0.1302
"5537",1,0.51001546588989,0.0049264997549697,0,0.461,0.034,0.505,0.1302
"5538",0.00390625,0.51001546588989,0.0049264997549697,0,0.461,0.034,0.505,0.1302
"5539",0,0.51001546588989,0.0049264997549697,0,0.461,0.034,0.505,0.1302
"5540",0.01953125,0.51001546588989,0.0049264997549697,0,0.461,0.034,0.505,0.1302
"5541",0.0078125,0.51001546588989,0.0049264997549697,0,0.461,0.034,0.505,0.1302
"5542",1,0.51001546588989,0.0049264997549697,0,0.461,0.034,0.505,0.1302
"5543",0.0625,0.51001546588989,0.0049264997549697,0,0.461,0.034,0.505,0.1302
"5544",0.015625,0.51001546588989,0.0049264997549697,0,0.461,0.034,0.505,0.1302
"5545",1,0.51001546588989,0.0049264997549697,0,0.461,0.034,0.505,0.1302
"5546",1,0.51001546588989,0.0049264997549697,0,0.461,0.034,0.505,0.1302
"5547",1,0.51001546588989,0.0049264997549697,0,0.461,0.034,0.505,0.1302
"5548",1,0.51001546588989,0.0049264997549697,0,0.461,0.034,0.505,0.1302
"5549",0.02734375,0.51001546588989,0.0049264997549697,0,0.461,0.034,0.505,0.1302
"5550",0.078125,0.51001546588989,0.0049264997549697,0,0.461,0.034,0.505,0.1302
"5551",0.0078125,0.51001546588989,0.0049264997549697,0,0.461,0.034,0.505,0.1302
"5552",0.0078125,0.51001546588989,0.0049264997549697,0,0.461,0.034,0.505,0.1302
"5553",0.015625,0.51001546588989,0.0049264997549697,0,0.461,0.034,0.505,0.1302
"5554",0.015625,0.51001546588989,0.0049264997549697,0,0.461,0.034,0.505,0.1302
"5555",1,0.51001546588989,0.0049264997549697,0,0.461,0.034,0.505,0.1302
"5556",0.02734375,0.51001546588989,0.0049264997549697,0,0.461,0.034,0.505,0.1302
"5557",0.01953125,0.51001546588989,0.0049264997549697,0,0.461,0.034,0.505,0.1302
"5558",1,0.51001546588989,0.0049264997549697,0,0.461,0.034,0.505,0.1302
"5559",0.0078125,0.51001546588989,0.0049264997549697,0,0.461,0.034,0.505,0.1302
"5560",1,0.51001546588989,0.0049264997549697,0,0.461,0.034,0.505,0.1302
"5561",0.00390625,0.51001546588989,0.0049264997549697,0,0.461,0.034,0.505,0.1302
"5562",0.01171875,0.51001546588989,0.0049264997549697,0,0.461,0.034,0.505,0.1302
"5563",1,0.51001546588989,0.0049264997549697,0,0.461,0.034,0.505,0.1302
"5564",0.01171875,0.51001546588989,0.0049264997549697,0,0.461,0.034,0.505,0.1302
"5565",0.0078125,0.51001546588989,0.0049264997549697,0,0.461,0.034,0.505,0.1302
"5566",0.03125,0.51001546588989,0.0049264997549697,0,0.461,0.034,0.505,0.1302
"5567",1,0.51001546588989,0.0049264997549697,0,0.461,0.034,0.505,0.1302
"5568",0.00390625,0.51001546588989,0.0049264997549697,0,0.461,0.034,0.505,0.1302
"5569",1,0.51001546588989,0.0049264997549697,0,0.461,0.034,0.505,0.1302
"5570",0.2578125,0.51001546588989,0.0049264997549697,0,0.461,0.034,0.505,0.1302
"5571",1,0.51001546588989,0.0049264997549697,0,0.461,0.034,0.505,0.1302
"5572",1,0.51001546588989,0.0049264997549697,0,0.461,0.034,0.505,0.1302
"5573",1,0.51001546588989,0.0049264997549697,0,0.461,0.034,0.505,0.1302
"5574",0.01171875,0.51001546588989,0.0049264997549697,0,0.461,0.034,0.505,0.1302
"5575",1,0.51001546588989,0.0049264997549697,0,0.461,0.034,0.505,0.1302
"5576",0.01953125,0.51001546588989,0.0049264997549697,0,0.461,0.034,0.505,0.1302
"5577",0.05859375,0.51001546588989,0.0049264997549697,0,0.461,0.034,0.505,0.1302
"5578",0.171875,0.51001546588989,0.0049264997549697,0,0.461,0.034,0.505,0.1302
"5579",0.0078125,0.51001546588989,0.0049264997549697,0,0.461,0.034,0.505,0.1302
"5580",1,0.51001546588989,0.0049264997549697,0,0.461,0.034,0.505,0.1302
"5581",0.015625,0.51001546588989,0.0049264997549697,0,0.461,0.034,0.505,0.1302
"5582",1,0.51001546588989,0.0049264997549697,0,0.461,0.034,0.505,0.1302
"5583",1,0.51001546588989,0.0049264997549697,0,0.461,0.034,0.505,0.1302
"5584",1,0.51001546588989,0.0049264997549697,0,0.461,0.034,0.505,0.1302
"5585",1,0.51001546588989,0.0049264997549697,0,0.461,0.034,0.505,0.1302
"5586",1,0.51001546588989,0.0049264997549697,0,0.461,0.034,0.505,0.1302
"5587",0.06640625,0.51001546588989,0.0049264997549697,0,0.461,0.034,0.505,0.1302
"5588",0.00390625,0.51001546588989,0.0049264997549697,0,0.461,0.034,0.505,0.1302
"5589",1,0.51001546588989,0.0049264997549697,0,0.461,0.034,0.505,0.1302
"5590",1,0.51001546588989,0.0049264997549697,0,0.461,0.034,0.505,0.1302
"5591",1,0.51001546588989,0.0049264997549697,0,0.461,0.034,0.505,0.1302
"5592",1,0.51001546588989,0.0049264997549697,0,0.461,0.034,0.505,0.1302
"5593",1,0.51001546588989,0.0049264997549697,0,0.461,0.034,0.505,0.1302
"5594",0.0078125,0.51001546588989,0.0049264997549697,0,0.461,0.034,0.505,0.1302
"5595",1,0.51001546588989,0.0049264997549697,0,0.461,0.034,0.505,0.1302
"5596",1,0.51001546588989,0.0049264997549697,0,0.461,0.034,0.505,0.1302
"5597",0.00390625,0.51001546588989,0.0049264997549697,0,0.461,0.034,0.505,0.1302
"5598",1,0.51001546588989,0.0049264997549697,0,0.461,0.034,0.505,0.1302
"5599",0.015625,0.51001546588989,0.0049264997549697,0,0.461,0.034,0.505,0.1302
"5600",1,0.51001546588989,0.0049264997549697,0,0.461,0.034,0.505,0.1302
"5601",1,0.51001546588989,0.0049264997549697,0,0.461,0.034,0.505,0.1302
"5602",0,0.51001546588989,0.0049264997549697,0,0.461,0.034,0.505,0.1302
"5603",1,0.51001546588989,0.0049264997549697,0,0.461,0.034,0.505,0.1302
"5604",0.0234375,0.51001546588989,0.0049264997549697,0,0.461,0.034,0.505,0.1302
"5605",1,0.51001546588989,0.0049264997549697,0,0.461,0.034,0.505,0.1302
"5606",1,0.51001546588989,0.0049264997549697,0,0.461,0.034,0.505,0.1302
"5607",1,0.51001546588989,0.0049264997549697,0,0.461,0.034,0.505,0.1302
"5608",0.00390625,0.51001546588989,0.0049264997549697,0,0.461,0.034,0.505,0.1302
"5609",0.01953125,0.51001546588989,0.0049264997549697,0,0.461,0.034,0.505,0.1302
"5610",1,0.51001546588989,0.0049264997549697,0,0.461,0.034,0.505,0.1302
"5611",1,0.51001546588989,0.0049264997549697,0,0.461,0.034,0.505,0.1302
"5612",1,0.51001546588989,0.0049264997549697,0,0.461,0.034,0.505,0.1302
"5613",0.015625,0.51001546588989,0.0049264997549697,0,0.461,0.034,0.505,0.1302
"5614",0.03515625,0.51001546588989,0.0049264997549697,0,0.461,0.034,0.505,0.1302
"5615",1,0.51001546588989,0.0049264997549697,0,0.461,0.034,0.505,0.1302
"5616",1,0.51001546588989,0.0049264997549697,0,0.461,0.034,0.505,0.1302
"5617",0.00390625,0.51001546588989,0.0049264997549697,0,0.461,0.034,0.505,0.1302
"5618",0.09375,0.51001546588989,0.0049264997549697,0,0.461,0.034,0.505,0.1302
"5619",0.0078125,0.51001546588989,0.0049264997549697,0,0.461,0.034,0.505,0.1302
"5620",0.015625,0.51001546588989,0.0049264997549697,0,0.461,0.034,0.505,0.1302
"5621",0.02734375,0.51001546588989,0.0049264997549697,0,0.461,0.034,0.505,0.1302
"5622",1,0.51001546588989,0.0049264997549697,0,0.461,0.034,0.505,0.1302
"5623",0.5,0.51001546588989,0.0049264997549697,0,0.461,0.034,0.505,0.1302
"5624",1,0.51001546588989,0.0049264997549697,0,0.461,0.034,0.505,0.1302
"5625",1,0.51001546588989,0.0049264997549697,0,0.461,0.034,0.505,0.1302
"5626",0.015625,0.51001546588989,0.0049264997549697,0,0.461,0.034,0.505,0.1302
"5627",1,0.51001546588989,0.0049264997549697,0,0.461,0.034,0.505,0.1302
"5628",1,0.51001546588989,0.0049264997549697,0,0.461,0.034,0.505,0.1302
"5629",1,0.51001546588989,0.0049264997549697,0,0.461,0.034,0.505,0.1302
"5630",0.0234375,0.51001546588989,0.0049264997549697,0,0.461,0.034,0.505,0.1302
"5631",1,0.51001546588989,0.0049264997549697,0,0.461,0.034,0.505,0.1302
"5632",1,0.51001546588989,0.0049264997549697,0,0.461,0.034,0.505,0.1302
"5633",1,0.51001546588989,0.0049264997549697,0,0.461,0.034,0.505,0.1302
"5634",1,0.51001546588989,0.0049264997549697,0,0.461,0.034,0.505,0.1302
"5635",0.0234375,0.51001546588989,0.0049264997549697,0,0.461,0.034,0.505,0.1302
"5636",1,0.51001546588989,0.0049264997549697,0,0.461,0.034,0.505,0.1302
"5637",0.00390625,0.51001546588989,0.0049264997549697,0,0.461,0.034,0.505,0.1302
"5638",0.015625,0.51001546588989,0.0049264997549697,0,0.461,0.034,0.505,0.1302
"5639",0.00390625,0.51001546588989,0.0049264997549697,0,0.461,0.034,0.505,0.1302
"5640",1,0.51001546588989,0.0049264997549697,0,0.461,0.034,0.505,0.1302
"5641",0.16015625,0.51001546588989,0.0049264997549697,0,0.461,0.034,0.505,0.1302
"5642",1,0.51001546588989,0.0049264997549697,0,0.461,0.034,0.505,0.1302
"5643",0.00390625,0.51001546588989,0.0049264997549697,0,0.461,0.034,0.505,0.1302
"5644",0.01171875,0.51001546588989,0.0049264997549697,0,0.461,0.034,0.505,0.1302
"5645",1,0.51001546588989,0.0049264997549697,0,0.461,0.034,0.505,0.1302
"5646",1,0.51001546588989,0.0049264997549697,0,0.461,0.034,0.505,0.1302
"5647",1,0.51001546588989,0.0049264997549697,0,0.461,0.034,0.505,0.1302
"5648",1,0.51001546588989,0.0049264997549697,0,0.461,0.034,0.505,0.1302
"5649",0.04296875,0.51001546588989,0.0049264997549697,0,0.461,0.034,0.505,0.1302
"5650",1,0.51001546588989,0.0049264997549697,0,0.461,0.034,0.505,0.1302
"5651",0.015625,0.51001546588989,0.0049264997549697,0,0.461,0.034,0.505,0.1302
"5652",1,0.51001546588989,0.0049264997549697,0,0.461,0.034,0.505,0.1302
"5653",0.00390625,0.51001546588989,0.0049264997549697,0,0.461,0.034,0.505,0.1302
"5654",0.0078125,0.51001546588989,0.0049264997549697,0,0.461,0.034,0.505,0.1302
"5655",1,0.51001546588989,0.0049264997549697,0,0.461,0.034,0.505,0.1302
"5656",1,0.51001546588989,0.0049264997549697,0,0.461,0.034,0.505,0.1302
"5657",0.03515625,0.51001546588989,0.0049264997549697,0,0.461,0.034,0.505,0.1302
"5658",0.5078125,0.51001546588989,0.0049264997549697,0,0.461,0.034,0.505,0.1302
"5659",1,0.51001546588989,0.0049264997549697,0,0.461,0.034,0.505,0.1302
"5660",1,0.51001546588989,0.0049264997549697,0,0.461,0.034,0.505,0.1302
"5661",0.03515625,0.51001546588989,0.0049264997549697,0,0.461,0.034,0.505,0.1302
"5662",1,0.51001546588989,0.0049264997549697,0,0.461,0.034,0.505,0.1302
"5663",0.0703125,0.51001546588989,0.0049264997549697,0,0.461,0.034,0.505,0.1302
"5664",1,0.51001546588989,0.0049264997549697,0,0.461,0.034,0.505,0.1302
"5665",1,0.51001546588989,0.0049264997549697,0,0.461,0.034,0.505,0.1302
"5666",0.01953125,0.51001546588989,0.0049264997549697,0,0.461,0.034,0.505,0.1302
"5667",0.015625,0.51001546588989,0.0049264997549697,0,0.461,0.034,0.505,0.1302
"5668",1,0.51001546588989,0.0049264997549697,0,0.461,0.034,0.505,0.1302
"5669",0.01171875,0.51001546588989,0.0049264997549697,0,0.461,0.034,0.505,0.1302
"5670",0.00390625,0.51001546588989,0.0049264997549697,0,0.461,0.034,0.505,0.1302
"5671",0.0078125,0.51001546588989,0.0049264997549697,0,0.461,0.034,0.505,0.1302
"5672",0.0390625,0.51001546588989,0.0049264997549697,0,0.461,0.034,0.505,0.1302
"5673",1,0.51001546588989,0.0049264997549697,0,0.461,0.034,0.505,0.1302
"5674",0.01953125,0.51001546588989,0.0049264997549697,0,0.461,0.034,0.505,0.1302
"5675",1,0.51001546588989,0.0049264997549697,0,0.461,0.034,0.505,0.1302
"5676",0.01171875,0.51001546588989,0.0049264997549697,0,0.461,0.034,0.505,0.1302
"5677",0.04296875,0.51001546588989,0.0049264997549697,0,0.461,0.034,0.505,0.1302
"5678",0.0234375,0.51001546588989,0.0049264997549697,0,0.461,0.034,0.505,0.1302
"5679",1,0.51001546588989,0.0049264997549697,0,0.461,0.034,0.505,0.1302
"5680",1,0.51001546588989,0.0049264997549697,0,0.461,0.034,0.505,0.1302
"5681",0.00390625,0.51001546588989,0.0049264997549697,0,0.461,0.034,0.505,0.1302
"5682",1,0.51001546588989,0.0049264997549697,0,0.461,0.034,0.505,0.1302
"5683",1,0.51001546588989,0.0049264997549697,0,0.461,0.034,0.505,0.1302
"5684",0.01953125,0.51001546588989,0.0049264997549697,0,0.461,0.034,0.505,0.1302
"5685",1,0.51001546588989,0.0049264997549697,0,0.461,0.034,0.505,0.1302
"5686",1,0.51001546588989,0.0049264997549697,0,0.461,0.034,0.505,0.1302
"5687",1,0.51001546588989,0.0049264997549697,0,0.461,0.034,0.505,0.1302
"5688",1,0.51001546588989,0.0049264997549697,0,0.461,0.034,0.505,0.1302
"5689",0.109375,0.51001546588989,0.0049264997549697,0,0.461,0.034,0.505,0.1302
"5690",1,0.51001546588989,0.0049264997549697,0,0.461,0.034,0.505,0.1302
"5691",1,0.51001546588989,0.0049264997549697,0,0.461,0.034,0.505,0.1302
"5692",0.00390625,0.51001546588989,0.0049264997549697,0,0.461,0.034,0.505,0.1302
"5693",1,0.51001546588989,0.0049264997549697,0,0.461,0.034,0.505,0.1302
"5694",1,0.51001546588989,0.0049264997549697,0,0.461,0.034,0.505,0.1302
"5695",0.1015625,0.51001546588989,0.0049264997549697,0,0.461,0.034,0.505,0.1302
"5696",0.0078125,0.51001546588989,0.0049264997549697,0,0.461,0.034,0.505,0.1302
"5697",1,0.51001546588989,0.0049264997549697,0,0.461,0.034,0.505,0.1302
"5698",1,0.51001546588989,0.0049264997549697,0,0.461,0.034,0.505,0.1302
"5699",0.01171875,0.51001546588989,0.0049264997549697,0,0.461,0.034,0.505,0.1302
"5700",1,0.51001546588989,0.0049264997549697,0,0.461,0.034,0.505,0.1302
"5701",1,0.51001546588989,0.0049264997549697,0,0.461,0.034,0.505,0.1302
"5702",1,0.51001546588989,0.0049264997549697,0,0.461,0.034,0.505,0.1302
"5703",0.01171875,0.51001546588989,0.0049264997549697,0,0.461,0.034,0.505,0.1302
"5704",0,0.51001546588989,0.0049264997549697,0,0.461,0.034,0.505,0.1302
"5705",0.03515625,0.51001546588989,0.0049264997549697,0,0.461,0.034,0.505,0.1302
"5706",0.00390625,0.51001546588989,0.0049264997549697,0,0.461,0.034,0.505,0.1302
"5707",1,0.51001546588989,0.0049264997549697,0,0.461,0.034,0.505,0.1302
"5708",1,0.51001546588989,0.0049264997549697,0,0.461,0.034,0.505,0.1302
"5709",0,0.51001546588989,0.0049264997549697,0,0.461,0.034,0.505,0.1302
"5710",1,0.51001546588989,0.0049264997549697,0,0.461,0.034,0.505,0.1302
"5711",1,0.51001546588989,0.0049264997549697,0,0.461,0.034,0.505,0.1302
"5712",1,0.51001546588989,0.0049264997549697,0,0.461,0.034,0.505,0.1302
"5713",1,0.51001546588989,0.0049264997549697,0,0.461,0.034,0.505,0.1302
"5714",1,0.51001546588989,0.0049264997549697,0,0.461,0.034,0.505,0.1302
"5715",0.0078125,0.51001546588989,0.0049264997549697,0,0.461,0.034,0.505,0.1302
"5716",0.02734375,0.51001546588989,0.0049264997549697,0,0.461,0.034,0.505,0.1302
"5717",1,0.51001546588989,0.0049264997549697,0,0.461,0.034,0.505,0.1302
"5718",0.046875,0.51001546588989,0.0049264997549697,0,0.461,0.034,0.505,0.1302
"5719",1,0.51001546588989,0.0049264997549697,0,0.461,0.034,0.505,0.1302
"5720",1,0.51001546588989,0.0049264997549697,0,0.461,0.034,0.505,0.1302
"5721",0.078125,0.51001546588989,0.0049264997549697,0,0.461,0.034,0.505,0.1302
"5722",1,0.51001546588989,0.0049264997549697,0,0.461,0.034,0.505,0.1302
"5723",0.015625,0.51001546588989,0.0049264997549697,0,0.461,0.034,0.505,0.1302
"5724",0.00390625,0.51001546588989,0.0049264997549697,0,0.461,0.034,0.505,0.1302
"5725",0.01171875,0.51001546588989,0.0049264997549697,0,0.461,0.034,0.505,0.1302
"5726",0.00390625,0.51001546588989,0.0049264997549697,0,0.461,0.034,0.505,0.1302
"5727",1,0.51001546588989,0.0049264997549697,0,0.461,0.034,0.505,0.1302
"5728",0.00390625,0.51001546588989,0.0049264997549697,0,0.461,0.034,0.505,0.1302
"5729",0,0.51001546588989,0.0049264997549697,0,0.461,0.034,0.505,0.1302
"5730",0.01953125,0.51001546588989,0.0049264997549697,0,0.461,0.034,0.505,0.1302
"5731",0.015625,0.51001546588989,0.0049264997549697,0,0.461,0.034,0.505,0.1302
"5732",0.01171875,0.51001546588989,0.0049264997549697,0,0.461,0.034,0.505,0.1302
"5733",1,0.51001546588989,0.0049264997549697,0,0.461,0.034,0.505,0.1302
"5734",1,0.51001546588989,0.0049264997549697,0,0.461,0.034,0.505,0.1302
"5735",0.0390625,0.51001546588989,0.0049264997549697,0,0.461,0.034,0.505,0.1302
"5736",1,0.51001546588989,0.0049264997549697,0,0.461,0.034,0.505,0.1302
"5737",0.0390625,0.51001546588989,0.0049264997549697,0,0.461,0.034,0.505,0.1302
"5738",0.01171875,0.51001546588989,0.0049264997549697,0,0.461,0.034,0.505,0.1302
"5739",1,0.51001546588989,0.0049264997549697,0,0.461,0.034,0.505,0.1302
"5740",1,0.51001546588989,0.0049264997549697,0,0.461,0.034,0.505,0.1302
"5741",0,0.51001546588989,0.0049264997549697,0,0.461,0.034,0.505,0.1302
"5742",0.01953125,0.51001546588989,0.0049264997549697,0,0.461,0.034,0.505,0.1302
"5743",1,0.51001546588989,0.0049264997549697,0,0.461,0.034,0.505,0.1302
"5744",0.01171875,0.51001546588989,0.0049264997549697,0,0.461,0.034,0.505,0.1302
"5745",1,0.51001546588989,0.0049264997549697,0,0.461,0.034,0.505,0.1302
"5746",1,0.51001546588989,0.0049264997549697,0,0.461,0.034,0.505,0.1302
"5747",1,0.51001546588989,0.0049264997549697,0,0.461,0.034,0.505,0.1302
"5748",1,0.51001546588989,0.0049264997549697,0,0.461,0.034,0.505,0.1302
"5749",1,0.51001546588989,0.0049264997549697,0,0.461,0.034,0.505,0.1302
"5750",0.0546875,0.51001546588989,0.0049264997549697,0,0.461,0.034,0.505,0.1302
"5751",0.03125,0.51001546588989,0.0049264997549697,0,0.461,0.034,0.505,0.1302
"5752",1,0.51001546588989,0.0049264997549697,0,0.461,0.034,0.505,0.1302
"5753",0.0234375,0.51001546588989,0.0049264997549697,0,0.461,0.034,0.505,0.1302
"5754",1,0.51001546588989,0.0049264997549697,0,0.461,0.034,0.505,0.1302
"5755",1,0.51001546588989,0.0049264997549697,0,0.461,0.034,0.505,0.1302
"5756",0.01171875,0.51001546588989,0.0049264997549697,0,0.461,0.034,0.505,0.1302
"5757",1,0.51001546588989,0.0049264997549697,0,0.461,0.034,0.505,0.1302
"5758",0.01171875,0.51001546588989,0.0049264997549697,0,0.461,0.034,0.505,0.1302
"5759",0.02734375,0.51001546588989,0.0049264997549697,0,0.461,0.034,0.505,0.1302
"5760",1,0.51001546588989,0.0049264997549697,0,0.461,0.034,0.505,0.1302
"5761",0.0078125,0.51001546588989,0.0049264997549697,0,0.461,0.034,0.505,0.1302
"5762",1,0.51001546588989,0.0049264997549697,0,0.461,0.034,0.505,0.1302
"5763",1,0.51001546588989,0.0049264997549697,0,0.461,0.034,0.505,0.1302
"5764",0.01953125,0.51001546588989,0.0049264997549697,0,0.461,0.034,0.505,0.1302
"5765",1,0.51001546588989,0.0049264997549697,0,0.461,0.034,0.505,0.1302
"5766",0.01953125,0.51001546588989,0.0049264997549697,0,0.461,0.034,0.505,0.1302
"5767",1,0.51001546588989,0.0049264997549697,0,0.461,0.034,0.505,0.1302
"5768",1,0.51001546588989,0.0049264997549697,0,0.461,0.034,0.505,0.1302
"5769",1,0.51001546588989,0.0049264997549697,0,0.461,0.034,0.505,0.1302
"5770",1,0.51001546588989,0.0049264997549697,0,0.461,0.034,0.505,0.1302
"5771",0.04296875,0.51001546588989,0.0049264997549697,0,0.461,0.034,0.505,0.1302
"5772",0.0546875,0.51001546588989,0.0049264997549697,0,0.461,0.034,0.505,0.1302
"5773",0.01171875,0.51001546588989,0.0049264997549697,0,0.461,0.034,0.505,0.1302
"5774",0.0078125,0.51001546588989,0.0049264997549697,0,0.461,0.034,0.505,0.1302
"5775",0.015625,0.51001546588989,0.0049264997549697,0,0.461,0.034,0.505,0.1302
"5776",0.0078125,0.51001546588989,0.0049264997549697,0,0.461,0.034,0.505,0.1302
"5777",1,0.51001546588989,0.0049264997549697,0,0.461,0.034,0.505,0.1302
"5778",1,0.51001546588989,0.0049264997549697,0,0.461,0.034,0.505,0.1302
"5779",1,0.51001546588989,0.0049264997549697,0,0.461,0.034,0.505,0.1302
"5780",0.015625,0.51001546588989,0.0049264997549697,0,0.461,0.034,0.505,0.1302
"5781",0.01953125,0.51001546588989,0.0049264997549697,0,0.461,0.034,0.505,0.1302
"5782",1,0.51001546588989,0.0049264997549697,0,0.461,0.034,0.505,0.1302
"5783",0.015625,0.51001546588989,0.0049264997549697,0,0.461,0.034,0.505,0.1302
"5784",1,0.51001546588989,0.0049264997549697,0,0.461,0.034,0.505,0.1302
"5785",1,0.51001546588989,0.0049264997549697,0,0.461,0.034,0.505,0.1302
"5786",1,0.51001546588989,0.0049264997549697,0,0.461,0.034,0.505,0.1302
"5787",0.02734375,0.51001546588989,0.0049264997549697,0,0.461,0.034,0.505,0.1302
"5788",1,0.51001546588989,0.0049264997549697,0,0.461,0.034,0.505,0.1302
"5789",1,0.51001546588989,0.0049264997549697,0,0.461,0.034,0.505,0.1302
"5790",1,0.51001546588989,0.0049264997549697,0,0.461,0.034,0.505,0.1302
"5791",1,0.51001546588989,0.0049264997549697,0,0.461,0.034,0.505,0.1302
"5792",0.03515625,0.51001546588989,0.0049264997549697,0,0.461,0.034,0.505,0.1302
"5793",0.0078125,0.51001546588989,0.0049264997549697,0,0.461,0.034,0.505,0.1302
"5794",1,0.51001546588989,0.0049264997549697,0,0.461,0.034,0.505,0.1302
"5795",1,0.51001546588989,0.0049264997549697,0,0.461,0.034,0.505,0.1302
"5796",1,0.51001546588989,0.0049264997549697,0,0.461,0.034,0.505,0.1302
"5797",1,0.51001546588989,0.0049264997549697,0,0.461,0.034,0.505,0.1302
"5798",0.02734375,0.51001546588989,0.0049264997549697,0,0.461,0.034,0.505,0.1302
"5799",0,0.51001546588989,0.0049264997549697,0,0.461,0.034,0.505,0.1302
"5800",0.05078125,0.51001546588989,0.0049264997549697,0,0.461,0.034,0.505,0.1302
"5801",0.01171875,0.51001546588989,0.0049264997549697,0,0.461,0.034,0.505,0.1302
"5802",0.0234375,0.51001546588989,0.0049264997549697,0,0.461,0.034,0.505,0.1302
"5803",1,0.51001546588989,0.0049264997549697,0,0.461,0.034,0.505,0.1302
"5804",1,0.51001546588989,0.0049264997549697,0,0.461,0.034,0.505,0.1302
"5805",0.0078125,0.51001546588989,0.0049264997549697,0,0.461,0.034,0.505,0.1302
"5806",1,0.51001546588989,0.0049264997549697,0,0.461,0.034,0.505,0.1302
"5807",0.01953125,0.51001546588989,0.0049264997549697,0,0.461,0.034,0.505,0.1302
"5808",1,0.51001546588989,0.0049264997549697,0,0.461,0.034,0.505,0.1302
"5809",0.01953125,0.51001546588989,0.0049264997549697,0,0.461,0.034,0.505,0.1302
"5810",0,0.51001546588989,0.0049264997549697,0,0.461,0.034,0.505,0.1302
"5811",0.50390625,0.51001546588989,0.0049264997549697,0,0.461,0.034,0.505,0.1302
"5812",1,0.51001546588989,0.0049264997549697,0,0.461,0.034,0.505,0.1302
"5813",1,0.51001546588989,0.0049264997549697,0,0.461,0.034,0.505,0.1302
"5814",0.015625,0.51001546588989,0.0049264997549697,0,0.461,0.034,0.505,0.1302
"5815",0.015625,0.51001546588989,0.0049264997549697,0,0.461,0.034,0.505,0.1302
"5816",0.01953125,0.51001546588989,0.0049264997549697,0,0.461,0.034,0.505,0.1302
"5817",0.0234375,0.51001546588989,0.0049264997549697,0,0.461,0.034,0.505,0.1302
"5818",0.046875,0.51001546588989,0.0049264997549697,0,0.461,0.034,0.505,0.1302
"5819",1,0.51001546588989,0.0049264997549697,0,0.461,0.034,0.505,0.1302
"5820",1,0.51001546588989,0.0049264997549697,0,0.461,0.034,0.505,0.1302
"5821",1,0.51001546588989,0.0049264997549697,0,0.461,0.034,0.505,0.1302
"5822",1,0.51001546588989,0.0049264997549697,0,0.461,0.034,0.505,0.1302
"5823",0.00390625,0.51001546588989,0.0049264997549697,0,0.461,0.034,0.505,0.1302
"5824",1,0.51001546588989,0.0049264997549697,0,0.461,0.034,0.505,0.1302
"5825",0.01953125,0.51001546588989,0.0049264997549697,0,0.461,0.034,0.505,0.1302
"5826",0.015625,0.51001546588989,0.0049264997549697,0,0.461,0.034,0.505,0.1302
"5827",0.00390625,0.51001546588989,0.0049264997549697,0,0.461,0.034,0.505,0.1302
"5828",1,0.51001546588989,0.0049264997549697,0,0.461,0.034,0.505,0.1302
"5829",0.0390625,0.51001546588989,0.0049264997549697,0,0.461,0.034,0.505,0.1302
"5830",0.00390625,0.51001546588989,0.0049264997549697,0,0.461,0.034,0.505,0.1302
"5831",0.01171875,0.51001546588989,0.0049264997549697,0,0.461,0.034,0.505,0.1302
"5832",1,0.51001546588989,0.0049264997549697,0,0.461,0.034,0.505,0.1302
"5833",1,0.51001546588989,0.0049264997549697,0,0.461,0.034,0.505,0.1302
"5834",1,0.51001546588989,0.0049264997549697,0,0.461,0.034,0.505,0.1302
"5835",0.01953125,0.51001546588989,0.0049264997549697,0,0.461,0.034,0.505,0.1302
"5836",1,0.51001546588989,0.0049264997549697,0,0.461,0.034,0.505,0.1302
"5837",0.06640625,0.51001546588989,0.0049264997549697,0,0.461,0.034,0.505,0.1302
"5838",0.01953125,0.51001546588989,0.0049264997549697,0,0.461,0.034,0.505,0.1302
"5839",1,0.51001546588989,0.0049264997549697,0,0.461,0.034,0.505,0.1302
"5840",1,0.51001546588989,0.0049264997549697,0,0.461,0.034,0.505,0.1302
"5841",1,0.51001546588989,0.0049264997549697,0,0.461,0.034,0.505,0.1302
"5842",0.00390625,0.51001546588989,0.0049264997549697,0,0.461,0.034,0.505,0.1302
"5843",1,0.51001546588989,0.0049264997549697,0,0.461,0.034,0.505,0.1302
"5844",1,0.51001546588989,0.0049264997549697,0,0.461,0.034,0.505,0.1302
"5845",1,0.51001546588989,0.0049264997549697,0,0.461,0.034,0.505,0.1302
"5846",0.015625,0.51001546588989,0.0049264997549697,0,0.461,0.034,0.505,0.1302
"5847",1,0.51001546588989,0.0049264997549697,0,0.461,0.034,0.505,0.1302
"5848",0.015625,0.51001546588989,0.0049264997549697,0,0.461,0.034,0.505,0.1302
"5849",0.015625,0.51001546588989,0.0049264997549697,0,0.461,0.034,0.505,0.1302
"5850",0.08203125,0.51001546588989,0.0049264997549697,0,0.461,0.034,0.505,0.1302
"5851",1,0.51001546588989,0.0049264997549697,0,0.461,0.034,0.505,0.1302
"5852",1,0.51001546588989,0.0049264997549697,0,0.461,0.034,0.505,0.1302
"5853",1,0.51001546588989,0.0049264997549697,0,0.461,0.034,0.505,0.1302
"5854",1,0.51001546588989,0.0049264997549697,0,0.461,0.034,0.505,0.1302
"5855",1,0.51001546588989,0.0049264997549697,0,0.461,0.034,0.505,0.1302
"5856",0.0078125,0.51001546588989,0.0049264997549697,0,0.461,0.034,0.505,0.1302
"5857",0,0.51001546588989,0.0049264997549697,0,0.461,0.034,0.505,0.1302
"5858",1,0.51001546588989,0.0049264997549697,0,0.461,0.034,0.505,0.1302
"5859",0.125,0.51001546588989,0.0049264997549697,0,0.461,0.034,0.505,0.1302
"5860",1,0.51001546588989,0.0049264997549697,0,0.461,0.034,0.505,0.1302
"5861",1,0.51001546588989,0.0049264997549697,0,0.461,0.034,0.505,0.1302
"5862",0.015625,0.51001546588989,0.0049264997549697,0,0.461,0.034,0.505,0.1302
"5863",1,0.51001546588989,0.0049264997549697,0,0.461,0.034,0.505,0.1302
"5864",0.01171875,0.51001546588989,0.0049264997549697,0,0.461,0.034,0.505,0.1302
"5865",0.1875,0.51001546588989,0.0049264997549697,0,0.461,0.034,0.505,0.1302
"5866",1,0.51001546588989,0.0049264997549697,0,0.461,0.034,0.505,0.1302
"5867",0.0234375,0.51001546588989,0.0049264997549697,0,0.461,0.034,0.505,0.1302
"5868",1,0.51001546588989,0.0049264997549697,0,0.461,0.034,0.505,0.1302
"5869",1,0.51001546588989,0.0049264997549697,0,0.461,0.034,0.505,0.1302
"5870",1,0.51001546588989,0.0049264997549697,0,0.461,0.034,0.505,0.1302
"5871",0.015625,0.51001546588989,0.0049264997549697,0,0.461,0.034,0.505,0.1302
"5872",0.0078125,0.51001546588989,0.0049264997549697,0,0.461,0.034,0.505,0.1302
"5873",0,0.51001546588989,0.0049264997549697,0,0.461,0.034,0.505,0.1302
"5874",0.0078125,0.51001546588989,0.0049264997549697,0,0.461,0.034,0.505,0.1302
"5875",0.0078125,0.51001546588989,0.0049264997549697,0,0.461,0.034,0.505,0.1302
"5876",1,0.51001546588989,0.0049264997549697,0,0.461,0.034,0.505,0.1302
"5877",0.03125,0.51001546588989,0.0049264997549697,0,0.461,0.034,0.505,0.1302
"5878",0.00390625,0.51001546588989,0.0049264997549697,0,0.461,0.034,0.505,0.1302
"5879",1,0.51001546588989,0.0049264997549697,0,0.461,0.034,0.505,0.1302
"5880",1,0.51001546588989,0.0049264997549697,0,0.461,0.034,0.505,0.1302
"5881",0.03125,0.51001546588989,0.0049264997549697,0,0.461,0.034,0.505,0.1302
"5882",0,0.51001546588989,0.0049264997549697,0,0.461,0.034,0.505,0.1302
"5883",0.0390625,0.51001546588989,0.0049264997549697,0,0.461,0.034,0.505,0.1302
"5884",0.0390625,0.51001546588989,0.0049264997549697,0,0.461,0.034,0.505,0.1302
"5885",0.0078125,0.51001546588989,0.0049264997549697,0,0.461,0.034,0.505,0.1302
"5886",1,0.51001546588989,0.0049264997549697,0,0.461,0.034,0.505,0.1302
"5887",0.01171875,0.51001546588989,0.0049264997549697,0,0.461,0.034,0.505,0.1302
"5888",1,0.51001546588989,0.0049264997549697,0,0.461,0.034,0.505,0.1302
"5889",0.015625,0.51001546588989,0.0049264997549697,0,0.461,0.034,0.505,0.1302
"5890",1,0.51001546588989,0.0049264997549697,0,0.461,0.034,0.505,0.1302
"5891",1,0.51001546588989,0.0049264997549697,0,0.461,0.034,0.505,0.1302
"5892",0.0234375,0.51001546588989,0.0049264997549697,0,0.461,0.034,0.505,0.1302
"5893",1,0.51001546588989,0.0049264997549697,0,0.461,0.034,0.505,0.1302
"5894",1,0.51001546588989,0.0049264997549697,0,0.461,0.034,0.505,0.1302
"5895",0.0234375,0.51001546588989,0.0049264997549697,0,0.461,0.034,0.505,0.1302
"5896",0.00390625,0.51001546588989,0.0049264997549697,0,0.461,0.034,0.505,0.1302
"5897",0.00390625,0.51001546588989,0.0049264997549697,0,0.461,0.034,0.505,0.1302
"5898",0.015625,0.51001546588989,0.0049264997549697,0,0.461,0.034,0.505,0.1302
"5899",1,0.51001546588989,0.0049264997549697,0,0.461,0.034,0.505,0.1302
"5900",0.00390625,0.51001546588989,0.0049264997549697,0,0.461,0.034,0.505,0.1302
"5901",1,0.51001546588989,0.0049264997549697,0,0.461,0.034,0.505,0.1302
"5902",0.3828125,0.51001546588989,0.0049264997549697,0,0.461,0.034,0.505,0.1302
"5903",1,0.51001546588989,0.0049264997549697,0,0.461,0.034,0.505,0.1302
"5904",1,0.51001546588989,0.0049264997549697,0,0.461,0.034,0.505,0.1302
"5905",0.015625,0.51001546588989,0.0049264997549697,0,0.461,0.034,0.505,0.1302
"5906",0.04296875,0.51001546588989,0.0049264997549697,0,0.461,0.034,0.505,0.1302
"5907",0.01171875,0.51001546588989,0.0049264997549697,0,0.461,0.034,0.505,0.1302
"5908",0.03125,0.51001546588989,0.0049264997549697,0,0.461,0.034,0.505,0.1302
"5909",1,0.51001546588989,0.0049264997549697,0,0.461,0.034,0.505,0.1302
"5910",0,0.51001546588989,0.0049264997549697,0,0.461,0.034,0.505,0.1302
"5911",0.01953125,0.51001546588989,0.0049264997549697,0,0.461,0.034,0.505,0.1302
"5912",1,0.51001546588989,0.0049264997549697,0,0.461,0.034,0.505,0.1302
"5913",0.109375,0.51001546588989,0.0049264997549697,0,0.461,0.034,0.505,0.1302
"5914",1,0.51001546588989,0.0049264997549697,0,0.461,0.034,0.505,0.1302
"5915",0.01171875,0.51001546588989,0.0049264997549697,0,0.461,0.034,0.505,0.1302
"5916",0.03515625,0.51001546588989,0.0049264997549697,0,0.461,0.034,0.505,0.1302
"5917",1,0.51001546588989,0.0049264997549697,0,0.461,0.034,0.505,0.1302
"5918",1,0.51001546588989,0.0049264997549697,0,0.461,0.034,0.505,0.1302
"5919",0.00390625,0.51001546588989,0.0049264997549697,0,0.461,0.034,0.505,0.1302
"5920",1,0.51001546588989,0.0049264997549697,0,0.461,0.034,0.505,0.1302
"5921",1,0.51001546588989,0.0049264997549697,0,0.461,0.034,0.505,0.1302
"5922",1,0.51001546588989,0.0049264997549697,0,0.461,0.034,0.505,0.1302
"5923",1,0.51001546588989,0.0049264997549697,0,0.461,0.034,0.505,0.1302
"5924",0.01171875,0.51001546588989,0.0049264997549697,0,0.461,0.034,0.505,0.1302
"5925",0.0390625,0.51001546588989,0.0049264997549697,0,0.461,0.034,0.505,0.1302
"5926",0.109375,0.51001546588989,0.0049264997549697,0,0.461,0.034,0.505,0.1302
"5927",1,0.51001546588989,0.0049264997549697,0,0.461,0.034,0.505,0.1302
"5928",1,0.51001546588989,0.0049264997549697,0,0.461,0.034,0.505,0.1302
"5929",1,0.51001546588989,0.0049264997549697,0,0.461,0.034,0.505,0.1302
"5930",1,0.51001546588989,0.0049264997549697,0,0.461,0.034,0.505,0.1302
"5931",0.03125,0.51001546588989,0.0049264997549697,0,0.461,0.034,0.505,0.1302
"5932",0.02734375,0.51001546588989,0.0049264997549697,0,0.461,0.034,0.505,0.1302
"5933",1,0.51001546588989,0.0049264997549697,0,0.461,0.034,0.505,0.1302
"5934",0.0078125,0.51001546588989,0.0049264997549697,0,0.461,0.034,0.505,0.1302
"5935",1,0.51001546588989,0.0049264997549697,0,0.461,0.034,0.505,0.1302
"5936",0.08984375,0.51001546588989,0.0049264997549697,0,0.461,0.034,0.505,0.1302
"5937",0.01953125,0.51001546588989,0.0049264997549697,0,0.461,0.034,0.505,0.1302
"5938",1,0.51001546588989,0.0049264997549697,0,0.461,0.034,0.505,0.1302
"5939",0.04296875,0.51001546588989,0.0049264997549697,0,0.461,0.034,0.505,0.1302
"5940",0.5,0.51001546588989,0.0049264997549697,0,0.461,0.034,0.505,0.1302
"5941",1,0.51001546588989,0.0049264997549697,0,0.461,0.034,0.505,0.1302
"5942",0.0390625,0.51001546588989,0.0049264997549697,0,0.461,0.034,0.505,0.1302
"5943",0.03125,0.51001546588989,0.0049264997549697,0,0.461,0.034,0.505,0.1302
"5944",1,0.51001546588989,0.0049264997549697,0,0.461,0.034,0.505,0.1302
"5945",0.0078125,0.51001546588989,0.0049264997549697,0,0.461,0.034,0.505,0.1302
"5946",0.0078125,0.51001546588989,0.0049264997549697,0,0.461,0.034,0.505,0.1302
"5947",1,0.51001546588989,0.0049264997549697,0,0.461,0.034,0.505,0.1302
"5948",1,0.51001546588989,0.0049264997549697,0,0.461,0.034,0.505,0.1302
"5949",0.03125,0.51001546588989,0.0049264997549697,0,0.461,0.034,0.505,0.1302
"5950",1,0.51001546588989,0.0049264997549697,0,0.461,0.034,0.505,0.1302
"5951",0.0078125,0.51001546588989,0.0049264997549697,0,0.461,0.034,0.505,0.1302
"5952",1,0.51001546588989,0.0049264997549697,0,0.461,0.034,0.505,0.1302
"5953",1,0.51001546588989,0.0049264997549697,0,0.461,0.034,0.505,0.1302
"5954",0.06640625,0.51001546588989,0.0049264997549697,0,0.461,0.034,0.505,0.1302
"5955",0.0078125,0.51001546588989,0.0049264997549697,0,0.461,0.034,0.505,0.1302
"5956",0.01171875,0.51001546588989,0.0049264997549697,0,0.461,0.034,0.505,0.1302
"5957",1,0.51001546588989,0.0049264997549697,0,0.461,0.034,0.505,0.1302
"5958",0.0078125,0.51001546588989,0.0049264997549697,0,0.461,0.034,0.505,0.1302
"5959",1,0.51001546588989,0.0049264997549697,0,0.461,0.034,0.505,0.1302
"5960",1,0.51001546588989,0.0049264997549697,0,0.461,0.034,0.505,0.1302
"5961",0.0078125,0.51001546588989,0.0049264997549697,0,0.461,0.034,0.505,0.1302
"5962",1,0.51001546588989,0.0049264997549697,0,0.461,0.034,0.505,0.1302
"5963",0.0703125,0.51001546588989,0.0049264997549697,0,0.461,0.034,0.505,0.1302
"5964",1,0.51001546588989,0.0049264997549697,0,0.461,0.034,0.505,0.1302
"5965",0,0.51001546588989,0.0049264997549697,0,0.461,0.034,0.505,0.1302
"5966",0.0390625,0.51001546588989,0.0049264997549697,0,0.461,0.034,0.505,0.1302
"5967",0.0078125,0.51001546588989,0.0049264997549697,0,0.461,0.034,0.505,0.1302
"5968",0,0.51001546588989,0.0049264997549697,0,0.461,0.034,0.505,0.1302
"5969",0.13671875,0.51001546588989,0.0049264997549697,0,0.461,0.034,0.505,0.1302
"5970",1,0.51001546588989,0.0049264997549697,0,0.461,0.034,0.505,0.1302
"5971",0.02734375,0.51001546588989,0.0049264997549697,0,0.461,0.034,0.505,0.1302
"5972",1,0.51001546588989,0.0049264997549697,0,0.461,0.034,0.505,0.1302
"5973",0.265625,0.51001546588989,0.0049264997549697,0,0.461,0.034,0.505,0.1302
"5974",1,0.51001546588989,0.0049264997549697,0,0.461,0.034,0.505,0.1302
"5975",0.0078125,0.51001546588989,0.0049264997549697,0,0.461,0.034,0.505,0.1302
"5976",0,0.51001546588989,0.0049264997549697,0,0.461,0.034,0.505,0.1302
"5977",0.0078125,0.51001546588989,0.0049264997549697,0,0.461,0.034,0.505,0.1302
"5978",0.0078125,0.51001546588989,0.0049264997549697,0,0.461,0.034,0.505,0.1302
"5979",0.01171875,0.51001546588989,0.0049264997549697,0,0.461,0.034,0.505,0.1302
"5980",1,0.51001546588989,0.0049264997549697,0,0.461,0.034,0.505,0.1302
"5981",1,0.51001546588989,0.0049264997549697,0,0.461,0.034,0.505,0.1302
"5982",0.00390625,0.51001546588989,0.0049264997549697,0,0.461,0.034,0.505,0.1302
"5983",0.00390625,0.51001546588989,0.0049264997549697,0,0.461,0.034,0.505,0.1302
"5984",0.0546875,0.51001546588989,0.0049264997549697,0,0.461,0.034,0.505,0.1302
"5985",1,0.51001546588989,0.0049264997549697,0,0.461,0.034,0.505,0.1302
"5986",0.01953125,0.51001546588989,0.0049264997549697,0,0.461,0.034,0.505,0.1302
"5987",1,0.51001546588989,0.0049264997549697,0,0.461,0.034,0.505,0.1302
"5988",1,0.51001546588989,0.0049264997549697,0,0.461,0.034,0.505,0.1302
"5989",0.07421875,0.51001546588989,0.0049264997549697,0,0.461,0.034,0.505,0.1302
"5990",0.09765625,0.51001546588989,0.0049264997549697,0,0.461,0.034,0.505,0.1302
"5991",1,0.51001546588989,0.0049264997549697,0,0.461,0.034,0.505,0.1302
"5992",1,0.51001546588989,0.0049264997549697,0,0.461,0.034,0.505,0.1302
"5993",1,0.51001546588989,0.0049264997549697,0,0.461,0.034,0.505,0.1302
"5994",0.0078125,0.51001546588989,0.0049264997549697,0,0.461,0.034,0.505,0.1302
"5995",0.01171875,0.51001546588989,0.0049264997549697,0,0.461,0.034,0.505,0.1302
"5996",1,0.51001546588989,0.0049264997549697,0,0.461,0.034,0.505,0.1302
"5997",0.01171875,0.51001546588989,0.0049264997549697,0,0.461,0.034,0.505,0.1302
"5998",1,0.51001546588989,0.0049264997549697,0,0.461,0.034,0.505,0.1302
"5999",0.00390625,0.51001546588989,0.0049264997549697,0,0.461,0.034,0.505,0.1302
"6000",1,0.51001546588989,0.0049264997549697,0,0.461,0.034,0.505,0.1302
"6001",1,0.514287250198786,0.00604111468278354,0,0.451,0.043,0.506,0.1302
"6002",0.02734375,0.514287250198786,0.00604111468278354,0,0.451,0.043,0.506,0.1302
"6003",1,0.514287250198786,0.00604111468278354,0,0.451,0.043,0.506,0.1302
"6004",0.015625,0.514287250198786,0.00604111468278354,0,0.451,0.043,0.506,0.1302
"6005",0.0546875,0.514287250198786,0.00604111468278354,0,0.451,0.043,0.506,0.1302
"6006",0.01171875,0.514287250198786,0.00604111468278354,0,0.451,0.043,0.506,0.1302
"6007",1,0.514287250198786,0.00604111468278354,0,0.451,0.043,0.506,0.1302
"6008",0.01953125,0.514287250198786,0.00604111468278354,0,0.451,0.043,0.506,0.1302
"6009",1,0.514287250198786,0.00604111468278354,0,0.451,0.043,0.506,0.1302
"6010",1,0.514287250198786,0.00604111468278354,0,0.451,0.043,0.506,0.1302
"6011",1,0.514287250198786,0.00604111468278354,0,0.451,0.043,0.506,0.1302
"6012",1,0.514287250198786,0.00604111468278354,0,0.451,0.043,0.506,0.1302
"6013",0.0078125,0.514287250198786,0.00604111468278354,0,0.451,0.043,0.506,0.1302
"6014",1,0.514287250198786,0.00604111468278354,0,0.451,0.043,0.506,0.1302
"6015",1,0.514287250198786,0.00604111468278354,0,0.451,0.043,0.506,0.1302
"6016",1,0.514287250198786,0.00604111468278354,0,0.451,0.043,0.506,0.1302
"6017",0.01171875,0.514287250198786,0.00604111468278354,0,0.451,0.043,0.506,0.1302
"6018",1,0.514287250198786,0.00604111468278354,0,0.451,0.043,0.506,0.1302
"6019",1,0.514287250198786,0.00604111468278354,0,0.451,0.043,0.506,0.1302
"6020",1,0.514287250198786,0.00604111468278354,0,0.451,0.043,0.506,0.1302
"6021",0.0078125,0.514287250198786,0.00604111468278354,0,0.451,0.043,0.506,0.1302
"6022",0.0390625,0.514287250198786,0.00604111468278354,0,0.451,0.043,0.506,0.1302
"6023",1,0.514287250198786,0.00604111468278354,0,0.451,0.043,0.506,0.1302
"6024",1,0.514287250198786,0.00604111468278354,0,0.451,0.043,0.506,0.1302
"6025",0.01171875,0.514287250198786,0.00604111468278354,0,0.451,0.043,0.506,0.1302
"6026",1,0.514287250198786,0.00604111468278354,0,0.451,0.043,0.506,0.1302
"6027",1,0.514287250198786,0.00604111468278354,0,0.451,0.043,0.506,0.1302
"6028",1,0.514287250198786,0.00604111468278354,0,0.451,0.043,0.506,0.1302
"6029",0.03125,0.514287250198786,0.00604111468278354,0,0.451,0.043,0.506,0.1302
"6030",1,0.514287250198786,0.00604111468278354,0,0.451,0.043,0.506,0.1302
"6031",1,0.514287250198786,0.00604111468278354,0,0.451,0.043,0.506,0.1302
"6032",1,0.514287250198786,0.00604111468278354,0,0.451,0.043,0.506,0.1302
"6033",0.19140625,0.514287250198786,0.00604111468278354,0,0.451,0.043,0.506,0.1302
"6034",1,0.514287250198786,0.00604111468278354,0,0.451,0.043,0.506,0.1302
"6035",0.02734375,0.514287250198786,0.00604111468278354,0,0.451,0.043,0.506,0.1302
"6036",1,0.514287250198786,0.00604111468278354,0,0.451,0.043,0.506,0.1302
"6037",0.04296875,0.514287250198786,0.00604111468278354,0,0.451,0.043,0.506,0.1302
"6038",1,0.514287250198786,0.00604111468278354,0,0.451,0.043,0.506,0.1302
"6039",0.0078125,0.514287250198786,0.00604111468278354,0,0.451,0.043,0.506,0.1302
"6040",1,0.514287250198786,0.00604111468278354,0,0.451,0.043,0.506,0.1302
"6041",1,0.514287250198786,0.00604111468278354,0,0.451,0.043,0.506,0.1302
"6042",0.5234375,0.514287250198786,0.00604111468278354,0,0.451,0.043,0.506,0.1302
"6043",0.0078125,0.514287250198786,0.00604111468278354,0,0.451,0.043,0.506,0.1302
"6044",1,0.514287250198786,0.00604111468278354,0,0.451,0.043,0.506,0.1302
"6045",1,0.514287250198786,0.00604111468278354,0,0.451,0.043,0.506,0.1302
"6046",0.1171875,0.514287250198786,0.00604111468278354,0,0.451,0.043,0.506,0.1302
"6047",1,0.514287250198786,0.00604111468278354,0,0.451,0.043,0.506,0.1302
"6048",0.02734375,0.514287250198786,0.00604111468278354,0,0.451,0.043,0.506,0.1302
"6049",1,0.514287250198786,0.00604111468278354,0,0.451,0.043,0.506,0.1302
"6050",1,0.514287250198786,0.00604111468278354,0,0.451,0.043,0.506,0.1302
"6051",0.140625,0.514287250198786,0.00604111468278354,0,0.451,0.043,0.506,0.1302
"6052",1,0.514287250198786,0.00604111468278354,0,0.451,0.043,0.506,0.1302
"6053",0.02734375,0.514287250198786,0.00604111468278354,0,0.451,0.043,0.506,0.1302
"6054",1,0.514287250198786,0.00604111468278354,0,0.451,0.043,0.506,0.1302
"6055",1,0.514287250198786,0.00604111468278354,0,0.451,0.043,0.506,0.1302
"6056",0.05078125,0.514287250198786,0.00604111468278354,0,0.451,0.043,0.506,0.1302
"6057",1,0.514287250198786,0.00604111468278354,0,0.451,0.043,0.506,0.1302
"6058",1,0.514287250198786,0.00604111468278354,0,0.451,0.043,0.506,0.1302
"6059",0.03125,0.514287250198786,0.00604111468278354,0,0.451,0.043,0.506,0.1302
"6060",0.01953125,0.514287250198786,0.00604111468278354,0,0.451,0.043,0.506,0.1302
"6061",1,0.514287250198786,0.00604111468278354,0,0.451,0.043,0.506,0.1302
"6062",1,0.514287250198786,0.00604111468278354,0,0.451,0.043,0.506,0.1302
"6063",1,0.514287250198786,0.00604111468278354,0,0.451,0.043,0.506,0.1302
"6064",0.5078125,0.514287250198786,0.00604111468278354,0,0.451,0.043,0.506,0.1302
"6065",0.03515625,0.514287250198786,0.00604111468278354,0,0.451,0.043,0.506,0.1302
"6066",1,0.514287250198786,0.00604111468278354,0,0.451,0.043,0.506,0.1302
"6067",1,0.514287250198786,0.00604111468278354,0,0.451,0.043,0.506,0.1302
"6068",0.01171875,0.514287250198786,0.00604111468278354,0,0.451,0.043,0.506,0.1302
"6069",0.015625,0.514287250198786,0.00604111468278354,0,0.451,0.043,0.506,0.1302
"6070",1,0.514287250198786,0.00604111468278354,0,0.451,0.043,0.506,0.1302
"6071",1,0.514287250198786,0.00604111468278354,0,0.451,0.043,0.506,0.1302
"6072",1,0.514287250198786,0.00604111468278354,0,0.451,0.043,0.506,0.1302
"6073",0.03515625,0.514287250198786,0.00604111468278354,0,0.451,0.043,0.506,0.1302
"6074",1,0.514287250198786,0.00604111468278354,0,0.451,0.043,0.506,0.1302
"6075",0.07421875,0.514287250198786,0.00604111468278354,0,0.451,0.043,0.506,0.1302
"6076",1,0.514287250198786,0.00604111468278354,0,0.451,0.043,0.506,0.1302
"6077",0.0078125,0.514287250198786,0.00604111468278354,0,0.451,0.043,0.506,0.1302
"6078",1,0.514287250198786,0.00604111468278354,0,0.451,0.043,0.506,0.1302
"6079",1,0.514287250198786,0.00604111468278354,0,0.451,0.043,0.506,0.1302
"6080",0.03515625,0.514287250198786,0.00604111468278354,0,0.451,0.043,0.506,0.1302
"6081",1,0.514287250198786,0.00604111468278354,0,0.451,0.043,0.506,0.1302
"6082",1,0.514287250198786,0.00604111468278354,0,0.451,0.043,0.506,0.1302
"6083",0.0078125,0.514287250198786,0.00604111468278354,0,0.451,0.043,0.506,0.1302
"6084",0.01953125,0.514287250198786,0.00604111468278354,0,0.451,0.043,0.506,0.1302
"6085",1,0.514287250198786,0.00604111468278354,0,0.451,0.043,0.506,0.1302
"6086",1,0.514287250198786,0.00604111468278354,0,0.451,0.043,0.506,0.1302
"6087",0,0.514287250198786,0.00604111468278354,0,0.451,0.043,0.506,0.1302
"6088",1,0.514287250198786,0.00604111468278354,0,0.451,0.043,0.506,0.1302
"6089",0.0703125,0.514287250198786,0.00604111468278354,0,0.451,0.043,0.506,0.1302
"6090",0.01953125,0.514287250198786,0.00604111468278354,0,0.451,0.043,0.506,0.1302
"6091",1,0.514287250198786,0.00604111468278354,0,0.451,0.043,0.506,0.1302
"6092",0.01953125,0.514287250198786,0.00604111468278354,0,0.451,0.043,0.506,0.1302
"6093",0.00390625,0.514287250198786,0.00604111468278354,0,0.451,0.043,0.506,0.1302
"6094",1,0.514287250198786,0.00604111468278354,0,0.451,0.043,0.506,0.1302
"6095",1,0.514287250198786,0.00604111468278354,0,0.451,0.043,0.506,0.1302
"6096",0.01953125,0.514287250198786,0.00604111468278354,0,0.451,0.043,0.506,0.1302
"6097",0.0078125,0.514287250198786,0.00604111468278354,0,0.451,0.043,0.506,0.1302
"6098",1,0.514287250198786,0.00604111468278354,0,0.451,0.043,0.506,0.1302
"6099",0.0390625,0.514287250198786,0.00604111468278354,0,0.451,0.043,0.506,0.1302
"6100",0.015625,0.514287250198786,0.00604111468278354,0,0.451,0.043,0.506,0.1302
"6101",1,0.514287250198786,0.00604111468278354,0,0.451,0.043,0.506,0.1302
"6102",1,0.514287250198786,0.00604111468278354,0,0.451,0.043,0.506,0.1302
"6103",0.08203125,0.514287250198786,0.00604111468278354,0,0.451,0.043,0.506,0.1302
"6104",0.0234375,0.514287250198786,0.00604111468278354,0,0.451,0.043,0.506,0.1302
"6105",1,0.514287250198786,0.00604111468278354,0,0.451,0.043,0.506,0.1302
"6106",1,0.514287250198786,0.00604111468278354,0,0.451,0.043,0.506,0.1302
"6107",1,0.514287250198786,0.00604111468278354,0,0.451,0.043,0.506,0.1302
"6108",0,0.514287250198786,0.00604111468278354,0,0.451,0.043,0.506,0.1302
"6109",0.06640625,0.514287250198786,0.00604111468278354,0,0.451,0.043,0.506,0.1302
"6110",0.00390625,0.514287250198786,0.00604111468278354,0,0.451,0.043,0.506,0.1302
"6111",0.01171875,0.514287250198786,0.00604111468278354,0,0.451,0.043,0.506,0.1302
"6112",1,0.514287250198786,0.00604111468278354,0,0.451,0.043,0.506,0.1302
"6113",1,0.514287250198786,0.00604111468278354,0,0.451,0.043,0.506,0.1302
"6114",0.00390625,0.514287250198786,0.00604111468278354,0,0.451,0.043,0.506,0.1302
"6115",1,0.514287250198786,0.00604111468278354,0,0.451,0.043,0.506,0.1302
"6116",0.0078125,0.514287250198786,0.00604111468278354,0,0.451,0.043,0.506,0.1302
"6117",0.02734375,0.514287250198786,0.00604111468278354,0,0.451,0.043,0.506,0.1302
"6118",0.05859375,0.514287250198786,0.00604111468278354,0,0.451,0.043,0.506,0.1302
"6119",1,0.514287250198786,0.00604111468278354,0,0.451,0.043,0.506,0.1302
"6120",0.015625,0.514287250198786,0.00604111468278354,0,0.451,0.043,0.506,0.1302
"6121",1,0.514287250198786,0.00604111468278354,0,0.451,0.043,0.506,0.1302
"6122",0.0078125,0.514287250198786,0.00604111468278354,0,0.451,0.043,0.506,0.1302
"6123",1,0.514287250198786,0.00604111468278354,0,0.451,0.043,0.506,0.1302
"6124",1,0.514287250198786,0.00604111468278354,0,0.451,0.043,0.506,0.1302
"6125",1,0.514287250198786,0.00604111468278354,0,0.451,0.043,0.506,0.1302
"6126",1,0.514287250198786,0.00604111468278354,0,0.451,0.043,0.506,0.1302
"6127",0.00390625,0.514287250198786,0.00604111468278354,0,0.451,0.043,0.506,0.1302
"6128",0.0234375,0.514287250198786,0.00604111468278354,0,0.451,0.043,0.506,0.1302
"6129",1,0.514287250198786,0.00604111468278354,0,0.451,0.043,0.506,0.1302
"6130",0.0390625,0.514287250198786,0.00604111468278354,0,0.451,0.043,0.506,0.1302
"6131",0.1171875,0.514287250198786,0.00604111468278354,0,0.451,0.043,0.506,0.1302
"6132",1,0.514287250198786,0.00604111468278354,0,0.451,0.043,0.506,0.1302
"6133",0.109375,0.514287250198786,0.00604111468278354,0,0.451,0.043,0.506,0.1302
"6134",0.0078125,0.514287250198786,0.00604111468278354,0,0.451,0.043,0.506,0.1302
"6135",0.0234375,0.514287250198786,0.00604111468278354,0,0.451,0.043,0.506,0.1302
"6136",1,0.514287250198786,0.00604111468278354,0,0.451,0.043,0.506,0.1302
"6137",0.00390625,0.514287250198786,0.00604111468278354,0,0.451,0.043,0.506,0.1302
"6138",1,0.514287250198786,0.00604111468278354,0,0.451,0.043,0.506,0.1302
"6139",0.0625,0.514287250198786,0.00604111468278354,0,0.451,0.043,0.506,0.1302
"6140",0.03515625,0.514287250198786,0.00604111468278354,0,0.451,0.043,0.506,0.1302
"6141",1,0.514287250198786,0.00604111468278354,0,0.451,0.043,0.506,0.1302
"6142",1,0.514287250198786,0.00604111468278354,0,0.451,0.043,0.506,0.1302
"6143",0.03125,0.514287250198786,0.00604111468278354,0,0.451,0.043,0.506,0.1302
"6144",0.0078125,0.514287250198786,0.00604111468278354,0,0.451,0.043,0.506,0.1302
"6145",1,0.514287250198786,0.00604111468278354,0,0.451,0.043,0.506,0.1302
"6146",0.015625,0.514287250198786,0.00604111468278354,0,0.451,0.043,0.506,0.1302
"6147",1,0.514287250198786,0.00604111468278354,0,0.451,0.043,0.506,0.1302
"6148",0.00390625,0.514287250198786,0.00604111468278354,0,0.451,0.043,0.506,0.1302
"6149",1,0.514287250198786,0.00604111468278354,0,0.451,0.043,0.506,0.1302
"6150",0.07421875,0.514287250198786,0.00604111468278354,0,0.451,0.043,0.506,0.1302
"6151",0.015625,0.514287250198786,0.00604111468278354,0,0.451,0.043,0.506,0.1302
"6152",1,0.514287250198786,0.00604111468278354,0,0.451,0.043,0.506,0.1302
"6153",1,0.514287250198786,0.00604111468278354,0,0.451,0.043,0.506,0.1302
"6154",1,0.514287250198786,0.00604111468278354,0,0.451,0.043,0.506,0.1302
"6155",1,0.514287250198786,0.00604111468278354,0,0.451,0.043,0.506,0.1302
"6156",1,0.514287250198786,0.00604111468278354,0,0.451,0.043,0.506,0.1302
"6157",0,0.514287250198786,0.00604111468278354,0,0.451,0.043,0.506,0.1302
"6158",0.015625,0.514287250198786,0.00604111468278354,0,0.451,0.043,0.506,0.1302
"6159",1,0.514287250198786,0.00604111468278354,0,0.451,0.043,0.506,0.1302
"6160",1,0.514287250198786,0.00604111468278354,0,0.451,0.043,0.506,0.1302
"6161",0.01953125,0.514287250198786,0.00604111468278354,0,0.451,0.043,0.506,0.1302
"6162",0.046875,0.514287250198786,0.00604111468278354,0,0.451,0.043,0.506,0.1302
"6163",1,0.514287250198786,0.00604111468278354,0,0.451,0.043,0.506,0.1302
"6164",0.16015625,0.514287250198786,0.00604111468278354,0,0.451,0.043,0.506,0.1302
"6165",1,0.514287250198786,0.00604111468278354,0,0.451,0.043,0.506,0.1302
"6166",0.07421875,0.514287250198786,0.00604111468278354,0,0.451,0.043,0.506,0.1302
"6167",0.015625,0.514287250198786,0.00604111468278354,0,0.451,0.043,0.506,0.1302
"6168",1,0.514287250198786,0.00604111468278354,0,0.451,0.043,0.506,0.1302
"6169",1,0.514287250198786,0.00604111468278354,0,0.451,0.043,0.506,0.1302
"6170",0.0859375,0.514287250198786,0.00604111468278354,0,0.451,0.043,0.506,0.1302
"6171",0.14453125,0.514287250198786,0.00604111468278354,0,0.451,0.043,0.506,0.1302
"6172",1,0.514287250198786,0.00604111468278354,0,0.451,0.043,0.506,0.1302
"6173",1,0.514287250198786,0.00604111468278354,0,0.451,0.043,0.506,0.1302
"6174",0.05078125,0.514287250198786,0.00604111468278354,0,0.451,0.043,0.506,0.1302
"6175",1,0.514287250198786,0.00604111468278354,0,0.451,0.043,0.506,0.1302
"6176",1,0.514287250198786,0.00604111468278354,0,0.451,0.043,0.506,0.1302
"6177",0.03515625,0.514287250198786,0.00604111468278354,0,0.451,0.043,0.506,0.1302
"6178",1,0.514287250198786,0.00604111468278354,0,0.451,0.043,0.506,0.1302
"6179",1,0.514287250198786,0.00604111468278354,0,0.451,0.043,0.506,0.1302
"6180",0.03515625,0.514287250198786,0.00604111468278354,0,0.451,0.043,0.506,0.1302
"6181",0.02734375,0.514287250198786,0.00604111468278354,0,0.451,0.043,0.506,0.1302
"6182",0.01171875,0.514287250198786,0.00604111468278354,0,0.451,0.043,0.506,0.1302
"6183",1,0.514287250198786,0.00604111468278354,0,0.451,0.043,0.506,0.1302
"6184",1,0.514287250198786,0.00604111468278354,0,0.451,0.043,0.506,0.1302
"6185",1,0.514287250198786,0.00604111468278354,0,0.451,0.043,0.506,0.1302
"6186",1,0.514287250198786,0.00604111468278354,0,0.451,0.043,0.506,0.1302
"6187",1,0.514287250198786,0.00604111468278354,0,0.451,0.043,0.506,0.1302
"6188",1,0.514287250198786,0.00604111468278354,0,0.451,0.043,0.506,0.1302
"6189",0.01171875,0.514287250198786,0.00604111468278354,0,0.451,0.043,0.506,0.1302
"6190",1,0.514287250198786,0.00604111468278354,0,0.451,0.043,0.506,0.1302
"6191",0.046875,0.514287250198786,0.00604111468278354,0,0.451,0.043,0.506,0.1302
"6192",0.0625,0.514287250198786,0.00604111468278354,0,0.451,0.043,0.506,0.1302
"6193",0.0078125,0.514287250198786,0.00604111468278354,0,0.451,0.043,0.506,0.1302
"6194",0.03125,0.514287250198786,0.00604111468278354,0,0.451,0.043,0.506,0.1302
"6195",0.046875,0.514287250198786,0.00604111468278354,0,0.451,0.043,0.506,0.1302
"6196",1,0.514287250198786,0.00604111468278354,0,0.451,0.043,0.506,0.1302
"6197",1,0.514287250198786,0.00604111468278354,0,0.451,0.043,0.506,0.1302
"6198",0.01953125,0.514287250198786,0.00604111468278354,0,0.451,0.043,0.506,0.1302
"6199",1,0.514287250198786,0.00604111468278354,0,0.451,0.043,0.506,0.1302
"6200",1,0.514287250198786,0.00604111468278354,0,0.451,0.043,0.506,0.1302
"6201",0.03125,0.514287250198786,0.00604111468278354,0,0.451,0.043,0.506,0.1302
"6202",1,0.514287250198786,0.00604111468278354,0,0.451,0.043,0.506,0.1302
"6203",0.140625,0.514287250198786,0.00604111468278354,0,0.451,0.043,0.506,0.1302
"6204",1,0.514287250198786,0.00604111468278354,0,0.451,0.043,0.506,0.1302
"6205",1,0.514287250198786,0.00604111468278354,0,0.451,0.043,0.506,0.1302
"6206",1,0.514287250198786,0.00604111468278354,0,0.451,0.043,0.506,0.1302
"6207",1,0.514287250198786,0.00604111468278354,0,0.451,0.043,0.506,0.1302
"6208",0.02734375,0.514287250198786,0.00604111468278354,0,0.451,0.043,0.506,0.1302
"6209",0.03515625,0.514287250198786,0.00604111468278354,0,0.451,0.043,0.506,0.1302
"6210",0.01171875,0.514287250198786,0.00604111468278354,0,0.451,0.043,0.506,0.1302
"6211",0.12890625,0.514287250198786,0.00604111468278354,0,0.451,0.043,0.506,0.1302
"6212",1,0.514287250198786,0.00604111468278354,0,0.451,0.043,0.506,0.1302
"6213",1,0.514287250198786,0.00604111468278354,0,0.451,0.043,0.506,0.1302
"6214",1,0.514287250198786,0.00604111468278354,0,0.451,0.043,0.506,0.1302
"6215",0.0078125,0.514287250198786,0.00604111468278354,0,0.451,0.043,0.506,0.1302
"6216",0.07421875,0.514287250198786,0.00604111468278354,0,0.451,0.043,0.506,0.1302
"6217",0.0078125,0.514287250198786,0.00604111468278354,0,0.451,0.043,0.506,0.1302
"6218",1,0.514287250198786,0.00604111468278354,0,0.451,0.043,0.506,0.1302
"6219",0,0.514287250198786,0.00604111468278354,0,0.451,0.043,0.506,0.1302
"6220",0.015625,0.514287250198786,0.00604111468278354,0,0.451,0.043,0.506,0.1302
"6221",0.01171875,0.514287250198786,0.00604111468278354,0,0.451,0.043,0.506,0.1302
"6222",0.3359375,0.514287250198786,0.00604111468278354,0,0.451,0.043,0.506,0.1302
"6223",0.01953125,0.514287250198786,0.00604111468278354,0,0.451,0.043,0.506,0.1302
"6224",0.01953125,0.514287250198786,0.00604111468278354,0,0.451,0.043,0.506,0.1302
"6225",1,0.514287250198786,0.00604111468278354,0,0.451,0.043,0.506,0.1302
"6226",1,0.514287250198786,0.00604111468278354,0,0.451,0.043,0.506,0.1302
"6227",0.015625,0.514287250198786,0.00604111468278354,0,0.451,0.043,0.506,0.1302
"6228",0.12890625,0.514287250198786,0.00604111468278354,0,0.451,0.043,0.506,0.1302
"6229",0.0078125,0.514287250198786,0.00604111468278354,0,0.451,0.043,0.506,0.1302
"6230",1,0.514287250198786,0.00604111468278354,0,0.451,0.043,0.506,0.1302
"6231",1,0.514287250198786,0.00604111468278354,0,0.451,0.043,0.506,0.1302
"6232",0.05078125,0.514287250198786,0.00604111468278354,0,0.451,0.043,0.506,0.1302
"6233",0.1171875,0.514287250198786,0.00604111468278354,0,0.451,0.043,0.506,0.1302
"6234",1,0.514287250198786,0.00604111468278354,0,0.451,0.043,0.506,0.1302
"6235",0.0390625,0.514287250198786,0.00604111468278354,0,0.451,0.043,0.506,0.1302
"6236",0.0390625,0.514287250198786,0.00604111468278354,0,0.451,0.043,0.506,0.1302
"6237",0.07421875,0.514287250198786,0.00604111468278354,0,0.451,0.043,0.506,0.1302
"6238",0.28515625,0.514287250198786,0.00604111468278354,0,0.451,0.043,0.506,0.1302
"6239",0.0546875,0.514287250198786,0.00604111468278354,0,0.451,0.043,0.506,0.1302
"6240",0.01953125,0.514287250198786,0.00604111468278354,0,0.451,0.043,0.506,0.1302
"6241",0.09375,0.514287250198786,0.00604111468278354,0,0.451,0.043,0.506,0.1302
"6242",1,0.514287250198786,0.00604111468278354,0,0.451,0.043,0.506,0.1302
"6243",1,0.514287250198786,0.00604111468278354,0,0.451,0.043,0.506,0.1302
"6244",0.03515625,0.514287250198786,0.00604111468278354,0,0.451,0.043,0.506,0.1302
"6245",0.05078125,0.514287250198786,0.00604111468278354,0,0.451,0.043,0.506,0.1302
"6246",0.0625,0.514287250198786,0.00604111468278354,0,0.451,0.043,0.506,0.1302
"6247",0.015625,0.514287250198786,0.00604111468278354,0,0.451,0.043,0.506,0.1302
"6248",1,0.514287250198786,0.00604111468278354,0,0.451,0.043,0.506,0.1302
"6249",1,0.514287250198786,0.00604111468278354,0,0.451,0.043,0.506,0.1302
"6250",0.02734375,0.514287250198786,0.00604111468278354,0,0.451,0.043,0.506,0.1302
"6251",0.0078125,0.514287250198786,0.00604111468278354,0,0.451,0.043,0.506,0.1302
"6252",0,0.514287250198786,0.00604111468278354,0,0.451,0.043,0.506,0.1302
"6253",1,0.514287250198786,0.00604111468278354,0,0.451,0.043,0.506,0.1302
"6254",0.03515625,0.514287250198786,0.00604111468278354,0,0.451,0.043,0.506,0.1302
"6255",0.0390625,0.514287250198786,0.00604111468278354,0,0.451,0.043,0.506,0.1302
"6256",0.09375,0.514287250198786,0.00604111468278354,0,0.451,0.043,0.506,0.1302
"6257",0.02734375,0.514287250198786,0.00604111468278354,0,0.451,0.043,0.506,0.1302
"6258",1,0.514287250198786,0.00604111468278354,0,0.451,0.043,0.506,0.1302
"6259",1,0.514287250198786,0.00604111468278354,0,0.451,0.043,0.506,0.1302
"6260",1,0.514287250198786,0.00604111468278354,0,0.451,0.043,0.506,0.1302
"6261",0.046875,0.514287250198786,0.00604111468278354,0,0.451,0.043,0.506,0.1302
"6262",0.50390625,0.514287250198786,0.00604111468278354,0,0.451,0.043,0.506,0.1302
"6263",0.078125,0.514287250198786,0.00604111468278354,0,0.451,0.043,0.506,0.1302
"6264",0.11328125,0.514287250198786,0.00604111468278354,0,0.451,0.043,0.506,0.1302
"6265",0.046875,0.514287250198786,0.00604111468278354,0,0.451,0.043,0.506,0.1302
"6266",0.02734375,0.514287250198786,0.00604111468278354,0,0.451,0.043,0.506,0.1302
"6267",1,0.514287250198786,0.00604111468278354,0,0.451,0.043,0.506,0.1302
"6268",1,0.514287250198786,0.00604111468278354,0,0.451,0.043,0.506,0.1302
"6269",1,0.514287250198786,0.00604111468278354,0,0.451,0.043,0.506,0.1302
"6270",1,0.514287250198786,0.00604111468278354,0,0.451,0.043,0.506,0.1302
"6271",1,0.514287250198786,0.00604111468278354,0,0.451,0.043,0.506,0.1302
"6272",1,0.514287250198786,0.00604111468278354,0,0.451,0.043,0.506,0.1302
"6273",1,0.514287250198786,0.00604111468278354,0,0.451,0.043,0.506,0.1302
"6274",1,0.514287250198786,0.00604111468278354,0,0.451,0.043,0.506,0.1302
"6275",0.01171875,0.514287250198786,0.00604111468278354,0,0.451,0.043,0.506,0.1302
"6276",0.04296875,0.514287250198786,0.00604111468278354,0,0.451,0.043,0.506,0.1302
"6277",1,0.514287250198786,0.00604111468278354,0,0.451,0.043,0.506,0.1302
"6278",1,0.514287250198786,0.00604111468278354,0,0.451,0.043,0.506,0.1302
"6279",0.0390625,0.514287250198786,0.00604111468278354,0,0.451,0.043,0.506,0.1302
"6280",0.0703125,0.514287250198786,0.00604111468278354,0,0.451,0.043,0.506,0.1302
"6281",0.03125,0.514287250198786,0.00604111468278354,0,0.451,0.043,0.506,0.1302
"6282",0.04296875,0.514287250198786,0.00604111468278354,0,0.451,0.043,0.506,0.1302
"6283",1,0.514287250198786,0.00604111468278354,0,0.451,0.043,0.506,0.1302
"6284",1,0.514287250198786,0.00604111468278354,0,0.451,0.043,0.506,0.1302
"6285",1,0.514287250198786,0.00604111468278354,0,0.451,0.043,0.506,0.1302
"6286",0.00390625,0.514287250198786,0.00604111468278354,0,0.451,0.043,0.506,0.1302
"6287",1,0.514287250198786,0.00604111468278354,0,0.451,0.043,0.506,0.1302
"6288",1,0.514287250198786,0.00604111468278354,0,0.451,0.043,0.506,0.1302
"6289",0.05859375,0.514287250198786,0.00604111468278354,0,0.451,0.043,0.506,0.1302
"6290",0.00390625,0.514287250198786,0.00604111468278354,0,0.451,0.043,0.506,0.1302
"6291",0.01171875,0.514287250198786,0.00604111468278354,0,0.451,0.043,0.506,0.1302
"6292",1,0.514287250198786,0.00604111468278354,0,0.451,0.043,0.506,0.1302
"6293",1,0.514287250198786,0.00604111468278354,0,0.451,0.043,0.506,0.1302
"6294",0.00390625,0.514287250198786,0.00604111468278354,0,0.451,0.043,0.506,0.1302
"6295",0.0390625,0.514287250198786,0.00604111468278354,0,0.451,0.043,0.506,0.1302
"6296",0.00390625,0.514287250198786,0.00604111468278354,0,0.451,0.043,0.506,0.1302
"6297",1,0.514287250198786,0.00604111468278354,0,0.451,0.043,0.506,0.1302
"6298",1,0.514287250198786,0.00604111468278354,0,0.451,0.043,0.506,0.1302
"6299",1,0.514287250198786,0.00604111468278354,0,0.451,0.043,0.506,0.1302
"6300",1,0.514287250198786,0.00604111468278354,0,0.451,0.043,0.506,0.1302
"6301",1,0.514287250198786,0.00604111468278354,0,0.451,0.043,0.506,0.1302
"6302",0.015625,0.514287250198786,0.00604111468278354,0,0.451,0.043,0.506,0.1302
"6303",1,0.514287250198786,0.00604111468278354,0,0.451,0.043,0.506,0.1302
"6304",1,0.514287250198786,0.00604111468278354,0,0.451,0.043,0.506,0.1302
"6305",0.17578125,0.514287250198786,0.00604111468278354,0,0.451,0.043,0.506,0.1302
"6306",0.03515625,0.514287250198786,0.00604111468278354,0,0.451,0.043,0.506,0.1302
"6307",0,0.514287250198786,0.00604111468278354,0,0.451,0.043,0.506,0.1302
"6308",1,0.514287250198786,0.00604111468278354,0,0.451,0.043,0.506,0.1302
"6309",0.015625,0.514287250198786,0.00604111468278354,0,0.451,0.043,0.506,0.1302
"6310",1,0.514287250198786,0.00604111468278354,0,0.451,0.043,0.506,0.1302
"6311",1,0.514287250198786,0.00604111468278354,0,0.451,0.043,0.506,0.1302
"6312",0.08203125,0.514287250198786,0.00604111468278354,0,0.451,0.043,0.506,0.1302
"6313",0.01171875,0.514287250198786,0.00604111468278354,0,0.451,0.043,0.506,0.1302
"6314",0.1875,0.514287250198786,0.00604111468278354,0,0.451,0.043,0.506,0.1302
"6315",0.03515625,0.514287250198786,0.00604111468278354,0,0.451,0.043,0.506,0.1302
"6316",1,0.514287250198786,0.00604111468278354,0,0.451,0.043,0.506,0.1302
"6317",1,0.514287250198786,0.00604111468278354,0,0.451,0.043,0.506,0.1302
"6318",1,0.514287250198786,0.00604111468278354,0,0.451,0.043,0.506,0.1302
"6319",0.15625,0.514287250198786,0.00604111468278354,0,0.451,0.043,0.506,0.1302
"6320",1,0.514287250198786,0.00604111468278354,0,0.451,0.043,0.506,0.1302
"6321",1,0.514287250198786,0.00604111468278354,0,0.451,0.043,0.506,0.1302
"6322",1,0.514287250198786,0.00604111468278354,0,0.451,0.043,0.506,0.1302
"6323",0.02734375,0.514287250198786,0.00604111468278354,0,0.451,0.043,0.506,0.1302
"6324",1,0.514287250198786,0.00604111468278354,0,0.451,0.043,0.506,0.1302
"6325",1,0.514287250198786,0.00604111468278354,0,0.451,0.043,0.506,0.1302
"6326",0.02734375,0.514287250198786,0.00604111468278354,0,0.451,0.043,0.506,0.1302
"6327",1,0.514287250198786,0.00604111468278354,0,0.451,0.043,0.506,0.1302
"6328",1,0.514287250198786,0.00604111468278354,0,0.451,0.043,0.506,0.1302
"6329",1,0.514287250198786,0.00604111468278354,0,0.451,0.043,0.506,0.1302
"6330",1,0.514287250198786,0.00604111468278354,0,0.451,0.043,0.506,0.1302
"6331",1,0.514287250198786,0.00604111468278354,0,0.451,0.043,0.506,0.1302
"6332",1,0.514287250198786,0.00604111468278354,0,0.451,0.043,0.506,0.1302
"6333",1,0.514287250198786,0.00604111468278354,0,0.451,0.043,0.506,0.1302
"6334",0.03125,0.514287250198786,0.00604111468278354,0,0.451,0.043,0.506,0.1302
"6335",0.06640625,0.514287250198786,0.00604111468278354,0,0.451,0.043,0.506,0.1302
"6336",0.01171875,0.514287250198786,0.00604111468278354,0,0.451,0.043,0.506,0.1302
"6337",1,0.514287250198786,0.00604111468278354,0,0.451,0.043,0.506,0.1302
"6338",0.00390625,0.514287250198786,0.00604111468278354,0,0.451,0.043,0.506,0.1302
"6339",1,0.514287250198786,0.00604111468278354,0,0.451,0.043,0.506,0.1302
"6340",0.015625,0.514287250198786,0.00604111468278354,0,0.451,0.043,0.506,0.1302
"6341",1,0.514287250198786,0.00604111468278354,0,0.451,0.043,0.506,0.1302
"6342",0.01953125,0.514287250198786,0.00604111468278354,0,0.451,0.043,0.506,0.1302
"6343",0.01171875,0.514287250198786,0.00604111468278354,0,0.451,0.043,0.506,0.1302
"6344",0.00390625,0.514287250198786,0.00604111468278354,0,0.451,0.043,0.506,0.1302
"6345",0.01171875,0.514287250198786,0.00604111468278354,0,0.451,0.043,0.506,0.1302
"6346",1,0.514287250198786,0.00604111468278354,0,0.451,0.043,0.506,0.1302
"6347",0.0234375,0.514287250198786,0.00604111468278354,0,0.451,0.043,0.506,0.1302
"6348",1,0.514287250198786,0.00604111468278354,0,0.451,0.043,0.506,0.1302
"6349",0.0078125,0.514287250198786,0.00604111468278354,0,0.451,0.043,0.506,0.1302
"6350",1,0.514287250198786,0.00604111468278354,0,0.451,0.043,0.506,0.1302
"6351",1,0.514287250198786,0.00604111468278354,0,0.451,0.043,0.506,0.1302
"6352",0.03125,0.514287250198786,0.00604111468278354,0,0.451,0.043,0.506,0.1302
"6353",1,0.514287250198786,0.00604111468278354,0,0.451,0.043,0.506,0.1302
"6354",0.015625,0.514287250198786,0.00604111468278354,0,0.451,0.043,0.506,0.1302
"6355",1,0.514287250198786,0.00604111468278354,0,0.451,0.043,0.506,0.1302
"6356",0.04296875,0.514287250198786,0.00604111468278354,0,0.451,0.043,0.506,0.1302
"6357",1,0.514287250198786,0.00604111468278354,0,0.451,0.043,0.506,0.1302
"6358",1,0.514287250198786,0.00604111468278354,0,0.451,0.043,0.506,0.1302
"6359",0.01171875,0.514287250198786,0.00604111468278354,0,0.451,0.043,0.506,0.1302
"6360",0.0390625,0.514287250198786,0.00604111468278354,0,0.451,0.043,0.506,0.1302
"6361",0.0078125,0.514287250198786,0.00604111468278354,0,0.451,0.043,0.506,0.1302
"6362",1,0.514287250198786,0.00604111468278354,0,0.451,0.043,0.506,0.1302
"6363",0.0078125,0.514287250198786,0.00604111468278354,0,0.451,0.043,0.506,0.1302
"6364",0.046875,0.514287250198786,0.00604111468278354,0,0.451,0.043,0.506,0.1302
"6365",1,0.514287250198786,0.00604111468278354,0,0.451,0.043,0.506,0.1302
"6366",1,0.514287250198786,0.00604111468278354,0,0.451,0.043,0.506,0.1302
"6367",0.05078125,0.514287250198786,0.00604111468278354,0,0.451,0.043,0.506,0.1302
"6368",1,0.514287250198786,0.00604111468278354,0,0.451,0.043,0.506,0.1302
"6369",0.01171875,0.514287250198786,0.00604111468278354,0,0.451,0.043,0.506,0.1302
"6370",0.078125,0.514287250198786,0.00604111468278354,0,0.451,0.043,0.506,0.1302
"6371",1,0.514287250198786,0.00604111468278354,0,0.451,0.043,0.506,0.1302
"6372",1,0.514287250198786,0.00604111468278354,0,0.451,0.043,0.506,0.1302
"6373",0.05078125,0.514287250198786,0.00604111468278354,0,0.451,0.043,0.506,0.1302
"6374",0,0.514287250198786,0.00604111468278354,0,0.451,0.043,0.506,0.1302
"6375",1,0.514287250198786,0.00604111468278354,0,0.451,0.043,0.506,0.1302
"6376",0.0703125,0.514287250198786,0.00604111468278354,0,0.451,0.043,0.506,0.1302
"6377",1,0.514287250198786,0.00604111468278354,0,0.451,0.043,0.506,0.1302
"6378",1,0.514287250198786,0.00604111468278354,0,0.451,0.043,0.506,0.1302
"6379",0.13671875,0.514287250198786,0.00604111468278354,0,0.451,0.043,0.506,0.1302
"6380",0.01171875,0.514287250198786,0.00604111468278354,0,0.451,0.043,0.506,0.1302
"6381",0.03515625,0.514287250198786,0.00604111468278354,0,0.451,0.043,0.506,0.1302
"6382",1,0.514287250198786,0.00604111468278354,0,0.451,0.043,0.506,0.1302
"6383",0.02734375,0.514287250198786,0.00604111468278354,0,0.451,0.043,0.506,0.1302
"6384",1,0.514287250198786,0.00604111468278354,0,0.451,0.043,0.506,0.1302
"6385",0.00390625,0.514287250198786,0.00604111468278354,0,0.451,0.043,0.506,0.1302
"6386",1,0.514287250198786,0.00604111468278354,0,0.451,0.043,0.506,0.1302
"6387",1,0.514287250198786,0.00604111468278354,0,0.451,0.043,0.506,0.1302
"6388",0.01953125,0.514287250198786,0.00604111468278354,0,0.451,0.043,0.506,0.1302
"6389",0.046875,0.514287250198786,0.00604111468278354,0,0.451,0.043,0.506,0.1302
"6390",1,0.514287250198786,0.00604111468278354,0,0.451,0.043,0.506,0.1302
"6391",1,0.514287250198786,0.00604111468278354,0,0.451,0.043,0.506,0.1302
"6392",0.02734375,0.514287250198786,0.00604111468278354,0,0.451,0.043,0.506,0.1302
"6393",0.01171875,0.514287250198786,0.00604111468278354,0,0.451,0.043,0.506,0.1302
"6394",0.01953125,0.514287250198786,0.00604111468278354,0,0.451,0.043,0.506,0.1302
"6395",1,0.514287250198786,0.00604111468278354,0,0.451,0.043,0.506,0.1302
"6396",1,0.514287250198786,0.00604111468278354,0,0.451,0.043,0.506,0.1302
"6397",1,0.514287250198786,0.00604111468278354,0,0.451,0.043,0.506,0.1302
"6398",1,0.514287250198786,0.00604111468278354,0,0.451,0.043,0.506,0.1302
"6399",0.015625,0.514287250198786,0.00604111468278354,0,0.451,0.043,0.506,0.1302
"6400",1,0.514287250198786,0.00604111468278354,0,0.451,0.043,0.506,0.1302
"6401",1,0.514287250198786,0.00604111468278354,0,0.451,0.043,0.506,0.1302
"6402",1,0.514287250198786,0.00604111468278354,0,0.451,0.043,0.506,0.1302
"6403",1,0.514287250198786,0.00604111468278354,0,0.451,0.043,0.506,0.1302
"6404",0.01171875,0.514287250198786,0.00604111468278354,0,0.451,0.043,0.506,0.1302
"6405",1,0.514287250198786,0.00604111468278354,0,0.451,0.043,0.506,0.1302
"6406",0,0.514287250198786,0.00604111468278354,0,0.451,0.043,0.506,0.1302
"6407",1,0.514287250198786,0.00604111468278354,0,0.451,0.043,0.506,0.1302
"6408",0.01171875,0.514287250198786,0.00604111468278354,0,0.451,0.043,0.506,0.1302
"6409",1,0.514287250198786,0.00604111468278354,0,0.451,0.043,0.506,0.1302
"6410",1,0.514287250198786,0.00604111468278354,0,0.451,0.043,0.506,0.1302
"6411",0.0078125,0.514287250198786,0.00604111468278354,0,0.451,0.043,0.506,0.1302
"6412",0.0234375,0.514287250198786,0.00604111468278354,0,0.451,0.043,0.506,0.1302
"6413",1,0.514287250198786,0.00604111468278354,0,0.451,0.043,0.506,0.1302
"6414",1,0.514287250198786,0.00604111468278354,0,0.451,0.043,0.506,0.1302
"6415",1,0.514287250198786,0.00604111468278354,0,0.451,0.043,0.506,0.1302
"6416",0.00390625,0.514287250198786,0.00604111468278354,0,0.451,0.043,0.506,0.1302
"6417",1,0.514287250198786,0.00604111468278354,0,0.451,0.043,0.506,0.1302
"6418",1,0.514287250198786,0.00604111468278354,0,0.451,0.043,0.506,0.1302
"6419",0.140625,0.514287250198786,0.00604111468278354,0,0.451,0.043,0.506,0.1302
"6420",1,0.514287250198786,0.00604111468278354,0,0.451,0.043,0.506,0.1302
"6421",1,0.514287250198786,0.00604111468278354,0,0.451,0.043,0.506,0.1302
"6422",0.01171875,0.514287250198786,0.00604111468278354,0,0.451,0.043,0.506,0.1302
"6423",0.01171875,0.514287250198786,0.00604111468278354,0,0.451,0.043,0.506,0.1302
"6424",0.046875,0.514287250198786,0.00604111468278354,0,0.451,0.043,0.506,0.1302
"6425",1,0.514287250198786,0.00604111468278354,0,0.451,0.043,0.506,0.1302
"6426",1,0.514287250198786,0.00604111468278354,0,0.451,0.043,0.506,0.1302
"6427",1,0.514287250198786,0.00604111468278354,0,0.451,0.043,0.506,0.1302
"6428",1,0.514287250198786,0.00604111468278354,0,0.451,0.043,0.506,0.1302
"6429",1,0.514287250198786,0.00604111468278354,0,0.451,0.043,0.506,0.1302
"6430",0.03515625,0.514287250198786,0.00604111468278354,0,0.451,0.043,0.506,0.1302
"6431",0.02734375,0.514287250198786,0.00604111468278354,0,0.451,0.043,0.506,0.1302
"6432",0.01953125,0.514287250198786,0.00604111468278354,0,0.451,0.043,0.506,0.1302
"6433",1,0.514287250198786,0.00604111468278354,0,0.451,0.043,0.506,0.1302
"6434",1,0.514287250198786,0.00604111468278354,0,0.451,0.043,0.506,0.1302
"6435",1,0.514287250198786,0.00604111468278354,0,0.451,0.043,0.506,0.1302
"6436",1,0.514287250198786,0.00604111468278354,0,0.451,0.043,0.506,0.1302
"6437",1,0.514287250198786,0.00604111468278354,0,0.451,0.043,0.506,0.1302
"6438",1,0.514287250198786,0.00604111468278354,0,0.451,0.043,0.506,0.1302
"6439",1,0.514287250198786,0.00604111468278354,0,0.451,0.043,0.506,0.1302
"6440",1,0.514287250198786,0.00604111468278354,0,0.451,0.043,0.506,0.1302
"6441",0.02734375,0.514287250198786,0.00604111468278354,0,0.451,0.043,0.506,0.1302
"6442",0.01171875,0.514287250198786,0.00604111468278354,0,0.451,0.043,0.506,0.1302
"6443",1,0.514287250198786,0.00604111468278354,0,0.451,0.043,0.506,0.1302
"6444",0.17578125,0.514287250198786,0.00604111468278354,0,0.451,0.043,0.506,0.1302
"6445",1,0.514287250198786,0.00604111468278354,0,0.451,0.043,0.506,0.1302
"6446",1,0.514287250198786,0.00604111468278354,0,0.451,0.043,0.506,0.1302
"6447",1,0.514287250198786,0.00604111468278354,0,0.451,0.043,0.506,0.1302
"6448",1,0.514287250198786,0.00604111468278354,0,0.451,0.043,0.506,0.1302
"6449",1,0.514287250198786,0.00604111468278354,0,0.451,0.043,0.506,0.1302
"6450",1,0.514287250198786,0.00604111468278354,0,0.451,0.043,0.506,0.1302
"6451",1,0.514287250198786,0.00604111468278354,0,0.451,0.043,0.506,0.1302
"6452",1,0.514287250198786,0.00604111468278354,0,0.451,0.043,0.506,0.1302
"6453",0.0234375,0.514287250198786,0.00604111468278354,0,0.451,0.043,0.506,0.1302
"6454",0.01171875,0.514287250198786,0.00604111468278354,0,0.451,0.043,0.506,0.1302
"6455",1,0.514287250198786,0.00604111468278354,0,0.451,0.043,0.506,0.1302
"6456",0.00390625,0.514287250198786,0.00604111468278354,0,0.451,0.043,0.506,0.1302
"6457",0.015625,0.514287250198786,0.00604111468278354,0,0.451,0.043,0.506,0.1302
"6458",0.015625,0.514287250198786,0.00604111468278354,0,0.451,0.043,0.506,0.1302
"6459",1,0.514287250198786,0.00604111468278354,0,0.451,0.043,0.506,0.1302
"6460",1,0.514287250198786,0.00604111468278354,0,0.451,0.043,0.506,0.1302
"6461",0.0078125,0.514287250198786,0.00604111468278354,0,0.451,0.043,0.506,0.1302
"6462",1,0.514287250198786,0.00604111468278354,0,0.451,0.043,0.506,0.1302
"6463",1,0.514287250198786,0.00604111468278354,0,0.451,0.043,0.506,0.1302
"6464",0.07421875,0.514287250198786,0.00604111468278354,0,0.451,0.043,0.506,0.1302
"6465",0.0390625,0.514287250198786,0.00604111468278354,0,0.451,0.043,0.506,0.1302
"6466",1,0.514287250198786,0.00604111468278354,0,0.451,0.043,0.506,0.1302
"6467",1,0.514287250198786,0.00604111468278354,0,0.451,0.043,0.506,0.1302
"6468",0.0234375,0.514287250198786,0.00604111468278354,0,0.451,0.043,0.506,0.1302
"6469",1,0.514287250198786,0.00604111468278354,0,0.451,0.043,0.506,0.1302
"6470",1,0.514287250198786,0.00604111468278354,0,0.451,0.043,0.506,0.1302
"6471",1,0.514287250198786,0.00604111468278354,0,0.451,0.043,0.506,0.1302
"6472",1,0.514287250198786,0.00604111468278354,0,0.451,0.043,0.506,0.1302
"6473",0.09375,0.514287250198786,0.00604111468278354,0,0.451,0.043,0.506,0.1302
"6474",0.078125,0.514287250198786,0.00604111468278354,0,0.451,0.043,0.506,0.1302
"6475",0.015625,0.514287250198786,0.00604111468278354,0,0.451,0.043,0.506,0.1302
"6476",1,0.514287250198786,0.00604111468278354,0,0.451,0.043,0.506,0.1302
"6477",0.03125,0.514287250198786,0.00604111468278354,0,0.451,0.043,0.506,0.1302
"6478",0.02734375,0.514287250198786,0.00604111468278354,0,0.451,0.043,0.506,0.1302
"6479",1,0.514287250198786,0.00604111468278354,0,0.451,0.043,0.506,0.1302
"6480",1,0.514287250198786,0.00604111468278354,0,0.451,0.043,0.506,0.1302
"6481",0,0.514287250198786,0.00604111468278354,0,0.451,0.043,0.506,0.1302
"6482",0.02734375,0.514287250198786,0.00604111468278354,0,0.451,0.043,0.506,0.1302
"6483",1,0.514287250198786,0.00604111468278354,0,0.451,0.043,0.506,0.1302
"6484",0.00390625,0.514287250198786,0.00604111468278354,0,0.451,0.043,0.506,0.1302
"6485",0.11328125,0.514287250198786,0.00604111468278354,0,0.451,0.043,0.506,0.1302
"6486",1,0.514287250198786,0.00604111468278354,0,0.451,0.043,0.506,0.1302
"6487",1,0.514287250198786,0.00604111468278354,0,0.451,0.043,0.506,0.1302
"6488",1,0.514287250198786,0.00604111468278354,0,0.451,0.043,0.506,0.1302
"6489",1,0.514287250198786,0.00604111468278354,0,0.451,0.043,0.506,0.1302
"6490",1,0.514287250198786,0.00604111468278354,0,0.451,0.043,0.506,0.1302
"6491",0.01953125,0.514287250198786,0.00604111468278354,0,0.451,0.043,0.506,0.1302
"6492",0.13671875,0.514287250198786,0.00604111468278354,0,0.451,0.043,0.506,0.1302
"6493",0.5,0.514287250198786,0.00604111468278354,0,0.451,0.043,0.506,0.1302
"6494",1,0.514287250198786,0.00604111468278354,0,0.451,0.043,0.506,0.1302
"6495",0.2578125,0.514287250198786,0.00604111468278354,0,0.451,0.043,0.506,0.1302
"6496",1,0.514287250198786,0.00604111468278354,0,0.451,0.043,0.506,0.1302
"6497",0.01171875,0.514287250198786,0.00604111468278354,0,0.451,0.043,0.506,0.1302
"6498",0.0078125,0.514287250198786,0.00604111468278354,0,0.451,0.043,0.506,0.1302
"6499",0.04296875,0.514287250198786,0.00604111468278354,0,0.451,0.043,0.506,0.1302
"6500",1,0.514287250198786,0.00604111468278354,0,0.451,0.043,0.506,0.1302
"6501",1,0.514287250198786,0.00604111468278354,0,0.451,0.043,0.506,0.1302
"6502",0.0859375,0.514287250198786,0.00604111468278354,0,0.451,0.043,0.506,0.1302
"6503",0.0078125,0.514287250198786,0.00604111468278354,0,0.451,0.043,0.506,0.1302
"6504",0.00390625,0.514287250198786,0.00604111468278354,0,0.451,0.043,0.506,0.1302
"6505",1,0.514287250198786,0.00604111468278354,0,0.451,0.043,0.506,0.1302
"6506",0.00390625,0.514287250198786,0.00604111468278354,0,0.451,0.043,0.506,0.1302
"6507",0.0234375,0.514287250198786,0.00604111468278354,0,0.451,0.043,0.506,0.1302
"6508",1,0.514287250198786,0.00604111468278354,0,0.451,0.043,0.506,0.1302
"6509",0.0703125,0.514287250198786,0.00604111468278354,0,0.451,0.043,0.506,0.1302
"6510",0.0859375,0.514287250198786,0.00604111468278354,0,0.451,0.043,0.506,0.1302
"6511",0.04296875,0.514287250198786,0.00604111468278354,0,0.451,0.043,0.506,0.1302
"6512",0.01171875,0.514287250198786,0.00604111468278354,0,0.451,0.043,0.506,0.1302
"6513",0.08203125,0.514287250198786,0.00604111468278354,0,0.451,0.043,0.506,0.1302
"6514",0.00390625,0.514287250198786,0.00604111468278354,0,0.451,0.043,0.506,0.1302
"6515",1,0.514287250198786,0.00604111468278354,0,0.451,0.043,0.506,0.1302
"6516",0.0078125,0.514287250198786,0.00604111468278354,0,0.451,0.043,0.506,0.1302
"6517",1,0.514287250198786,0.00604111468278354,0,0.451,0.043,0.506,0.1302
"6518",0.00390625,0.514287250198786,0.00604111468278354,0,0.451,0.043,0.506,0.1302
"6519",1,0.514287250198786,0.00604111468278354,0,0.451,0.043,0.506,0.1302
"6520",0.01171875,0.514287250198786,0.00604111468278354,0,0.451,0.043,0.506,0.1302
"6521",0.0078125,0.514287250198786,0.00604111468278354,0,0.451,0.043,0.506,0.1302
"6522",1,0.514287250198786,0.00604111468278354,0,0.451,0.043,0.506,0.1302
"6523",1,0.514287250198786,0.00604111468278354,0,0.451,0.043,0.506,0.1302
"6524",1,0.514287250198786,0.00604111468278354,0,0.451,0.043,0.506,0.1302
"6525",1,0.514287250198786,0.00604111468278354,0,0.451,0.043,0.506,0.1302
"6526",0.0078125,0.514287250198786,0.00604111468278354,0,0.451,0.043,0.506,0.1302
"6527",1,0.514287250198786,0.00604111468278354,0,0.451,0.043,0.506,0.1302
"6528",1,0.514287250198786,0.00604111468278354,0,0.451,0.043,0.506,0.1302
"6529",1,0.514287250198786,0.00604111468278354,0,0.451,0.043,0.506,0.1302
"6530",0.04296875,0.514287250198786,0.00604111468278354,0,0.451,0.043,0.506,0.1302
"6531",0.0234375,0.514287250198786,0.00604111468278354,0,0.451,0.043,0.506,0.1302
"6532",1,0.514287250198786,0.00604111468278354,0,0.451,0.043,0.506,0.1302
"6533",0.05078125,0.514287250198786,0.00604111468278354,0,0.451,0.043,0.506,0.1302
"6534",0.05078125,0.514287250198786,0.00604111468278354,0,0.451,0.043,0.506,0.1302
"6535",0,0.514287250198786,0.00604111468278354,0,0.451,0.043,0.506,0.1302
"6536",0.0390625,0.514287250198786,0.00604111468278354,0,0.451,0.043,0.506,0.1302
"6537",0.0234375,0.514287250198786,0.00604111468278354,0,0.451,0.043,0.506,0.1302
"6538",0.015625,0.514287250198786,0.00604111468278354,0,0.451,0.043,0.506,0.1302
"6539",0.015625,0.514287250198786,0.00604111468278354,0,0.451,0.043,0.506,0.1302
"6540",0.01171875,0.514287250198786,0.00604111468278354,0,0.451,0.043,0.506,0.1302
"6541",0.01953125,0.514287250198786,0.00604111468278354,0,0.451,0.043,0.506,0.1302
"6542",1,0.514287250198786,0.00604111468278354,0,0.451,0.043,0.506,0.1302
"6543",0.02734375,0.514287250198786,0.00604111468278354,0,0.451,0.043,0.506,0.1302
"6544",0.01171875,0.514287250198786,0.00604111468278354,0,0.451,0.043,0.506,0.1302
"6545",0.05078125,0.514287250198786,0.00604111468278354,0,0.451,0.043,0.506,0.1302
"6546",0.00390625,0.514287250198786,0.00604111468278354,0,0.451,0.043,0.506,0.1302
"6547",1,0.514287250198786,0.00604111468278354,0,0.451,0.043,0.506,0.1302
"6548",0.0703125,0.514287250198786,0.00604111468278354,0,0.451,0.043,0.506,0.1302
"6549",0.0234375,0.514287250198786,0.00604111468278354,0,0.451,0.043,0.506,0.1302
"6550",1,0.514287250198786,0.00604111468278354,0,0.451,0.043,0.506,0.1302
"6551",1,0.514287250198786,0.00604111468278354,0,0.451,0.043,0.506,0.1302
"6552",0.03515625,0.514287250198786,0.00604111468278354,0,0.451,0.043,0.506,0.1302
"6553",0.15234375,0.514287250198786,0.00604111468278354,0,0.451,0.043,0.506,0.1302
"6554",1,0.514287250198786,0.00604111468278354,0,0.451,0.043,0.506,0.1302
"6555",0.0390625,0.514287250198786,0.00604111468278354,0,0.451,0.043,0.506,0.1302
"6556",0.00390625,0.514287250198786,0.00604111468278354,0,0.451,0.043,0.506,0.1302
"6557",0.046875,0.514287250198786,0.00604111468278354,0,0.451,0.043,0.506,0.1302
"6558",1,0.514287250198786,0.00604111468278354,0,0.451,0.043,0.506,0.1302
"6559",1,0.514287250198786,0.00604111468278354,0,0.451,0.043,0.506,0.1302
"6560",0.0390625,0.514287250198786,0.00604111468278354,0,0.451,0.043,0.506,0.1302
"6561",0.13671875,0.514287250198786,0.00604111468278354,0,0.451,0.043,0.506,0.1302
"6562",0.01171875,0.514287250198786,0.00604111468278354,0,0.451,0.043,0.506,0.1302
"6563",0.01953125,0.514287250198786,0.00604111468278354,0,0.451,0.043,0.506,0.1302
"6564",0.0234375,0.514287250198786,0.00604111468278354,0,0.451,0.043,0.506,0.1302
"6565",1,0.514287250198786,0.00604111468278354,0,0.451,0.043,0.506,0.1302
"6566",1,0.514287250198786,0.00604111468278354,0,0.451,0.043,0.506,0.1302
"6567",0.02734375,0.514287250198786,0.00604111468278354,0,0.451,0.043,0.506,0.1302
"6568",1,0.514287250198786,0.00604111468278354,0,0.451,0.043,0.506,0.1302
"6569",1,0.514287250198786,0.00604111468278354,0,0.451,0.043,0.506,0.1302
"6570",0.01953125,0.514287250198786,0.00604111468278354,0,0.451,0.043,0.506,0.1302
"6571",1,0.514287250198786,0.00604111468278354,0,0.451,0.043,0.506,0.1302
"6572",1,0.514287250198786,0.00604111468278354,0,0.451,0.043,0.506,0.1302
"6573",0.01171875,0.514287250198786,0.00604111468278354,0,0.451,0.043,0.506,0.1302
"6574",0.015625,0.514287250198786,0.00604111468278354,0,0.451,0.043,0.506,0.1302
"6575",1,0.514287250198786,0.00604111468278354,0,0.451,0.043,0.506,0.1302
"6576",1,0.514287250198786,0.00604111468278354,0,0.451,0.043,0.506,0.1302
"6577",0.01171875,0.514287250198786,0.00604111468278354,0,0.451,0.043,0.506,0.1302
"6578",0.1484375,0.514287250198786,0.00604111468278354,0,0.451,0.043,0.506,0.1302
"6579",0.046875,0.514287250198786,0.00604111468278354,0,0.451,0.043,0.506,0.1302
"6580",0.03125,0.514287250198786,0.00604111468278354,0,0.451,0.043,0.506,0.1302
"6581",1,0.514287250198786,0.00604111468278354,0,0.451,0.043,0.506,0.1302
"6582",1,0.514287250198786,0.00604111468278354,0,0.451,0.043,0.506,0.1302
"6583",1,0.514287250198786,0.00604111468278354,0,0.451,0.043,0.506,0.1302
"6584",1,0.514287250198786,0.00604111468278354,0,0.451,0.043,0.506,0.1302
"6585",0.015625,0.514287250198786,0.00604111468278354,0,0.451,0.043,0.506,0.1302
"6586",1,0.514287250198786,0.00604111468278354,0,0.451,0.043,0.506,0.1302
"6587",0.0234375,0.514287250198786,0.00604111468278354,0,0.451,0.043,0.506,0.1302
"6588",0.0234375,0.514287250198786,0.00604111468278354,0,0.451,0.043,0.506,0.1302
"6589",0.01171875,0.514287250198786,0.00604111468278354,0,0.451,0.043,0.506,0.1302
"6590",1,0.514287250198786,0.00604111468278354,0,0.451,0.043,0.506,0.1302
"6591",0.046875,0.514287250198786,0.00604111468278354,0,0.451,0.043,0.506,0.1302
"6592",1,0.514287250198786,0.00604111468278354,0,0.451,0.043,0.506,0.1302
"6593",0.015625,0.514287250198786,0.00604111468278354,0,0.451,0.043,0.506,0.1302
"6594",0.0546875,0.514287250198786,0.00604111468278354,0,0.451,0.043,0.506,0.1302
"6595",0,0.514287250198786,0.00604111468278354,0,0.451,0.043,0.506,0.1302
"6596",1,0.514287250198786,0.00604111468278354,0,0.451,0.043,0.506,0.1302
"6597",0.05859375,0.514287250198786,0.00604111468278354,0,0.451,0.043,0.506,0.1302
"6598",1,0.514287250198786,0.00604111468278354,0,0.451,0.043,0.506,0.1302
"6599",1,0.514287250198786,0.00604111468278354,0,0.451,0.043,0.506,0.1302
"6600",0.39453125,0.514287250198786,0.00604111468278354,0,0.451,0.043,0.506,0.1302
"6601",0.01953125,0.514287250198786,0.00604111468278354,0,0.451,0.043,0.506,0.1302
"6602",1,0.514287250198786,0.00604111468278354,0,0.451,0.043,0.506,0.1302
"6603",1,0.514287250198786,0.00604111468278354,0,0.451,0.043,0.506,0.1302
"6604",0.0625,0.514287250198786,0.00604111468278354,0,0.451,0.043,0.506,0.1302
"6605",1,0.514287250198786,0.00604111468278354,0,0.451,0.043,0.506,0.1302
"6606",1,0.514287250198786,0.00604111468278354,0,0.451,0.043,0.506,0.1302
"6607",0.0703125,0.514287250198786,0.00604111468278354,0,0.451,0.043,0.506,0.1302
"6608",1,0.514287250198786,0.00604111468278354,0,0.451,0.043,0.506,0.1302
"6609",0.015625,0.514287250198786,0.00604111468278354,0,0.451,0.043,0.506,0.1302
"6610",0.00390625,0.514287250198786,0.00604111468278354,0,0.451,0.043,0.506,0.1302
"6611",1,0.514287250198786,0.00604111468278354,0,0.451,0.043,0.506,0.1302
"6612",0.0234375,0.514287250198786,0.00604111468278354,0,0.451,0.043,0.506,0.1302
"6613",0.015625,0.514287250198786,0.00604111468278354,0,0.451,0.043,0.506,0.1302
"6614",0.04296875,0.514287250198786,0.00604111468278354,0,0.451,0.043,0.506,0.1302
"6615",0.01953125,0.514287250198786,0.00604111468278354,0,0.451,0.043,0.506,0.1302
"6616",0.00390625,0.514287250198786,0.00604111468278354,0,0.451,0.043,0.506,0.1302
"6617",1,0.514287250198786,0.00604111468278354,0,0.451,0.043,0.506,0.1302
"6618",0.046875,0.514287250198786,0.00604111468278354,0,0.451,0.043,0.506,0.1302
"6619",0.078125,0.514287250198786,0.00604111468278354,0,0.451,0.043,0.506,0.1302
"6620",1,0.514287250198786,0.00604111468278354,0,0.451,0.043,0.506,0.1302
"6621",1,0.514287250198786,0.00604111468278354,0,0.451,0.043,0.506,0.1302
"6622",1,0.514287250198786,0.00604111468278354,0,0.451,0.043,0.506,0.1302
"6623",0.0390625,0.514287250198786,0.00604111468278354,0,0.451,0.043,0.506,0.1302
"6624",0,0.514287250198786,0.00604111468278354,0,0.451,0.043,0.506,0.1302
"6625",0.015625,0.514287250198786,0.00604111468278354,0,0.451,0.043,0.506,0.1302
"6626",1,0.514287250198786,0.00604111468278354,0,0.451,0.043,0.506,0.1302
"6627",0.00390625,0.514287250198786,0.00604111468278354,0,0.451,0.043,0.506,0.1302
"6628",1,0.514287250198786,0.00604111468278354,0,0.451,0.043,0.506,0.1302
"6629",0.0625,0.514287250198786,0.00604111468278354,0,0.451,0.043,0.506,0.1302
"6630",1,0.514287250198786,0.00604111468278354,0,0.451,0.043,0.506,0.1302
"6631",1,0.514287250198786,0.00604111468278354,0,0.451,0.043,0.506,0.1302
"6632",0.50390625,0.514287250198786,0.00604111468278354,0,0.451,0.043,0.506,0.1302
"6633",0.00390625,0.514287250198786,0.00604111468278354,0,0.451,0.043,0.506,0.1302
"6634",0,0.514287250198786,0.00604111468278354,0,0.451,0.043,0.506,0.1302
"6635",0.0234375,0.514287250198786,0.00604111468278354,0,0.451,0.043,0.506,0.1302
"6636",1,0.514287250198786,0.00604111468278354,0,0.451,0.043,0.506,0.1302
"6637",0.02734375,0.514287250198786,0.00604111468278354,0,0.451,0.043,0.506,0.1302
"6638",1,0.514287250198786,0.00604111468278354,0,0.451,0.043,0.506,0.1302
"6639",0.07421875,0.514287250198786,0.00604111468278354,0,0.451,0.043,0.506,0.1302
"6640",0.015625,0.514287250198786,0.00604111468278354,0,0.451,0.043,0.506,0.1302
"6641",0.015625,0.514287250198786,0.00604111468278354,0,0.451,0.043,0.506,0.1302
"6642",0.01171875,0.514287250198786,0.00604111468278354,0,0.451,0.043,0.506,0.1302
"6643",0.0078125,0.514287250198786,0.00604111468278354,0,0.451,0.043,0.506,0.1302
"6644",1,0.514287250198786,0.00604111468278354,0,0.451,0.043,0.506,0.1302
"6645",1,0.514287250198786,0.00604111468278354,0,0.451,0.043,0.506,0.1302
"6646",0.02734375,0.514287250198786,0.00604111468278354,0,0.451,0.043,0.506,0.1302
"6647",1,0.514287250198786,0.00604111468278354,0,0.451,0.043,0.506,0.1302
"6648",1,0.514287250198786,0.00604111468278354,0,0.451,0.043,0.506,0.1302
"6649",1,0.514287250198786,0.00604111468278354,0,0.451,0.043,0.506,0.1302
"6650",1,0.514287250198786,0.00604111468278354,0,0.451,0.043,0.506,0.1302
"6651",1,0.514287250198786,0.00604111468278354,0,0.451,0.043,0.506,0.1302
"6652",0.015625,0.514287250198786,0.00604111468278354,0,0.451,0.043,0.506,0.1302
"6653",1,0.514287250198786,0.00604111468278354,0,0.451,0.043,0.506,0.1302
"6654",1,0.514287250198786,0.00604111468278354,0,0.451,0.043,0.506,0.1302
"6655",0.01171875,0.514287250198786,0.00604111468278354,0,0.451,0.043,0.506,0.1302
"6656",0.25390625,0.514287250198786,0.00604111468278354,0,0.451,0.043,0.506,0.1302
"6657",0.015625,0.514287250198786,0.00604111468278354,0,0.451,0.043,0.506,0.1302
"6658",0.12890625,0.514287250198786,0.00604111468278354,0,0.451,0.043,0.506,0.1302
"6659",1,0.514287250198786,0.00604111468278354,0,0.451,0.043,0.506,0.1302
"6660",1,0.514287250198786,0.00604111468278354,0,0.451,0.043,0.506,0.1302
"6661",0.01171875,0.514287250198786,0.00604111468278354,0,0.451,0.043,0.506,0.1302
"6662",0.1796875,0.514287250198786,0.00604111468278354,0,0.451,0.043,0.506,0.1302
"6663",0.05078125,0.514287250198786,0.00604111468278354,0,0.451,0.043,0.506,0.1302
"6664",1,0.514287250198786,0.00604111468278354,0,0.451,0.043,0.506,0.1302
"6665",0.0234375,0.514287250198786,0.00604111468278354,0,0.451,0.043,0.506,0.1302
"6666",1,0.514287250198786,0.00604111468278354,0,0.451,0.043,0.506,0.1302
"6667",0,0.514287250198786,0.00604111468278354,0,0.451,0.043,0.506,0.1302
"6668",0,0.514287250198786,0.00604111468278354,0,0.451,0.043,0.506,0.1302
"6669",0.0234375,0.514287250198786,0.00604111468278354,0,0.451,0.043,0.506,0.1302
"6670",1,0.514287250198786,0.00604111468278354,0,0.451,0.043,0.506,0.1302
"6671",1,0.514287250198786,0.00604111468278354,0,0.451,0.043,0.506,0.1302
"6672",0.0390625,0.514287250198786,0.00604111468278354,0,0.451,0.043,0.506,0.1302
"6673",0.0078125,0.514287250198786,0.00604111468278354,0,0.451,0.043,0.506,0.1302
"6674",1,0.514287250198786,0.00604111468278354,0,0.451,0.043,0.506,0.1302
"6675",0.03125,0.514287250198786,0.00604111468278354,0,0.451,0.043,0.506,0.1302
"6676",0.0546875,0.514287250198786,0.00604111468278354,0,0.451,0.043,0.506,0.1302
"6677",1,0.514287250198786,0.00604111468278354,0,0.451,0.043,0.506,0.1302
"6678",1,0.514287250198786,0.00604111468278354,0,0.451,0.043,0.506,0.1302
"6679",1,0.514287250198786,0.00604111468278354,0,0.451,0.043,0.506,0.1302
"6680",1,0.514287250198786,0.00604111468278354,0,0.451,0.043,0.506,0.1302
"6681",0.0078125,0.514287250198786,0.00604111468278354,0,0.451,0.043,0.506,0.1302
"6682",1,0.514287250198786,0.00604111468278354,0,0.451,0.043,0.506,0.1302
"6683",0.02734375,0.514287250198786,0.00604111468278354,0,0.451,0.043,0.506,0.1302
"6684",0.04296875,0.514287250198786,0.00604111468278354,0,0.451,0.043,0.506,0.1302
"6685",1,0.514287250198786,0.00604111468278354,0,0.451,0.043,0.506,0.1302
"6686",0.0390625,0.514287250198786,0.00604111468278354,0,0.451,0.043,0.506,0.1302
"6687",1,0.514287250198786,0.00604111468278354,0,0.451,0.043,0.506,0.1302
"6688",1,0.514287250198786,0.00604111468278354,0,0.451,0.043,0.506,0.1302
"6689",0.5078125,0.514287250198786,0.00604111468278354,0,0.451,0.043,0.506,0.1302
"6690",0.046875,0.514287250198786,0.00604111468278354,0,0.451,0.043,0.506,0.1302
"6691",0.02734375,0.514287250198786,0.00604111468278354,0,0.451,0.043,0.506,0.1302
"6692",0.015625,0.514287250198786,0.00604111468278354,0,0.451,0.043,0.506,0.1302
"6693",0.03125,0.514287250198786,0.00604111468278354,0,0.451,0.043,0.506,0.1302
"6694",0.06640625,0.514287250198786,0.00604111468278354,0,0.451,0.043,0.506,0.1302
"6695",0.046875,0.514287250198786,0.00604111468278354,0,0.451,0.043,0.506,0.1302
"6696",1,0.514287250198786,0.00604111468278354,0,0.451,0.043,0.506,0.1302
"6697",1,0.514287250198786,0.00604111468278354,0,0.451,0.043,0.506,0.1302
"6698",1,0.514287250198786,0.00604111468278354,0,0.451,0.043,0.506,0.1302
"6699",0,0.514287250198786,0.00604111468278354,0,0.451,0.043,0.506,0.1302
"6700",0.03515625,0.514287250198786,0.00604111468278354,0,0.451,0.043,0.506,0.1302
"6701",1,0.514287250198786,0.00604111468278354,0,0.451,0.043,0.506,0.1302
"6702",1,0.514287250198786,0.00604111468278354,0,0.451,0.043,0.506,0.1302
"6703",0.00390625,0.514287250198786,0.00604111468278354,0,0.451,0.043,0.506,0.1302
"6704",0.0078125,0.514287250198786,0.00604111468278354,0,0.451,0.043,0.506,0.1302
"6705",0.03515625,0.514287250198786,0.00604111468278354,0,0.451,0.043,0.506,0.1302
"6706",1,0.514287250198786,0.00604111468278354,0,0.451,0.043,0.506,0.1302
"6707",0.015625,0.514287250198786,0.00604111468278354,0,0.451,0.043,0.506,0.1302
"6708",1,0.514287250198786,0.00604111468278354,0,0.451,0.043,0.506,0.1302
"6709",0.140625,0.514287250198786,0.00604111468278354,0,0.451,0.043,0.506,0.1302
"6710",1,0.514287250198786,0.00604111468278354,0,0.451,0.043,0.506,0.1302
"6711",0.00390625,0.514287250198786,0.00604111468278354,0,0.451,0.043,0.506,0.1302
"6712",0.0078125,0.514287250198786,0.00604111468278354,0,0.451,0.043,0.506,0.1302
"6713",0.07421875,0.514287250198786,0.00604111468278354,0,0.451,0.043,0.506,0.1302
"6714",1,0.514287250198786,0.00604111468278354,0,0.451,0.043,0.506,0.1302
"6715",1,0.514287250198786,0.00604111468278354,0,0.451,0.043,0.506,0.1302
"6716",0.00390625,0.514287250198786,0.00604111468278354,0,0.451,0.043,0.506,0.1302
"6717",1,0.514287250198786,0.00604111468278354,0,0.451,0.043,0.506,0.1302
"6718",0.09765625,0.514287250198786,0.00604111468278354,0,0.451,0.043,0.506,0.1302
"6719",1,0.514287250198786,0.00604111468278354,0,0.451,0.043,0.506,0.1302
"6720",1,0.514287250198786,0.00604111468278354,0,0.451,0.043,0.506,0.1302
"6721",0.109375,0.514287250198786,0.00604111468278354,0,0.451,0.043,0.506,0.1302
"6722",1,0.514287250198786,0.00604111468278354,0,0.451,0.043,0.506,0.1302
"6723",0.0234375,0.514287250198786,0.00604111468278354,0,0.451,0.043,0.506,0.1302
"6724",0.015625,0.514287250198786,0.00604111468278354,0,0.451,0.043,0.506,0.1302
"6725",1,0.514287250198786,0.00604111468278354,0,0.451,0.043,0.506,0.1302
"6726",1,0.514287250198786,0.00604111468278354,0,0.451,0.043,0.506,0.1302
"6727",1,0.514287250198786,0.00604111468278354,0,0.451,0.043,0.506,0.1302
"6728",1,0.514287250198786,0.00604111468278354,0,0.451,0.043,0.506,0.1302
"6729",0.0546875,0.514287250198786,0.00604111468278354,0,0.451,0.043,0.506,0.1302
"6730",1,0.514287250198786,0.00604111468278354,0,0.451,0.043,0.506,0.1302
"6731",1,0.514287250198786,0.00604111468278354,0,0.451,0.043,0.506,0.1302
"6732",1,0.514287250198786,0.00604111468278354,0,0.451,0.043,0.506,0.1302
"6733",1,0.514287250198786,0.00604111468278354,0,0.451,0.043,0.506,0.1302
"6734",1,0.514287250198786,0.00604111468278354,0,0.451,0.043,0.506,0.1302
"6735",0.1015625,0.514287250198786,0.00604111468278354,0,0.451,0.043,0.506,0.1302
"6736",1,0.514287250198786,0.00604111468278354,0,0.451,0.043,0.506,0.1302
"6737",1,0.514287250198786,0.00604111468278354,0,0.451,0.043,0.506,0.1302
"6738",1,0.514287250198786,0.00604111468278354,0,0.451,0.043,0.506,0.1302
"6739",1,0.514287250198786,0.00604111468278354,0,0.451,0.043,0.506,0.1302
"6740",0.17578125,0.514287250198786,0.00604111468278354,0,0.451,0.043,0.506,0.1302
"6741",1,0.514287250198786,0.00604111468278354,0,0.451,0.043,0.506,0.1302
"6742",0.0078125,0.514287250198786,0.00604111468278354,0,0.451,0.043,0.506,0.1302
"6743",1,0.514287250198786,0.00604111468278354,0,0.451,0.043,0.506,0.1302
"6744",1,0.514287250198786,0.00604111468278354,0,0.451,0.043,0.506,0.1302
"6745",1,0.514287250198786,0.00604111468278354,0,0.451,0.043,0.506,0.1302
"6746",1,0.514287250198786,0.00604111468278354,0,0.451,0.043,0.506,0.1302
"6747",1,0.514287250198786,0.00604111468278354,0,0.451,0.043,0.506,0.1302
"6748",0.03125,0.514287250198786,0.00604111468278354,0,0.451,0.043,0.506,0.1302
"6749",0.046875,0.514287250198786,0.00604111468278354,0,0.451,0.043,0.506,0.1302
"6750",0.03515625,0.514287250198786,0.00604111468278354,0,0.451,0.043,0.506,0.1302
"6751",1,0.514287250198786,0.00604111468278354,0,0.451,0.043,0.506,0.1302
"6752",0.02734375,0.514287250198786,0.00604111468278354,0,0.451,0.043,0.506,0.1302
"6753",1,0.514287250198786,0.00604111468278354,0,0.451,0.043,0.506,0.1302
"6754",1,0.514287250198786,0.00604111468278354,0,0.451,0.043,0.506,0.1302
"6755",1,0.514287250198786,0.00604111468278354,0,0.451,0.043,0.506,0.1302
"6756",1,0.514287250198786,0.00604111468278354,0,0.451,0.043,0.506,0.1302
"6757",0.0546875,0.514287250198786,0.00604111468278354,0,0.451,0.043,0.506,0.1302
"6758",0.11328125,0.514287250198786,0.00604111468278354,0,0.451,0.043,0.506,0.1302
"6759",0.08203125,0.514287250198786,0.00604111468278354,0,0.451,0.043,0.506,0.1302
"6760",0.01953125,0.514287250198786,0.00604111468278354,0,0.451,0.043,0.506,0.1302
"6761",0.09375,0.514287250198786,0.00604111468278354,0,0.451,0.043,0.506,0.1302
"6762",1,0.514287250198786,0.00604111468278354,0,0.451,0.043,0.506,0.1302
"6763",1,0.514287250198786,0.00604111468278354,0,0.451,0.043,0.506,0.1302
"6764",0.19921875,0.514287250198786,0.00604111468278354,0,0.451,0.043,0.506,0.1302
"6765",0.03515625,0.514287250198786,0.00604111468278354,0,0.451,0.043,0.506,0.1302
"6766",1,0.514287250198786,0.00604111468278354,0,0.451,0.043,0.506,0.1302
"6767",1,0.514287250198786,0.00604111468278354,0,0.451,0.043,0.506,0.1302
"6768",1,0.514287250198786,0.00604111468278354,0,0.451,0.043,0.506,0.1302
"6769",0.01953125,0.514287250198786,0.00604111468278354,0,0.451,0.043,0.506,0.1302
"6770",1,0.514287250198786,0.00604111468278354,0,0.451,0.043,0.506,0.1302
"6771",0.0703125,0.514287250198786,0.00604111468278354,0,0.451,0.043,0.506,0.1302
"6772",1,0.514287250198786,0.00604111468278354,0,0.451,0.043,0.506,0.1302
"6773",0.06640625,0.514287250198786,0.00604111468278354,0,0.451,0.043,0.506,0.1302
"6774",1,0.514287250198786,0.00604111468278354,0,0.451,0.043,0.506,0.1302
"6775",0.02734375,0.514287250198786,0.00604111468278354,0,0.451,0.043,0.506,0.1302
"6776",1,0.514287250198786,0.00604111468278354,0,0.451,0.043,0.506,0.1302
"6777",0.12890625,0.514287250198786,0.00604111468278354,0,0.451,0.043,0.506,0.1302
"6778",0.12890625,0.514287250198786,0.00604111468278354,0,0.451,0.043,0.506,0.1302
"6779",1,0.514287250198786,0.00604111468278354,0,0.451,0.043,0.506,0.1302
"6780",1,0.514287250198786,0.00604111468278354,0,0.451,0.043,0.506,0.1302
"6781",1,0.514287250198786,0.00604111468278354,0,0.451,0.043,0.506,0.1302
"6782",0.015625,0.514287250198786,0.00604111468278354,0,0.451,0.043,0.506,0.1302
"6783",1,0.514287250198786,0.00604111468278354,0,0.451,0.043,0.506,0.1302
"6784",0.015625,0.514287250198786,0.00604111468278354,0,0.451,0.043,0.506,0.1302
"6785",1,0.514287250198786,0.00604111468278354,0,0.451,0.043,0.506,0.1302
"6786",0.0234375,0.514287250198786,0.00604111468278354,0,0.451,0.043,0.506,0.1302
"6787",1,0.514287250198786,0.00604111468278354,0,0.451,0.043,0.506,0.1302
"6788",0.01171875,0.514287250198786,0.00604111468278354,0,0.451,0.043,0.506,0.1302
"6789",1,0.514287250198786,0.00604111468278354,0,0.451,0.043,0.506,0.1302
"6790",1,0.514287250198786,0.00604111468278354,0,0.451,0.043,0.506,0.1302
"6791",0.01953125,0.514287250198786,0.00604111468278354,0,0.451,0.043,0.506,0.1302
"6792",1,0.514287250198786,0.00604111468278354,0,0.451,0.043,0.506,0.1302
"6793",0.01171875,0.514287250198786,0.00604111468278354,0,0.451,0.043,0.506,0.1302
"6794",0.01953125,0.514287250198786,0.00604111468278354,0,0.451,0.043,0.506,0.1302
"6795",0.0078125,0.514287250198786,0.00604111468278354,0,0.451,0.043,0.506,0.1302
"6796",1,0.514287250198786,0.00604111468278354,0,0.451,0.043,0.506,0.1302
"6797",0.015625,0.514287250198786,0.00604111468278354,0,0.451,0.043,0.506,0.1302
"6798",1,0.514287250198786,0.00604111468278354,0,0.451,0.043,0.506,0.1302
"6799",1,0.514287250198786,0.00604111468278354,0,0.451,0.043,0.506,0.1302
"6800",0.0078125,0.514287250198786,0.00604111468278354,0,0.451,0.043,0.506,0.1302
"6801",1,0.514287250198786,0.00604111468278354,0,0.451,0.043,0.506,0.1302
"6802",0.0078125,0.514287250198786,0.00604111468278354,0,0.451,0.043,0.506,0.1302
"6803",0.05078125,0.514287250198786,0.00604111468278354,0,0.451,0.043,0.506,0.1302
"6804",1,0.514287250198786,0.00604111468278354,0,0.451,0.043,0.506,0.1302
"6805",0,0.514287250198786,0.00604111468278354,0,0.451,0.043,0.506,0.1302
"6806",0.0078125,0.514287250198786,0.00604111468278354,0,0.451,0.043,0.506,0.1302
"6807",1,0.514287250198786,0.00604111468278354,0,0.451,0.043,0.506,0.1302
"6808",0.01953125,0.514287250198786,0.00604111468278354,0,0.451,0.043,0.506,0.1302
"6809",0.51953125,0.514287250198786,0.00604111468278354,0,0.451,0.043,0.506,0.1302
"6810",1,0.514287250198786,0.00604111468278354,0,0.451,0.043,0.506,0.1302
"6811",0.03515625,0.514287250198786,0.00604111468278354,0,0.451,0.043,0.506,0.1302
"6812",0.01171875,0.514287250198786,0.00604111468278354,0,0.451,0.043,0.506,0.1302
"6813",1,0.514287250198786,0.00604111468278354,0,0.451,0.043,0.506,0.1302
"6814",1,0.514287250198786,0.00604111468278354,0,0.451,0.043,0.506,0.1302
"6815",0.00390625,0.514287250198786,0.00604111468278354,0,0.451,0.043,0.506,0.1302
"6816",1,0.514287250198786,0.00604111468278354,0,0.451,0.043,0.506,0.1302
"6817",1,0.514287250198786,0.00604111468278354,0,0.451,0.043,0.506,0.1302
"6818",0.09375,0.514287250198786,0.00604111468278354,0,0.451,0.043,0.506,0.1302
"6819",0.1328125,0.514287250198786,0.00604111468278354,0,0.451,0.043,0.506,0.1302
"6820",0.00390625,0.514287250198786,0.00604111468278354,0,0.451,0.043,0.506,0.1302
"6821",1,0.514287250198786,0.00604111468278354,0,0.451,0.043,0.506,0.1302
"6822",0,0.514287250198786,0.00604111468278354,0,0.451,0.043,0.506,0.1302
"6823",1,0.514287250198786,0.00604111468278354,0,0.451,0.043,0.506,0.1302
"6824",0,0.514287250198786,0.00604111468278354,0,0.451,0.043,0.506,0.1302
"6825",1,0.514287250198786,0.00604111468278354,0,0.451,0.043,0.506,0.1302
"6826",1,0.514287250198786,0.00604111468278354,0,0.451,0.043,0.506,0.1302
"6827",0.00390625,0.514287250198786,0.00604111468278354,0,0.451,0.043,0.506,0.1302
"6828",1,0.514287250198786,0.00604111468278354,0,0.451,0.043,0.506,0.1302
"6829",0.00390625,0.514287250198786,0.00604111468278354,0,0.451,0.043,0.506,0.1302
"6830",0.0234375,0.514287250198786,0.00604111468278354,0,0.451,0.043,0.506,0.1302
"6831",1,0.514287250198786,0.00604111468278354,0,0.451,0.043,0.506,0.1302
"6832",1,0.514287250198786,0.00604111468278354,0,0.451,0.043,0.506,0.1302
"6833",0.00390625,0.514287250198786,0.00604111468278354,0,0.451,0.043,0.506,0.1302
"6834",0.0390625,0.514287250198786,0.00604111468278354,0,0.451,0.043,0.506,0.1302
"6835",1,0.514287250198786,0.00604111468278354,0,0.451,0.043,0.506,0.1302
"6836",1,0.514287250198786,0.00604111468278354,0,0.451,0.043,0.506,0.1302
"6837",0.01171875,0.514287250198786,0.00604111468278354,0,0.451,0.043,0.506,0.1302
"6838",1,0.514287250198786,0.00604111468278354,0,0.451,0.043,0.506,0.1302
"6839",0.03515625,0.514287250198786,0.00604111468278354,0,0.451,0.043,0.506,0.1302
"6840",1,0.514287250198786,0.00604111468278354,0,0.451,0.043,0.506,0.1302
"6841",0.0078125,0.514287250198786,0.00604111468278354,0,0.451,0.043,0.506,0.1302
"6842",0.0546875,0.514287250198786,0.00604111468278354,0,0.451,0.043,0.506,0.1302
"6843",1,0.514287250198786,0.00604111468278354,0,0.451,0.043,0.506,0.1302
"6844",1,0.514287250198786,0.00604111468278354,0,0.451,0.043,0.506,0.1302
"6845",0.078125,0.514287250198786,0.00604111468278354,0,0.451,0.043,0.506,0.1302
"6846",0.0390625,0.514287250198786,0.00604111468278354,0,0.451,0.043,0.506,0.1302
"6847",0.07421875,0.514287250198786,0.00604111468278354,0,0.451,0.043,0.506,0.1302
"6848",1,0.514287250198786,0.00604111468278354,0,0.451,0.043,0.506,0.1302
"6849",0.0390625,0.514287250198786,0.00604111468278354,0,0.451,0.043,0.506,0.1302
"6850",0.00390625,0.514287250198786,0.00604111468278354,0,0.451,0.043,0.506,0.1302
"6851",0.015625,0.514287250198786,0.00604111468278354,0,0.451,0.043,0.506,0.1302
"6852",1,0.514287250198786,0.00604111468278354,0,0.451,0.043,0.506,0.1302
"6853",0.12890625,0.514287250198786,0.00604111468278354,0,0.451,0.043,0.506,0.1302
"6854",1,0.514287250198786,0.00604111468278354,0,0.451,0.043,0.506,0.1302
"6855",1,0.514287250198786,0.00604111468278354,0,0.451,0.043,0.506,0.1302
"6856",0.0234375,0.514287250198786,0.00604111468278354,0,0.451,0.043,0.506,0.1302
"6857",1,0.514287250198786,0.00604111468278354,0,0.451,0.043,0.506,0.1302
"6858",0.03125,0.514287250198786,0.00604111468278354,0,0.451,0.043,0.506,0.1302
"6859",1,0.514287250198786,0.00604111468278354,0,0.451,0.043,0.506,0.1302
"6860",1,0.514287250198786,0.00604111468278354,0,0.451,0.043,0.506,0.1302
"6861",0.01953125,0.514287250198786,0.00604111468278354,0,0.451,0.043,0.506,0.1302
"6862",0.046875,0.514287250198786,0.00604111468278354,0,0.451,0.043,0.506,0.1302
"6863",0.015625,0.514287250198786,0.00604111468278354,0,0.451,0.043,0.506,0.1302
"6864",1,0.514287250198786,0.00604111468278354,0,0.451,0.043,0.506,0.1302
"6865",0.0859375,0.514287250198786,0.00604111468278354,0,0.451,0.043,0.506,0.1302
"6866",0.01171875,0.514287250198786,0.00604111468278354,0,0.451,0.043,0.506,0.1302
"6867",1,0.514287250198786,0.00604111468278354,0,0.451,0.043,0.506,0.1302
"6868",1,0.514287250198786,0.00604111468278354,0,0.451,0.043,0.506,0.1302
"6869",1,0.514287250198786,0.00604111468278354,0,0.451,0.043,0.506,0.1302
"6870",1,0.514287250198786,0.00604111468278354,0,0.451,0.043,0.506,0.1302
"6871",0.0078125,0.514287250198786,0.00604111468278354,0,0.451,0.043,0.506,0.1302
"6872",0.0234375,0.514287250198786,0.00604111468278354,0,0.451,0.043,0.506,0.1302
"6873",0.05859375,0.514287250198786,0.00604111468278354,0,0.451,0.043,0.506,0.1302
"6874",0.0234375,0.514287250198786,0.00604111468278354,0,0.451,0.043,0.506,0.1302
"6875",1,0.514287250198786,0.00604111468278354,0,0.451,0.043,0.506,0.1302
"6876",1,0.514287250198786,0.00604111468278354,0,0.451,0.043,0.506,0.1302
"6877",1,0.514287250198786,0.00604111468278354,0,0.451,0.043,0.506,0.1302
"6878",1,0.514287250198786,0.00604111468278354,0,0.451,0.043,0.506,0.1302
"6879",0.00390625,0.514287250198786,0.00604111468278354,0,0.451,0.043,0.506,0.1302
"6880",1,0.514287250198786,0.00604111468278354,0,0.451,0.043,0.506,0.1302
"6881",0.0546875,0.514287250198786,0.00604111468278354,0,0.451,0.043,0.506,0.1302
"6882",0.02734375,0.514287250198786,0.00604111468278354,0,0.451,0.043,0.506,0.1302
"6883",0.015625,0.514287250198786,0.00604111468278354,0,0.451,0.043,0.506,0.1302
"6884",0.08203125,0.514287250198786,0.00604111468278354,0,0.451,0.043,0.506,0.1302
"6885",0.01953125,0.514287250198786,0.00604111468278354,0,0.451,0.043,0.506,0.1302
"6886",0.04296875,0.514287250198786,0.00604111468278354,0,0.451,0.043,0.506,0.1302
"6887",1,0.514287250198786,0.00604111468278354,0,0.451,0.043,0.506,0.1302
"6888",0.03125,0.514287250198786,0.00604111468278354,0,0.451,0.043,0.506,0.1302
"6889",0.0390625,0.514287250198786,0.00604111468278354,0,0.451,0.043,0.506,0.1302
"6890",0.03515625,0.514287250198786,0.00604111468278354,0,0.451,0.043,0.506,0.1302
"6891",1,0.514287250198786,0.00604111468278354,0,0.451,0.043,0.506,0.1302
"6892",1,0.514287250198786,0.00604111468278354,0,0.451,0.043,0.506,0.1302
"6893",1,0.514287250198786,0.00604111468278354,0,0.451,0.043,0.506,0.1302
"6894",1,0.514287250198786,0.00604111468278354,0,0.451,0.043,0.506,0.1302
"6895",0.03515625,0.514287250198786,0.00604111468278354,0,0.451,0.043,0.506,0.1302
"6896",1,0.514287250198786,0.00604111468278354,0,0.451,0.043,0.506,0.1302
"6897",1,0.514287250198786,0.00604111468278354,0,0.451,0.043,0.506,0.1302
"6898",1,0.514287250198786,0.00604111468278354,0,0.451,0.043,0.506,0.1302
"6899",0.08203125,0.514287250198786,0.00604111468278354,0,0.451,0.043,0.506,0.1302
"6900",0.05078125,0.514287250198786,0.00604111468278354,0,0.451,0.043,0.506,0.1302
"6901",1,0.514287250198786,0.00604111468278354,0,0.451,0.043,0.506,0.1302
"6902",1,0.514287250198786,0.00604111468278354,0,0.451,0.043,0.506,0.1302
"6903",0.01953125,0.514287250198786,0.00604111468278354,0,0.451,0.043,0.506,0.1302
"6904",1,0.514287250198786,0.00604111468278354,0,0.451,0.043,0.506,0.1302
"6905",0.1875,0.514287250198786,0.00604111468278354,0,0.451,0.043,0.506,0.1302
"6906",0.0078125,0.514287250198786,0.00604111468278354,0,0.451,0.043,0.506,0.1302
"6907",0.03125,0.514287250198786,0.00604111468278354,0,0.451,0.043,0.506,0.1302
"6908",1,0.514287250198786,0.00604111468278354,0,0.451,0.043,0.506,0.1302
"6909",1,0.514287250198786,0.00604111468278354,0,0.451,0.043,0.506,0.1302
"6910",1,0.514287250198786,0.00604111468278354,0,0.451,0.043,0.506,0.1302
"6911",0,0.514287250198786,0.00604111468278354,0,0.451,0.043,0.506,0.1302
"6912",1,0.514287250198786,0.00604111468278354,0,0.451,0.043,0.506,0.1302
"6913",0.03515625,0.514287250198786,0.00604111468278354,0,0.451,0.043,0.506,0.1302
"6914",1,0.514287250198786,0.00604111468278354,0,0.451,0.043,0.506,0.1302
"6915",0.07421875,0.514287250198786,0.00604111468278354,0,0.451,0.043,0.506,0.1302
"6916",1,0.514287250198786,0.00604111468278354,0,0.451,0.043,0.506,0.1302
"6917",0.0078125,0.514287250198786,0.00604111468278354,0,0.451,0.043,0.506,0.1302
"6918",0.0390625,0.514287250198786,0.00604111468278354,0,0.451,0.043,0.506,0.1302
"6919",1,0.514287250198786,0.00604111468278354,0,0.451,0.043,0.506,0.1302
"6920",0.125,0.514287250198786,0.00604111468278354,0,0.451,0.043,0.506,0.1302
"6921",0.01953125,0.514287250198786,0.00604111468278354,0,0.451,0.043,0.506,0.1302
"6922",0.01953125,0.514287250198786,0.00604111468278354,0,0.451,0.043,0.506,0.1302
"6923",0.03125,0.514287250198786,0.00604111468278354,0,0.451,0.043,0.506,0.1302
"6924",0.015625,0.514287250198786,0.00604111468278354,0,0.451,0.043,0.506,0.1302
"6925",1,0.514287250198786,0.00604111468278354,0,0.451,0.043,0.506,0.1302
"6926",0.015625,0.514287250198786,0.00604111468278354,0,0.451,0.043,0.506,0.1302
"6927",0.0078125,0.514287250198786,0.00604111468278354,0,0.451,0.043,0.506,0.1302
"6928",1,0.514287250198786,0.00604111468278354,0,0.451,0.043,0.506,0.1302
"6929",0.0625,0.514287250198786,0.00604111468278354,0,0.451,0.043,0.506,0.1302
"6930",1,0.514287250198786,0.00604111468278354,0,0.451,0.043,0.506,0.1302
"6931",1,0.514287250198786,0.00604111468278354,0,0.451,0.043,0.506,0.1302
"6932",0.5078125,0.514287250198786,0.00604111468278354,0,0.451,0.043,0.506,0.1302
"6933",1,0.514287250198786,0.00604111468278354,0,0.451,0.043,0.506,0.1302
"6934",0.00390625,0.514287250198786,0.00604111468278354,0,0.451,0.043,0.506,0.1302
"6935",1,0.514287250198786,0.00604111468278354,0,0.451,0.043,0.506,0.1302
"6936",1,0.514287250198786,0.00604111468278354,0,0.451,0.043,0.506,0.1302
"6937",1,0.514287250198786,0.00604111468278354,0,0.451,0.043,0.506,0.1302
"6938",0.13671875,0.514287250198786,0.00604111468278354,0,0.451,0.043,0.506,0.1302
"6939",0.03515625,0.514287250198786,0.00604111468278354,0,0.451,0.043,0.506,0.1302
"6940",1,0.514287250198786,0.00604111468278354,0,0.451,0.043,0.506,0.1302
"6941",1,0.514287250198786,0.00604111468278354,0,0.451,0.043,0.506,0.1302
"6942",1,0.514287250198786,0.00604111468278354,0,0.451,0.043,0.506,0.1302
"6943",0.0390625,0.514287250198786,0.00604111468278354,0,0.451,0.043,0.506,0.1302
"6944",1,0.514287250198786,0.00604111468278354,0,0.451,0.043,0.506,0.1302
"6945",0.05859375,0.514287250198786,0.00604111468278354,0,0.451,0.043,0.506,0.1302
"6946",0.02734375,0.514287250198786,0.00604111468278354,0,0.451,0.043,0.506,0.1302
"6947",0,0.514287250198786,0.00604111468278354,0,0.451,0.043,0.506,0.1302
"6948",0.078125,0.514287250198786,0.00604111468278354,0,0.451,0.043,0.506,0.1302
"6949",1,0.514287250198786,0.00604111468278354,0,0.451,0.043,0.506,0.1302
"6950",1,0.514287250198786,0.00604111468278354,0,0.451,0.043,0.506,0.1302
"6951",1,0.514287250198786,0.00604111468278354,0,0.451,0.043,0.506,0.1302
"6952",0.0078125,0.514287250198786,0.00604111468278354,0,0.451,0.043,0.506,0.1302
"6953",0.01171875,0.514287250198786,0.00604111468278354,0,0.451,0.043,0.506,0.1302
"6954",0.05078125,0.514287250198786,0.00604111468278354,0,0.451,0.043,0.506,0.1302
"6955",1,0.514287250198786,0.00604111468278354,0,0.451,0.043,0.506,0.1302
"6956",1,0.514287250198786,0.00604111468278354,0,0.451,0.043,0.506,0.1302
"6957",1,0.514287250198786,0.00604111468278354,0,0.451,0.043,0.506,0.1302
"6958",1,0.514287250198786,0.00604111468278354,0,0.451,0.043,0.506,0.1302
"6959",1,0.514287250198786,0.00604111468278354,0,0.451,0.043,0.506,0.1302
"6960",1,0.514287250198786,0.00604111468278354,0,0.451,0.043,0.506,0.1302
"6961",1,0.514287250198786,0.00604111468278354,0,0.451,0.043,0.506,0.1302
"6962",1,0.514287250198786,0.00604111468278354,0,0.451,0.043,0.506,0.1302
"6963",0.01171875,0.514287250198786,0.00604111468278354,0,0.451,0.043,0.506,0.1302
"6964",1,0.514287250198786,0.00604111468278354,0,0.451,0.043,0.506,0.1302
"6965",0,0.514287250198786,0.00604111468278354,0,0.451,0.043,0.506,0.1302
"6966",0.06640625,0.514287250198786,0.00604111468278354,0,0.451,0.043,0.506,0.1302
"6967",0.09765625,0.514287250198786,0.00604111468278354,0,0.451,0.043,0.506,0.1302
"6968",1,0.514287250198786,0.00604111468278354,0,0.451,0.043,0.506,0.1302
"6969",1,0.514287250198786,0.00604111468278354,0,0.451,0.043,0.506,0.1302
"6970",1,0.514287250198786,0.00604111468278354,0,0.451,0.043,0.506,0.1302
"6971",1,0.514287250198786,0.00604111468278354,0,0.451,0.043,0.506,0.1302
"6972",0.25390625,0.514287250198786,0.00604111468278354,0,0.451,0.043,0.506,0.1302
"6973",0.00390625,0.514287250198786,0.00604111468278354,0,0.451,0.043,0.506,0.1302
"6974",1,0.514287250198786,0.00604111468278354,0,0.451,0.043,0.506,0.1302
"6975",1,0.514287250198786,0.00604111468278354,0,0.451,0.043,0.506,0.1302
"6976",1,0.514287250198786,0.00604111468278354,0,0.451,0.043,0.506,0.1302
"6977",1,0.514287250198786,0.00604111468278354,0,0.451,0.043,0.506,0.1302
"6978",1,0.514287250198786,0.00604111468278354,0,0.451,0.043,0.506,0.1302
"6979",0.140625,0.514287250198786,0.00604111468278354,0,0.451,0.043,0.506,0.1302
"6980",1,0.514287250198786,0.00604111468278354,0,0.451,0.043,0.506,0.1302
"6981",1,0.514287250198786,0.00604111468278354,0,0.451,0.043,0.506,0.1302
"6982",1,0.514287250198786,0.00604111468278354,0,0.451,0.043,0.506,0.1302
"6983",0.06640625,0.514287250198786,0.00604111468278354,0,0.451,0.043,0.506,0.1302
"6984",0.015625,0.514287250198786,0.00604111468278354,0,0.451,0.043,0.506,0.1302
"6985",1,0.514287250198786,0.00604111468278354,0,0.451,0.043,0.506,0.1302
"6986",0.125,0.514287250198786,0.00604111468278354,0,0.451,0.043,0.506,0.1302
"6987",0.09765625,0.514287250198786,0.00604111468278354,0,0.451,0.043,0.506,0.1302
"6988",1,0.514287250198786,0.00604111468278354,0,0.451,0.043,0.506,0.1302
"6989",1,0.514287250198786,0.00604111468278354,0,0.451,0.043,0.506,0.1302
"6990",0.046875,0.514287250198786,0.00604111468278354,0,0.451,0.043,0.506,0.1302
"6991",0.00390625,0.514287250198786,0.00604111468278354,0,0.451,0.043,0.506,0.1302
"6992",1,0.514287250198786,0.00604111468278354,0,0.451,0.043,0.506,0.1302
"6993",1,0.514287250198786,0.00604111468278354,0,0.451,0.043,0.506,0.1302
"6994",1,0.514287250198786,0.00604111468278354,0,0.451,0.043,0.506,0.1302
"6995",0.03515625,0.514287250198786,0.00604111468278354,0,0.451,0.043,0.506,0.1302
"6996",1,0.514287250198786,0.00604111468278354,0,0.451,0.043,0.506,0.1302
"6997",1,0.514287250198786,0.00604111468278354,0,0.451,0.043,0.506,0.1302
"6998",1,0.514287250198786,0.00604111468278354,0,0.451,0.043,0.506,0.1302
"6999",1,0.514287250198786,0.00604111468278354,0,0.451,0.043,0.506,0.1302
"7000",1,0.514287250198786,0.00604111468278354,0,0.451,0.043,0.506,0.1302
"7001",1,0.514287250198786,0.00604111468278354,0,0.451,0.043,0.506,0.1302
"7002",0.02734375,0.514287250198786,0.00604111468278354,0,0.451,0.043,0.506,0.1302
"7003",1,0.514287250198786,0.00604111468278354,0,0.451,0.043,0.506,0.1302
"7004",0.015625,0.514287250198786,0.00604111468278354,0,0.451,0.043,0.506,0.1302
"7005",0.0546875,0.514287250198786,0.00604111468278354,0,0.451,0.043,0.506,0.1302
"7006",0.01171875,0.514287250198786,0.00604111468278354,0,0.451,0.043,0.506,0.1302
"7007",1,0.514287250198786,0.00604111468278354,0,0.451,0.043,0.506,0.1302
"7008",0.01953125,0.514287250198786,0.00604111468278354,0,0.451,0.043,0.506,0.1302
"7009",1,0.514287250198786,0.00604111468278354,0,0.451,0.043,0.506,0.1302
"7010",1,0.514287250198786,0.00604111468278354,0,0.451,0.043,0.506,0.1302
"7011",1,0.514287250198786,0.00604111468278354,0,0.451,0.043,0.506,0.1302
"7012",1,0.514287250198786,0.00604111468278354,0,0.451,0.043,0.506,0.1302
"7013",0.0078125,0.514287250198786,0.00604111468278354,0,0.451,0.043,0.506,0.1302
"7014",1,0.514287250198786,0.00604111468278354,0,0.451,0.043,0.506,0.1302
"7015",1,0.514287250198786,0.00604111468278354,0,0.451,0.043,0.506,0.1302
"7016",1,0.514287250198786,0.00604111468278354,0,0.451,0.043,0.506,0.1302
"7017",0.01171875,0.514287250198786,0.00604111468278354,0,0.451,0.043,0.506,0.1302
"7018",1,0.514287250198786,0.00604111468278354,0,0.451,0.043,0.506,0.1302
"7019",1,0.514287250198786,0.00604111468278354,0,0.451,0.043,0.506,0.1302
"7020",1,0.514287250198786,0.00604111468278354,0,0.451,0.043,0.506,0.1302
"7021",0.0078125,0.514287250198786,0.00604111468278354,0,0.451,0.043,0.506,0.1302
"7022",0.0390625,0.514287250198786,0.00604111468278354,0,0.451,0.043,0.506,0.1302
"7023",1,0.514287250198786,0.00604111468278354,0,0.451,0.043,0.506,0.1302
"7024",1,0.514287250198786,0.00604111468278354,0,0.451,0.043,0.506,0.1302
"7025",0.01171875,0.514287250198786,0.00604111468278354,0,0.451,0.043,0.506,0.1302
"7026",1,0.514287250198786,0.00604111468278354,0,0.451,0.043,0.506,0.1302
"7027",1,0.514287250198786,0.00604111468278354,0,0.451,0.043,0.506,0.1302
"7028",1,0.514287250198786,0.00604111468278354,0,0.451,0.043,0.506,0.1302
"7029",0.03125,0.514287250198786,0.00604111468278354,0,0.451,0.043,0.506,0.1302
"7030",1,0.514287250198786,0.00604111468278354,0,0.451,0.043,0.506,0.1302
"7031",1,0.514287250198786,0.00604111468278354,0,0.451,0.043,0.506,0.1302
"7032",1,0.514287250198786,0.00604111468278354,0,0.451,0.043,0.506,0.1302
"7033",0.19140625,0.514287250198786,0.00604111468278354,0,0.451,0.043,0.506,0.1302
"7034",1,0.514287250198786,0.00604111468278354,0,0.451,0.043,0.506,0.1302
"7035",0.02734375,0.514287250198786,0.00604111468278354,0,0.451,0.043,0.506,0.1302
"7036",1,0.514287250198786,0.00604111468278354,0,0.451,0.043,0.506,0.1302
"7037",0.04296875,0.514287250198786,0.00604111468278354,0,0.451,0.043,0.506,0.1302
"7038",1,0.514287250198786,0.00604111468278354,0,0.451,0.043,0.506,0.1302
"7039",0.0078125,0.514287250198786,0.00604111468278354,0,0.451,0.043,0.506,0.1302
"7040",1,0.514287250198786,0.00604111468278354,0,0.451,0.043,0.506,0.1302
"7041",1,0.514287250198786,0.00604111468278354,0,0.451,0.043,0.506,0.1302
"7042",0.5234375,0.514287250198786,0.00604111468278354,0,0.451,0.043,0.506,0.1302
"7043",0.0078125,0.514287250198786,0.00604111468278354,0,0.451,0.043,0.506,0.1302
"7044",1,0.514287250198786,0.00604111468278354,0,0.451,0.043,0.506,0.1302
"7045",1,0.514287250198786,0.00604111468278354,0,0.451,0.043,0.506,0.1302
"7046",0.1171875,0.514287250198786,0.00604111468278354,0,0.451,0.043,0.506,0.1302
"7047",1,0.514287250198786,0.00604111468278354,0,0.451,0.043,0.506,0.1302
"7048",0.02734375,0.514287250198786,0.00604111468278354,0,0.451,0.043,0.506,0.1302
"7049",1,0.514287250198786,0.00604111468278354,0,0.451,0.043,0.506,0.1302
"7050",1,0.514287250198786,0.00604111468278354,0,0.451,0.043,0.506,0.1302
"7051",0.140625,0.514287250198786,0.00604111468278354,0,0.451,0.043,0.506,0.1302
"7052",1,0.514287250198786,0.00604111468278354,0,0.451,0.043,0.506,0.1302
"7053",0.02734375,0.514287250198786,0.00604111468278354,0,0.451,0.043,0.506,0.1302
"7054",1,0.514287250198786,0.00604111468278354,0,0.451,0.043,0.506,0.1302
"7055",1,0.514287250198786,0.00604111468278354,0,0.451,0.043,0.506,0.1302
"7056",0.05078125,0.514287250198786,0.00604111468278354,0,0.451,0.043,0.506,0.1302
"7057",1,0.514287250198786,0.00604111468278354,0,0.451,0.043,0.506,0.1302
"7058",1,0.514287250198786,0.00604111468278354,0,0.451,0.043,0.506,0.1302
"7059",0.03125,0.514287250198786,0.00604111468278354,0,0.451,0.043,0.506,0.1302
"7060",0.01953125,0.514287250198786,0.00604111468278354,0,0.451,0.043,0.506,0.1302
"7061",1,0.514287250198786,0.00604111468278354,0,0.451,0.043,0.506,0.1302
"7062",1,0.514287250198786,0.00604111468278354,0,0.451,0.043,0.506,0.1302
"7063",1,0.514287250198786,0.00604111468278354,0,0.451,0.043,0.506,0.1302
"7064",0.5078125,0.514287250198786,0.00604111468278354,0,0.451,0.043,0.506,0.1302
"7065",0.03515625,0.514287250198786,0.00604111468278354,0,0.451,0.043,0.506,0.1302
"7066",1,0.514287250198786,0.00604111468278354,0,0.451,0.043,0.506,0.1302
"7067",1,0.514287250198786,0.00604111468278354,0,0.451,0.043,0.506,0.1302
"7068",0.01171875,0.514287250198786,0.00604111468278354,0,0.451,0.043,0.506,0.1302
"7069",0.015625,0.514287250198786,0.00604111468278354,0,0.451,0.043,0.506,0.1302
"7070",1,0.514287250198786,0.00604111468278354,0,0.451,0.043,0.506,0.1302
"7071",1,0.514287250198786,0.00604111468278354,0,0.451,0.043,0.506,0.1302
"7072",1,0.514287250198786,0.00604111468278354,0,0.451,0.043,0.506,0.1302
"7073",0.03515625,0.514287250198786,0.00604111468278354,0,0.451,0.043,0.506,0.1302
"7074",1,0.514287250198786,0.00604111468278354,0,0.451,0.043,0.506,0.1302
"7075",0.07421875,0.514287250198786,0.00604111468278354,0,0.451,0.043,0.506,0.1302
"7076",1,0.514287250198786,0.00604111468278354,0,0.451,0.043,0.506,0.1302
"7077",0.0078125,0.514287250198786,0.00604111468278354,0,0.451,0.043,0.506,0.1302
"7078",1,0.514287250198786,0.00604111468278354,0,0.451,0.043,0.506,0.1302
"7079",1,0.514287250198786,0.00604111468278354,0,0.451,0.043,0.506,0.1302
"7080",0.03515625,0.514287250198786,0.00604111468278354,0,0.451,0.043,0.506,0.1302
"7081",1,0.514287250198786,0.00604111468278354,0,0.451,0.043,0.506,0.1302
"7082",1,0.514287250198786,0.00604111468278354,0,0.451,0.043,0.506,0.1302
"7083",0.0078125,0.514287250198786,0.00604111468278354,0,0.451,0.043,0.506,0.1302
"7084",0.01953125,0.514287250198786,0.00604111468278354,0,0.451,0.043,0.506,0.1302
"7085",1,0.514287250198786,0.00604111468278354,0,0.451,0.043,0.506,0.1302
"7086",1,0.514287250198786,0.00604111468278354,0,0.451,0.043,0.506,0.1302
"7087",0,0.514287250198786,0.00604111468278354,0,0.451,0.043,0.506,0.1302
"7088",1,0.514287250198786,0.00604111468278354,0,0.451,0.043,0.506,0.1302
"7089",0.0703125,0.514287250198786,0.00604111468278354,0,0.451,0.043,0.506,0.1302
"7090",0.01953125,0.514287250198786,0.00604111468278354,0,0.451,0.043,0.506,0.1302
"7091",1,0.514287250198786,0.00604111468278354,0,0.451,0.043,0.506,0.1302
"7092",0.01953125,0.514287250198786,0.00604111468278354,0,0.451,0.043,0.506,0.1302
"7093",0.00390625,0.514287250198786,0.00604111468278354,0,0.451,0.043,0.506,0.1302
"7094",1,0.514287250198786,0.00604111468278354,0,0.451,0.043,0.506,0.1302
"7095",1,0.514287250198786,0.00604111468278354,0,0.451,0.043,0.506,0.1302
"7096",0.01953125,0.514287250198786,0.00604111468278354,0,0.451,0.043,0.506,0.1302
"7097",0.0078125,0.514287250198786,0.00604111468278354,0,0.451,0.043,0.506,0.1302
"7098",1,0.514287250198786,0.00604111468278354,0,0.451,0.043,0.506,0.1302
"7099",0.0390625,0.514287250198786,0.00604111468278354,0,0.451,0.043,0.506,0.1302
"7100",0.015625,0.514287250198786,0.00604111468278354,0,0.451,0.043,0.506,0.1302
"7101",1,0.514287250198786,0.00604111468278354,0,0.451,0.043,0.506,0.1302
"7102",1,0.514287250198786,0.00604111468278354,0,0.451,0.043,0.506,0.1302
"7103",0.08203125,0.514287250198786,0.00604111468278354,0,0.451,0.043,0.506,0.1302
"7104",0.0234375,0.514287250198786,0.00604111468278354,0,0.451,0.043,0.506,0.1302
"7105",1,0.514287250198786,0.00604111468278354,0,0.451,0.043,0.506,0.1302
"7106",1,0.514287250198786,0.00604111468278354,0,0.451,0.043,0.506,0.1302
"7107",1,0.514287250198786,0.00604111468278354,0,0.451,0.043,0.506,0.1302
"7108",0,0.514287250198786,0.00604111468278354,0,0.451,0.043,0.506,0.1302
"7109",0.06640625,0.514287250198786,0.00604111468278354,0,0.451,0.043,0.506,0.1302
"7110",0.00390625,0.514287250198786,0.00604111468278354,0,0.451,0.043,0.506,0.1302
"7111",0.01171875,0.514287250198786,0.00604111468278354,0,0.451,0.043,0.506,0.1302
"7112",1,0.514287250198786,0.00604111468278354,0,0.451,0.043,0.506,0.1302
"7113",1,0.514287250198786,0.00604111468278354,0,0.451,0.043,0.506,0.1302
"7114",0.00390625,0.514287250198786,0.00604111468278354,0,0.451,0.043,0.506,0.1302
"7115",1,0.514287250198786,0.00604111468278354,0,0.451,0.043,0.506,0.1302
"7116",0.0078125,0.514287250198786,0.00604111468278354,0,0.451,0.043,0.506,0.1302
"7117",0.02734375,0.514287250198786,0.00604111468278354,0,0.451,0.043,0.506,0.1302
"7118",0.05859375,0.514287250198786,0.00604111468278354,0,0.451,0.043,0.506,0.1302
"7119",1,0.514287250198786,0.00604111468278354,0,0.451,0.043,0.506,0.1302
"7120",0.015625,0.514287250198786,0.00604111468278354,0,0.451,0.043,0.506,0.1302
"7121",1,0.514287250198786,0.00604111468278354,0,0.451,0.043,0.506,0.1302
"7122",0.0078125,0.514287250198786,0.00604111468278354,0,0.451,0.043,0.506,0.1302
"7123",1,0.514287250198786,0.00604111468278354,0,0.451,0.043,0.506,0.1302
"7124",1,0.514287250198786,0.00604111468278354,0,0.451,0.043,0.506,0.1302
"7125",1,0.514287250198786,0.00604111468278354,0,0.451,0.043,0.506,0.1302
"7126",1,0.514287250198786,0.00604111468278354,0,0.451,0.043,0.506,0.1302
"7127",0.00390625,0.514287250198786,0.00604111468278354,0,0.451,0.043,0.506,0.1302
"7128",0.0234375,0.514287250198786,0.00604111468278354,0,0.451,0.043,0.506,0.1302
"7129",1,0.514287250198786,0.00604111468278354,0,0.451,0.043,0.506,0.1302
"7130",0.0390625,0.514287250198786,0.00604111468278354,0,0.451,0.043,0.506,0.1302
"7131",0.1171875,0.514287250198786,0.00604111468278354,0,0.451,0.043,0.506,0.1302
"7132",1,0.514287250198786,0.00604111468278354,0,0.451,0.043,0.506,0.1302
"7133",0.109375,0.514287250198786,0.00604111468278354,0,0.451,0.043,0.506,0.1302
"7134",0.0078125,0.514287250198786,0.00604111468278354,0,0.451,0.043,0.506,0.1302
"7135",0.0234375,0.514287250198786,0.00604111468278354,0,0.451,0.043,0.506,0.1302
"7136",1,0.514287250198786,0.00604111468278354,0,0.451,0.043,0.506,0.1302
"7137",0.00390625,0.514287250198786,0.00604111468278354,0,0.451,0.043,0.506,0.1302
"7138",1,0.514287250198786,0.00604111468278354,0,0.451,0.043,0.506,0.1302
"7139",0.0625,0.514287250198786,0.00604111468278354,0,0.451,0.043,0.506,0.1302
"7140",0.03515625,0.514287250198786,0.00604111468278354,0,0.451,0.043,0.506,0.1302
"7141",1,0.514287250198786,0.00604111468278354,0,0.451,0.043,0.506,0.1302
"7142",1,0.514287250198786,0.00604111468278354,0,0.451,0.043,0.506,0.1302
"7143",0.03125,0.514287250198786,0.00604111468278354,0,0.451,0.043,0.506,0.1302
"7144",0.0078125,0.514287250198786,0.00604111468278354,0,0.451,0.043,0.506,0.1302
"7145",1,0.514287250198786,0.00604111468278354,0,0.451,0.043,0.506,0.1302
"7146",0.015625,0.514287250198786,0.00604111468278354,0,0.451,0.043,0.506,0.1302
"7147",1,0.514287250198786,0.00604111468278354,0,0.451,0.043,0.506,0.1302
"7148",0.00390625,0.514287250198786,0.00604111468278354,0,0.451,0.043,0.506,0.1302
"7149",1,0.514287250198786,0.00604111468278354,0,0.451,0.043,0.506,0.1302
"7150",0.07421875,0.514287250198786,0.00604111468278354,0,0.451,0.043,0.506,0.1302
"7151",0.015625,0.514287250198786,0.00604111468278354,0,0.451,0.043,0.506,0.1302
"7152",1,0.514287250198786,0.00604111468278354,0,0.451,0.043,0.506,0.1302
"7153",1,0.514287250198786,0.00604111468278354,0,0.451,0.043,0.506,0.1302
"7154",1,0.514287250198786,0.00604111468278354,0,0.451,0.043,0.506,0.1302
"7155",1,0.514287250198786,0.00604111468278354,0,0.451,0.043,0.506,0.1302
"7156",1,0.514287250198786,0.00604111468278354,0,0.451,0.043,0.506,0.1302
"7157",0,0.514287250198786,0.00604111468278354,0,0.451,0.043,0.506,0.1302
"7158",0.015625,0.514287250198786,0.00604111468278354,0,0.451,0.043,0.506,0.1302
"7159",1,0.514287250198786,0.00604111468278354,0,0.451,0.043,0.506,0.1302
"7160",1,0.514287250198786,0.00604111468278354,0,0.451,0.043,0.506,0.1302
"7161",0.01953125,0.514287250198786,0.00604111468278354,0,0.451,0.043,0.506,0.1302
"7162",0.046875,0.514287250198786,0.00604111468278354,0,0.451,0.043,0.506,0.1302
"7163",1,0.514287250198786,0.00604111468278354,0,0.451,0.043,0.506,0.1302
"7164",0.16015625,0.514287250198786,0.00604111468278354,0,0.451,0.043,0.506,0.1302
"7165",1,0.514287250198786,0.00604111468278354,0,0.451,0.043,0.506,0.1302
"7166",0.07421875,0.514287250198786,0.00604111468278354,0,0.451,0.043,0.506,0.1302
"7167",0.015625,0.514287250198786,0.00604111468278354,0,0.451,0.043,0.506,0.1302
"7168",1,0.514287250198786,0.00604111468278354,0,0.451,0.043,0.506,0.1302
"7169",1,0.514287250198786,0.00604111468278354,0,0.451,0.043,0.506,0.1302
"7170",0.0859375,0.514287250198786,0.00604111468278354,0,0.451,0.043,0.506,0.1302
"7171",0.14453125,0.514287250198786,0.00604111468278354,0,0.451,0.043,0.506,0.1302
"7172",1,0.514287250198786,0.00604111468278354,0,0.451,0.043,0.506,0.1302
"7173",1,0.514287250198786,0.00604111468278354,0,0.451,0.043,0.506,0.1302
"7174",0.05078125,0.514287250198786,0.00604111468278354,0,0.451,0.043,0.506,0.1302
"7175",1,0.514287250198786,0.00604111468278354,0,0.451,0.043,0.506,0.1302
"7176",1,0.514287250198786,0.00604111468278354,0,0.451,0.043,0.506,0.1302
"7177",0.03515625,0.514287250198786,0.00604111468278354,0,0.451,0.043,0.506,0.1302
"7178",1,0.514287250198786,0.00604111468278354,0,0.451,0.043,0.506,0.1302
"7179",1,0.514287250198786,0.00604111468278354,0,0.451,0.043,0.506,0.1302
"7180",0.03515625,0.514287250198786,0.00604111468278354,0,0.451,0.043,0.506,0.1302
"7181",0.02734375,0.514287250198786,0.00604111468278354,0,0.451,0.043,0.506,0.1302
"7182",0.01171875,0.514287250198786,0.00604111468278354,0,0.451,0.043,0.506,0.1302
"7183",1,0.514287250198786,0.00604111468278354,0,0.451,0.043,0.506,0.1302
"7184",1,0.514287250198786,0.00604111468278354,0,0.451,0.043,0.506,0.1302
"7185",1,0.514287250198786,0.00604111468278354,0,0.451,0.043,0.506,0.1302
"7186",1,0.514287250198786,0.00604111468278354,0,0.451,0.043,0.506,0.1302
"7187",1,0.514287250198786,0.00604111468278354,0,0.451,0.043,0.506,0.1302
"7188",1,0.514287250198786,0.00604111468278354,0,0.451,0.043,0.506,0.1302
"7189",0.01171875,0.514287250198786,0.00604111468278354,0,0.451,0.043,0.506,0.1302
"7190",1,0.514287250198786,0.00604111468278354,0,0.451,0.043,0.506,0.1302
"7191",0.046875,0.514287250198786,0.00604111468278354,0,0.451,0.043,0.506,0.1302
"7192",0.0625,0.514287250198786,0.00604111468278354,0,0.451,0.043,0.506,0.1302
"7193",0.0078125,0.514287250198786,0.00604111468278354,0,0.451,0.043,0.506,0.1302
"7194",0.03125,0.514287250198786,0.00604111468278354,0,0.451,0.043,0.506,0.1302
"7195",0.046875,0.514287250198786,0.00604111468278354,0,0.451,0.043,0.506,0.1302
"7196",1,0.514287250198786,0.00604111468278354,0,0.451,0.043,0.506,0.1302
"7197",1,0.514287250198786,0.00604111468278354,0,0.451,0.043,0.506,0.1302
"7198",0.01953125,0.514287250198786,0.00604111468278354,0,0.451,0.043,0.506,0.1302
"7199",1,0.514287250198786,0.00604111468278354,0,0.451,0.043,0.506,0.1302
"7200",1,0.514287250198786,0.00604111468278354,0,0.451,0.043,0.506,0.1302
"7201",0.03125,0.514287250198786,0.00604111468278354,0,0.451,0.043,0.506,0.1302
"7202",1,0.514287250198786,0.00604111468278354,0,0.451,0.043,0.506,0.1302
"7203",0.140625,0.514287250198786,0.00604111468278354,0,0.451,0.043,0.506,0.1302
"7204",1,0.514287250198786,0.00604111468278354,0,0.451,0.043,0.506,0.1302
"7205",1,0.514287250198786,0.00604111468278354,0,0.451,0.043,0.506,0.1302
"7206",1,0.514287250198786,0.00604111468278354,0,0.451,0.043,0.506,0.1302
"7207",1,0.514287250198786,0.00604111468278354,0,0.451,0.043,0.506,0.1302
"7208",0.02734375,0.514287250198786,0.00604111468278354,0,0.451,0.043,0.506,0.1302
"7209",0.03515625,0.514287250198786,0.00604111468278354,0,0.451,0.043,0.506,0.1302
"7210",0.01171875,0.514287250198786,0.00604111468278354,0,0.451,0.043,0.506,0.1302
"7211",0.12890625,0.514287250198786,0.00604111468278354,0,0.451,0.043,0.506,0.1302
"7212",1,0.514287250198786,0.00604111468278354,0,0.451,0.043,0.506,0.1302
"7213",1,0.514287250198786,0.00604111468278354,0,0.451,0.043,0.506,0.1302
"7214",1,0.514287250198786,0.00604111468278354,0,0.451,0.043,0.506,0.1302
"7215",0.0078125,0.514287250198786,0.00604111468278354,0,0.451,0.043,0.506,0.1302
"7216",0.07421875,0.514287250198786,0.00604111468278354,0,0.451,0.043,0.506,0.1302
"7217",0.0078125,0.514287250198786,0.00604111468278354,0,0.451,0.043,0.506,0.1302
"7218",1,0.514287250198786,0.00604111468278354,0,0.451,0.043,0.506,0.1302
"7219",0,0.514287250198786,0.00604111468278354,0,0.451,0.043,0.506,0.1302
"7220",0.015625,0.514287250198786,0.00604111468278354,0,0.451,0.043,0.506,0.1302
"7221",0.01171875,0.514287250198786,0.00604111468278354,0,0.451,0.043,0.506,0.1302
"7222",0.3359375,0.514287250198786,0.00604111468278354,0,0.451,0.043,0.506,0.1302
"7223",0.01953125,0.514287250198786,0.00604111468278354,0,0.451,0.043,0.506,0.1302
"7224",0.01953125,0.514287250198786,0.00604111468278354,0,0.451,0.043,0.506,0.1302
"7225",1,0.514287250198786,0.00604111468278354,0,0.451,0.043,0.506,0.1302
"7226",1,0.514287250198786,0.00604111468278354,0,0.451,0.043,0.506,0.1302
"7227",0.015625,0.514287250198786,0.00604111468278354,0,0.451,0.043,0.506,0.1302
"7228",0.12890625,0.514287250198786,0.00604111468278354,0,0.451,0.043,0.506,0.1302
"7229",0.0078125,0.514287250198786,0.00604111468278354,0,0.451,0.043,0.506,0.1302
"7230",1,0.514287250198786,0.00604111468278354,0,0.451,0.043,0.506,0.1302
"7231",1,0.514287250198786,0.00604111468278354,0,0.451,0.043,0.506,0.1302
"7232",0.05078125,0.514287250198786,0.00604111468278354,0,0.451,0.043,0.506,0.1302
"7233",0.1171875,0.514287250198786,0.00604111468278354,0,0.451,0.043,0.506,0.1302
"7234",1,0.514287250198786,0.00604111468278354,0,0.451,0.043,0.506,0.1302
"7235",0.0390625,0.514287250198786,0.00604111468278354,0,0.451,0.043,0.506,0.1302
"7236",0.0390625,0.514287250198786,0.00604111468278354,0,0.451,0.043,0.506,0.1302
"7237",0.07421875,0.514287250198786,0.00604111468278354,0,0.451,0.043,0.506,0.1302
"7238",0.28515625,0.514287250198786,0.00604111468278354,0,0.451,0.043,0.506,0.1302
"7239",0.0546875,0.514287250198786,0.00604111468278354,0,0.451,0.043,0.506,0.1302
"7240",0.01953125,0.514287250198786,0.00604111468278354,0,0.451,0.043,0.506,0.1302
"7241",0.09375,0.514287250198786,0.00604111468278354,0,0.451,0.043,0.506,0.1302
"7242",1,0.514287250198786,0.00604111468278354,0,0.451,0.043,0.506,0.1302
"7243",1,0.514287250198786,0.00604111468278354,0,0.451,0.043,0.506,0.1302
"7244",0.03515625,0.514287250198786,0.00604111468278354,0,0.451,0.043,0.506,0.1302
"7245",0.05078125,0.514287250198786,0.00604111468278354,0,0.451,0.043,0.506,0.1302
"7246",0.0625,0.514287250198786,0.00604111468278354,0,0.451,0.043,0.506,0.1302
"7247",0.015625,0.514287250198786,0.00604111468278354,0,0.451,0.043,0.506,0.1302
"7248",1,0.514287250198786,0.00604111468278354,0,0.451,0.043,0.506,0.1302
"7249",1,0.514287250198786,0.00604111468278354,0,0.451,0.043,0.506,0.1302
"7250",0.02734375,0.514287250198786,0.00604111468278354,0,0.451,0.043,0.506,0.1302
"7251",0.0078125,0.514287250198786,0.00604111468278354,0,0.451,0.043,0.506,0.1302
"7252",0,0.514287250198786,0.00604111468278354,0,0.451,0.043,0.506,0.1302
"7253",1,0.514287250198786,0.00604111468278354,0,0.451,0.043,0.506,0.1302
"7254",0.03515625,0.514287250198786,0.00604111468278354,0,0.451,0.043,0.506,0.1302
"7255",0.0390625,0.514287250198786,0.00604111468278354,0,0.451,0.043,0.506,0.1302
"7256",0.09375,0.514287250198786,0.00604111468278354,0,0.451,0.043,0.506,0.1302
"7257",0.02734375,0.514287250198786,0.00604111468278354,0,0.451,0.043,0.506,0.1302
"7258",1,0.514287250198786,0.00604111468278354,0,0.451,0.043,0.506,0.1302
"7259",1,0.514287250198786,0.00604111468278354,0,0.451,0.043,0.506,0.1302
"7260",1,0.514287250198786,0.00604111468278354,0,0.451,0.043,0.506,0.1302
"7261",0.046875,0.514287250198786,0.00604111468278354,0,0.451,0.043,0.506,0.1302
"7262",0.50390625,0.514287250198786,0.00604111468278354,0,0.451,0.043,0.506,0.1302
"7263",0.078125,0.514287250198786,0.00604111468278354,0,0.451,0.043,0.506,0.1302
"7264",0.11328125,0.514287250198786,0.00604111468278354,0,0.451,0.043,0.506,0.1302
"7265",0.046875,0.514287250198786,0.00604111468278354,0,0.451,0.043,0.506,0.1302
"7266",0.02734375,0.514287250198786,0.00604111468278354,0,0.451,0.043,0.506,0.1302
"7267",1,0.514287250198786,0.00604111468278354,0,0.451,0.043,0.506,0.1302
"7268",1,0.514287250198786,0.00604111468278354,0,0.451,0.043,0.506,0.1302
"7269",1,0.514287250198786,0.00604111468278354,0,0.451,0.043,0.506,0.1302
"7270",1,0.514287250198786,0.00604111468278354,0,0.451,0.043,0.506,0.1302
"7271",1,0.514287250198786,0.00604111468278354,0,0.451,0.043,0.506,0.1302
"7272",1,0.514287250198786,0.00604111468278354,0,0.451,0.043,0.506,0.1302
"7273",1,0.514287250198786,0.00604111468278354,0,0.451,0.043,0.506,0.1302
"7274",1,0.514287250198786,0.00604111468278354,0,0.451,0.043,0.506,0.1302
"7275",0.01171875,0.514287250198786,0.00604111468278354,0,0.451,0.043,0.506,0.1302
"7276",0.04296875,0.514287250198786,0.00604111468278354,0,0.451,0.043,0.506,0.1302
"7277",1,0.514287250198786,0.00604111468278354,0,0.451,0.043,0.506,0.1302
"7278",1,0.514287250198786,0.00604111468278354,0,0.451,0.043,0.506,0.1302
"7279",0.0390625,0.514287250198786,0.00604111468278354,0,0.451,0.043,0.506,0.1302
"7280",0.0703125,0.514287250198786,0.00604111468278354,0,0.451,0.043,0.506,0.1302
"7281",0.03125,0.514287250198786,0.00604111468278354,0,0.451,0.043,0.506,0.1302
"7282",0.04296875,0.514287250198786,0.00604111468278354,0,0.451,0.043,0.506,0.1302
"7283",1,0.514287250198786,0.00604111468278354,0,0.451,0.043,0.506,0.1302
"7284",1,0.514287250198786,0.00604111468278354,0,0.451,0.043,0.506,0.1302
"7285",1,0.514287250198786,0.00604111468278354,0,0.451,0.043,0.506,0.1302
"7286",0.00390625,0.514287250198786,0.00604111468278354,0,0.451,0.043,0.506,0.1302
"7287",1,0.514287250198786,0.00604111468278354,0,0.451,0.043,0.506,0.1302
"7288",1,0.514287250198786,0.00604111468278354,0,0.451,0.043,0.506,0.1302
"7289",0.05859375,0.514287250198786,0.00604111468278354,0,0.451,0.043,0.506,0.1302
"7290",0.00390625,0.514287250198786,0.00604111468278354,0,0.451,0.043,0.506,0.1302
"7291",0.01171875,0.514287250198786,0.00604111468278354,0,0.451,0.043,0.506,0.1302
"7292",1,0.514287250198786,0.00604111468278354,0,0.451,0.043,0.506,0.1302
"7293",1,0.514287250198786,0.00604111468278354,0,0.451,0.043,0.506,0.1302
"7294",0.00390625,0.514287250198786,0.00604111468278354,0,0.451,0.043,0.506,0.1302
"7295",0.0390625,0.514287250198786,0.00604111468278354,0,0.451,0.043,0.506,0.1302
"7296",0.00390625,0.514287250198786,0.00604111468278354,0,0.451,0.043,0.506,0.1302
"7297",1,0.514287250198786,0.00604111468278354,0,0.451,0.043,0.506,0.1302
"7298",1,0.514287250198786,0.00604111468278354,0,0.451,0.043,0.506,0.1302
"7299",1,0.514287250198786,0.00604111468278354,0,0.451,0.043,0.506,0.1302
"7300",1,0.514287250198786,0.00604111468278354,0,0.451,0.043,0.506,0.1302
"7301",1,0.514287250198786,0.00604111468278354,0,0.451,0.043,0.506,0.1302
"7302",0.015625,0.514287250198786,0.00604111468278354,0,0.451,0.043,0.506,0.1302
"7303",1,0.514287250198786,0.00604111468278354,0,0.451,0.043,0.506,0.1302
"7304",1,0.514287250198786,0.00604111468278354,0,0.451,0.043,0.506,0.1302
"7305",0.17578125,0.514287250198786,0.00604111468278354,0,0.451,0.043,0.506,0.1302
"7306",0.03515625,0.514287250198786,0.00604111468278354,0,0.451,0.043,0.506,0.1302
"7307",0,0.514287250198786,0.00604111468278354,0,0.451,0.043,0.506,0.1302
"7308",1,0.514287250198786,0.00604111468278354,0,0.451,0.043,0.506,0.1302
"7309",0.015625,0.514287250198786,0.00604111468278354,0,0.451,0.043,0.506,0.1302
"7310",1,0.514287250198786,0.00604111468278354,0,0.451,0.043,0.506,0.1302
"7311",1,0.514287250198786,0.00604111468278354,0,0.451,0.043,0.506,0.1302
"7312",0.08203125,0.514287250198786,0.00604111468278354,0,0.451,0.043,0.506,0.1302
"7313",0.01171875,0.514287250198786,0.00604111468278354,0,0.451,0.043,0.506,0.1302
"7314",0.1875,0.514287250198786,0.00604111468278354,0,0.451,0.043,0.506,0.1302
"7315",0.03515625,0.514287250198786,0.00604111468278354,0,0.451,0.043,0.506,0.1302
"7316",1,0.514287250198786,0.00604111468278354,0,0.451,0.043,0.506,0.1302
"7317",1,0.514287250198786,0.00604111468278354,0,0.451,0.043,0.506,0.1302
"7318",1,0.514287250198786,0.00604111468278354,0,0.451,0.043,0.506,0.1302
"7319",0.15625,0.514287250198786,0.00604111468278354,0,0.451,0.043,0.506,0.1302
"7320",1,0.514287250198786,0.00604111468278354,0,0.451,0.043,0.506,0.1302
"7321",1,0.514287250198786,0.00604111468278354,0,0.451,0.043,0.506,0.1302
"7322",1,0.514287250198786,0.00604111468278354,0,0.451,0.043,0.506,0.1302
"7323",0.02734375,0.514287250198786,0.00604111468278354,0,0.451,0.043,0.506,0.1302
"7324",1,0.514287250198786,0.00604111468278354,0,0.451,0.043,0.506,0.1302
"7325",1,0.514287250198786,0.00604111468278354,0,0.451,0.043,0.506,0.1302
"7326",0.02734375,0.514287250198786,0.00604111468278354,0,0.451,0.043,0.506,0.1302
"7327",1,0.514287250198786,0.00604111468278354,0,0.451,0.043,0.506,0.1302
"7328",1,0.514287250198786,0.00604111468278354,0,0.451,0.043,0.506,0.1302
"7329",1,0.514287250198786,0.00604111468278354,0,0.451,0.043,0.506,0.1302
"7330",1,0.514287250198786,0.00604111468278354,0,0.451,0.043,0.506,0.1302
"7331",1,0.514287250198786,0.00604111468278354,0,0.451,0.043,0.506,0.1302
"7332",1,0.514287250198786,0.00604111468278354,0,0.451,0.043,0.506,0.1302
"7333",1,0.514287250198786,0.00604111468278354,0,0.451,0.043,0.506,0.1302
"7334",0.03125,0.514287250198786,0.00604111468278354,0,0.451,0.043,0.506,0.1302
"7335",0.06640625,0.514287250198786,0.00604111468278354,0,0.451,0.043,0.506,0.1302
"7336",0.01171875,0.514287250198786,0.00604111468278354,0,0.451,0.043,0.506,0.1302
"7337",1,0.514287250198786,0.00604111468278354,0,0.451,0.043,0.506,0.1302
"7338",0.00390625,0.514287250198786,0.00604111468278354,0,0.451,0.043,0.506,0.1302
"7339",1,0.514287250198786,0.00604111468278354,0,0.451,0.043,0.506,0.1302
"7340",0.015625,0.514287250198786,0.00604111468278354,0,0.451,0.043,0.506,0.1302
"7341",1,0.514287250198786,0.00604111468278354,0,0.451,0.043,0.506,0.1302
"7342",0.01953125,0.514287250198786,0.00604111468278354,0,0.451,0.043,0.506,0.1302
"7343",0.01171875,0.514287250198786,0.00604111468278354,0,0.451,0.043,0.506,0.1302
"7344",0.00390625,0.514287250198786,0.00604111468278354,0,0.451,0.043,0.506,0.1302
"7345",0.01171875,0.514287250198786,0.00604111468278354,0,0.451,0.043,0.506,0.1302
"7346",1,0.514287250198786,0.00604111468278354,0,0.451,0.043,0.506,0.1302
"7347",0.0234375,0.514287250198786,0.00604111468278354,0,0.451,0.043,0.506,0.1302
"7348",1,0.514287250198786,0.00604111468278354,0,0.451,0.043,0.506,0.1302
"7349",0.0078125,0.514287250198786,0.00604111468278354,0,0.451,0.043,0.506,0.1302
"7350",1,0.514287250198786,0.00604111468278354,0,0.451,0.043,0.506,0.1302
"7351",1,0.514287250198786,0.00604111468278354,0,0.451,0.043,0.506,0.1302
"7352",0.03125,0.514287250198786,0.00604111468278354,0,0.451,0.043,0.506,0.1302
"7353",1,0.514287250198786,0.00604111468278354,0,0.451,0.043,0.506,0.1302
"7354",0.015625,0.514287250198786,0.00604111468278354,0,0.451,0.043,0.506,0.1302
"7355",1,0.514287250198786,0.00604111468278354,0,0.451,0.043,0.506,0.1302
"7356",0.04296875,0.514287250198786,0.00604111468278354,0,0.451,0.043,0.506,0.1302
"7357",1,0.514287250198786,0.00604111468278354,0,0.451,0.043,0.506,0.1302
"7358",1,0.514287250198786,0.00604111468278354,0,0.451,0.043,0.506,0.1302
"7359",0.01171875,0.514287250198786,0.00604111468278354,0,0.451,0.043,0.506,0.1302
"7360",0.0390625,0.514287250198786,0.00604111468278354,0,0.451,0.043,0.506,0.1302
"7361",0.0078125,0.514287250198786,0.00604111468278354,0,0.451,0.043,0.506,0.1302
"7362",1,0.514287250198786,0.00604111468278354,0,0.451,0.043,0.506,0.1302
"7363",0.0078125,0.514287250198786,0.00604111468278354,0,0.451,0.043,0.506,0.1302
"7364",0.046875,0.514287250198786,0.00604111468278354,0,0.451,0.043,0.506,0.1302
"7365",1,0.514287250198786,0.00604111468278354,0,0.451,0.043,0.506,0.1302
"7366",1,0.514287250198786,0.00604111468278354,0,0.451,0.043,0.506,0.1302
"7367",0.05078125,0.514287250198786,0.00604111468278354,0,0.451,0.043,0.506,0.1302
"7368",1,0.514287250198786,0.00604111468278354,0,0.451,0.043,0.506,0.1302
"7369",0.01171875,0.514287250198786,0.00604111468278354,0,0.451,0.043,0.506,0.1302
"7370",0.078125,0.514287250198786,0.00604111468278354,0,0.451,0.043,0.506,0.1302
"7371",1,0.514287250198786,0.00604111468278354,0,0.451,0.043,0.506,0.1302
"7372",1,0.514287250198786,0.00604111468278354,0,0.451,0.043,0.506,0.1302
"7373",0.05078125,0.514287250198786,0.00604111468278354,0,0.451,0.043,0.506,0.1302
"7374",0,0.514287250198786,0.00604111468278354,0,0.451,0.043,0.506,0.1302
"7375",1,0.514287250198786,0.00604111468278354,0,0.451,0.043,0.506,0.1302
"7376",0.0703125,0.514287250198786,0.00604111468278354,0,0.451,0.043,0.506,0.1302
"7377",1,0.514287250198786,0.00604111468278354,0,0.451,0.043,0.506,0.1302
"7378",1,0.514287250198786,0.00604111468278354,0,0.451,0.043,0.506,0.1302
"7379",0.13671875,0.514287250198786,0.00604111468278354,0,0.451,0.043,0.506,0.1302
"7380",0.01171875,0.514287250198786,0.00604111468278354,0,0.451,0.043,0.506,0.1302
"7381",0.03515625,0.514287250198786,0.00604111468278354,0,0.451,0.043,0.506,0.1302
"7382",1,0.514287250198786,0.00604111468278354,0,0.451,0.043,0.506,0.1302
"7383",0.02734375,0.514287250198786,0.00604111468278354,0,0.451,0.043,0.506,0.1302
"7384",1,0.514287250198786,0.00604111468278354,0,0.451,0.043,0.506,0.1302
"7385",0.00390625,0.514287250198786,0.00604111468278354,0,0.451,0.043,0.506,0.1302
"7386",1,0.514287250198786,0.00604111468278354,0,0.451,0.043,0.506,0.1302
"7387",1,0.514287250198786,0.00604111468278354,0,0.451,0.043,0.506,0.1302
"7388",0.01953125,0.514287250198786,0.00604111468278354,0,0.451,0.043,0.506,0.1302
"7389",0.046875,0.514287250198786,0.00604111468278354,0,0.451,0.043,0.506,0.1302
"7390",1,0.514287250198786,0.00604111468278354,0,0.451,0.043,0.506,0.1302
"7391",1,0.514287250198786,0.00604111468278354,0,0.451,0.043,0.506,0.1302
"7392",0.02734375,0.514287250198786,0.00604111468278354,0,0.451,0.043,0.506,0.1302
"7393",0.01171875,0.514287250198786,0.00604111468278354,0,0.451,0.043,0.506,0.1302
"7394",0.01953125,0.514287250198786,0.00604111468278354,0,0.451,0.043,0.506,0.1302
"7395",1,0.514287250198786,0.00604111468278354,0,0.451,0.043,0.506,0.1302
"7396",1,0.514287250198786,0.00604111468278354,0,0.451,0.043,0.506,0.1302
"7397",1,0.514287250198786,0.00604111468278354,0,0.451,0.043,0.506,0.1302
"7398",1,0.514287250198786,0.00604111468278354,0,0.451,0.043,0.506,0.1302
"7399",0.015625,0.514287250198786,0.00604111468278354,0,0.451,0.043,0.506,0.1302
"7400",1,0.514287250198786,0.00604111468278354,0,0.451,0.043,0.506,0.1302
"7401",1,0.514287250198786,0.00604111468278354,0,0.451,0.043,0.506,0.1302
"7402",1,0.514287250198786,0.00604111468278354,0,0.451,0.043,0.506,0.1302
"7403",1,0.514287250198786,0.00604111468278354,0,0.451,0.043,0.506,0.1302
"7404",0.01171875,0.514287250198786,0.00604111468278354,0,0.451,0.043,0.506,0.1302
"7405",1,0.514287250198786,0.00604111468278354,0,0.451,0.043,0.506,0.1302
"7406",0,0.514287250198786,0.00604111468278354,0,0.451,0.043,0.506,0.1302
"7407",1,0.514287250198786,0.00604111468278354,0,0.451,0.043,0.506,0.1302
"7408",0.01171875,0.514287250198786,0.00604111468278354,0,0.451,0.043,0.506,0.1302
"7409",1,0.514287250198786,0.00604111468278354,0,0.451,0.043,0.506,0.1302
"7410",1,0.514287250198786,0.00604111468278354,0,0.451,0.043,0.506,0.1302
"7411",0.0078125,0.514287250198786,0.00604111468278354,0,0.451,0.043,0.506,0.1302
"7412",0.0234375,0.514287250198786,0.00604111468278354,0,0.451,0.043,0.506,0.1302
"7413",1,0.514287250198786,0.00604111468278354,0,0.451,0.043,0.506,0.1302
"7414",1,0.514287250198786,0.00604111468278354,0,0.451,0.043,0.506,0.1302
"7415",1,0.514287250198786,0.00604111468278354,0,0.451,0.043,0.506,0.1302
"7416",0.00390625,0.514287250198786,0.00604111468278354,0,0.451,0.043,0.506,0.1302
"7417",1,0.514287250198786,0.00604111468278354,0,0.451,0.043,0.506,0.1302
"7418",1,0.514287250198786,0.00604111468278354,0,0.451,0.043,0.506,0.1302
"7419",0.140625,0.514287250198786,0.00604111468278354,0,0.451,0.043,0.506,0.1302
"7420",1,0.514287250198786,0.00604111468278354,0,0.451,0.043,0.506,0.1302
"7421",1,0.514287250198786,0.00604111468278354,0,0.451,0.043,0.506,0.1302
"7422",0.01171875,0.514287250198786,0.00604111468278354,0,0.451,0.043,0.506,0.1302
"7423",0.01171875,0.514287250198786,0.00604111468278354,0,0.451,0.043,0.506,0.1302
"7424",0.046875,0.514287250198786,0.00604111468278354,0,0.451,0.043,0.506,0.1302
"7425",1,0.514287250198786,0.00604111468278354,0,0.451,0.043,0.506,0.1302
"7426",1,0.514287250198786,0.00604111468278354,0,0.451,0.043,0.506,0.1302
"7427",1,0.514287250198786,0.00604111468278354,0,0.451,0.043,0.506,0.1302
"7428",1,0.514287250198786,0.00604111468278354,0,0.451,0.043,0.506,0.1302
"7429",1,0.514287250198786,0.00604111468278354,0,0.451,0.043,0.506,0.1302
"7430",0.03515625,0.514287250198786,0.00604111468278354,0,0.451,0.043,0.506,0.1302
"7431",0.02734375,0.514287250198786,0.00604111468278354,0,0.451,0.043,0.506,0.1302
"7432",0.01953125,0.514287250198786,0.00604111468278354,0,0.451,0.043,0.506,0.1302
"7433",1,0.514287250198786,0.00604111468278354,0,0.451,0.043,0.506,0.1302
"7434",1,0.514287250198786,0.00604111468278354,0,0.451,0.043,0.506,0.1302
"7435",1,0.514287250198786,0.00604111468278354,0,0.451,0.043,0.506,0.1302
"7436",1,0.514287250198786,0.00604111468278354,0,0.451,0.043,0.506,0.1302
"7437",1,0.514287250198786,0.00604111468278354,0,0.451,0.043,0.506,0.1302
"7438",1,0.514287250198786,0.00604111468278354,0,0.451,0.043,0.506,0.1302
"7439",1,0.514287250198786,0.00604111468278354,0,0.451,0.043,0.506,0.1302
"7440",1,0.514287250198786,0.00604111468278354,0,0.451,0.043,0.506,0.1302
"7441",0.02734375,0.514287250198786,0.00604111468278354,0,0.451,0.043,0.506,0.1302
"7442",0.01171875,0.514287250198786,0.00604111468278354,0,0.451,0.043,0.506,0.1302
"7443",1,0.514287250198786,0.00604111468278354,0,0.451,0.043,0.506,0.1302
"7444",0.17578125,0.514287250198786,0.00604111468278354,0,0.451,0.043,0.506,0.1302
"7445",1,0.514287250198786,0.00604111468278354,0,0.451,0.043,0.506,0.1302
"7446",1,0.514287250198786,0.00604111468278354,0,0.451,0.043,0.506,0.1302
"7447",1,0.514287250198786,0.00604111468278354,0,0.451,0.043,0.506,0.1302
"7448",1,0.514287250198786,0.00604111468278354,0,0.451,0.043,0.506,0.1302
"7449",1,0.514287250198786,0.00604111468278354,0,0.451,0.043,0.506,0.1302
"7450",1,0.514287250198786,0.00604111468278354,0,0.451,0.043,0.506,0.1302
"7451",1,0.514287250198786,0.00604111468278354,0,0.451,0.043,0.506,0.1302
"7452",1,0.514287250198786,0.00604111468278354,0,0.451,0.043,0.506,0.1302
"7453",0.0234375,0.514287250198786,0.00604111468278354,0,0.451,0.043,0.506,0.1302
"7454",0.01171875,0.514287250198786,0.00604111468278354,0,0.451,0.043,0.506,0.1302
"7455",1,0.514287250198786,0.00604111468278354,0,0.451,0.043,0.506,0.1302
"7456",0.00390625,0.514287250198786,0.00604111468278354,0,0.451,0.043,0.506,0.1302
"7457",0.015625,0.514287250198786,0.00604111468278354,0,0.451,0.043,0.506,0.1302
"7458",0.015625,0.514287250198786,0.00604111468278354,0,0.451,0.043,0.506,0.1302
"7459",1,0.514287250198786,0.00604111468278354,0,0.451,0.043,0.506,0.1302
"7460",1,0.514287250198786,0.00604111468278354,0,0.451,0.043,0.506,0.1302
"7461",0.0078125,0.514287250198786,0.00604111468278354,0,0.451,0.043,0.506,0.1302
"7462",1,0.514287250198786,0.00604111468278354,0,0.451,0.043,0.506,0.1302
"7463",1,0.514287250198786,0.00604111468278354,0,0.451,0.043,0.506,0.1302
"7464",0.07421875,0.514287250198786,0.00604111468278354,0,0.451,0.043,0.506,0.1302
"7465",0.0390625,0.514287250198786,0.00604111468278354,0,0.451,0.043,0.506,0.1302
"7466",1,0.514287250198786,0.00604111468278354,0,0.451,0.043,0.506,0.1302
"7467",1,0.514287250198786,0.00604111468278354,0,0.451,0.043,0.506,0.1302
"7468",0.0234375,0.514287250198786,0.00604111468278354,0,0.451,0.043,0.506,0.1302
"7469",1,0.514287250198786,0.00604111468278354,0,0.451,0.043,0.506,0.1302
"7470",1,0.514287250198786,0.00604111468278354,0,0.451,0.043,0.506,0.1302
"7471",1,0.514287250198786,0.00604111468278354,0,0.451,0.043,0.506,0.1302
"7472",1,0.514287250198786,0.00604111468278354,0,0.451,0.043,0.506,0.1302
"7473",0.09375,0.514287250198786,0.00604111468278354,0,0.451,0.043,0.506,0.1302
"7474",0.078125,0.514287250198786,0.00604111468278354,0,0.451,0.043,0.506,0.1302
"7475",0.015625,0.514287250198786,0.00604111468278354,0,0.451,0.043,0.506,0.1302
"7476",1,0.514287250198786,0.00604111468278354,0,0.451,0.043,0.506,0.1302
"7477",0.03125,0.514287250198786,0.00604111468278354,0,0.451,0.043,0.506,0.1302
"7478",0.02734375,0.514287250198786,0.00604111468278354,0,0.451,0.043,0.506,0.1302
"7479",1,0.514287250198786,0.00604111468278354,0,0.451,0.043,0.506,0.1302
"7480",1,0.514287250198786,0.00604111468278354,0,0.451,0.043,0.506,0.1302
"7481",0,0.514287250198786,0.00604111468278354,0,0.451,0.043,0.506,0.1302
"7482",0.02734375,0.514287250198786,0.00604111468278354,0,0.451,0.043,0.506,0.1302
"7483",1,0.514287250198786,0.00604111468278354,0,0.451,0.043,0.506,0.1302
"7484",0.00390625,0.514287250198786,0.00604111468278354,0,0.451,0.043,0.506,0.1302
"7485",0.11328125,0.514287250198786,0.00604111468278354,0,0.451,0.043,0.506,0.1302
"7486",1,0.514287250198786,0.00604111468278354,0,0.451,0.043,0.506,0.1302
"7487",1,0.514287250198786,0.00604111468278354,0,0.451,0.043,0.506,0.1302
"7488",1,0.514287250198786,0.00604111468278354,0,0.451,0.043,0.506,0.1302
"7489",1,0.514287250198786,0.00604111468278354,0,0.451,0.043,0.506,0.1302
"7490",1,0.514287250198786,0.00604111468278354,0,0.451,0.043,0.506,0.1302
"7491",0.01953125,0.514287250198786,0.00604111468278354,0,0.451,0.043,0.506,0.1302
"7492",0.13671875,0.514287250198786,0.00604111468278354,0,0.451,0.043,0.506,0.1302
"7493",0.5,0.514287250198786,0.00604111468278354,0,0.451,0.043,0.506,0.1302
"7494",1,0.514287250198786,0.00604111468278354,0,0.451,0.043,0.506,0.1302
"7495",0.2578125,0.514287250198786,0.00604111468278354,0,0.451,0.043,0.506,0.1302
"7496",1,0.514287250198786,0.00604111468278354,0,0.451,0.043,0.506,0.1302
"7497",0.01171875,0.514287250198786,0.00604111468278354,0,0.451,0.043,0.506,0.1302
"7498",0.0078125,0.514287250198786,0.00604111468278354,0,0.451,0.043,0.506,0.1302
"7499",0.04296875,0.514287250198786,0.00604111468278354,0,0.451,0.043,0.506,0.1302
"7500",1,0.514287250198786,0.00604111468278354,0,0.451,0.043,0.506,0.1302
"7501",1,0.514287250198786,0.00604111468278354,0,0.451,0.043,0.506,0.1302
"7502",0.0859375,0.514287250198786,0.00604111468278354,0,0.451,0.043,0.506,0.1302
"7503",0.0078125,0.514287250198786,0.00604111468278354,0,0.451,0.043,0.506,0.1302
"7504",0.00390625,0.514287250198786,0.00604111468278354,0,0.451,0.043,0.506,0.1302
"7505",1,0.514287250198786,0.00604111468278354,0,0.451,0.043,0.506,0.1302
"7506",0.00390625,0.514287250198786,0.00604111468278354,0,0.451,0.043,0.506,0.1302
"7507",0.0234375,0.514287250198786,0.00604111468278354,0,0.451,0.043,0.506,0.1302
"7508",1,0.514287250198786,0.00604111468278354,0,0.451,0.043,0.506,0.1302
"7509",0.0703125,0.514287250198786,0.00604111468278354,0,0.451,0.043,0.506,0.1302
"7510",0.0859375,0.514287250198786,0.00604111468278354,0,0.451,0.043,0.506,0.1302
"7511",0.04296875,0.514287250198786,0.00604111468278354,0,0.451,0.043,0.506,0.1302
"7512",0.01171875,0.514287250198786,0.00604111468278354,0,0.451,0.043,0.506,0.1302
"7513",0.08203125,0.514287250198786,0.00604111468278354,0,0.451,0.043,0.506,0.1302
"7514",0.00390625,0.514287250198786,0.00604111468278354,0,0.451,0.043,0.506,0.1302
"7515",1,0.514287250198786,0.00604111468278354,0,0.451,0.043,0.506,0.1302
"7516",0.0078125,0.514287250198786,0.00604111468278354,0,0.451,0.043,0.506,0.1302
"7517",1,0.514287250198786,0.00604111468278354,0,0.451,0.043,0.506,0.1302
"7518",0.00390625,0.514287250198786,0.00604111468278354,0,0.451,0.043,0.506,0.1302
"7519",1,0.514287250198786,0.00604111468278354,0,0.451,0.043,0.506,0.1302
"7520",0.01171875,0.514287250198786,0.00604111468278354,0,0.451,0.043,0.506,0.1302
"7521",0.0078125,0.514287250198786,0.00604111468278354,0,0.451,0.043,0.506,0.1302
"7522",1,0.514287250198786,0.00604111468278354,0,0.451,0.043,0.506,0.1302
"7523",1,0.514287250198786,0.00604111468278354,0,0.451,0.043,0.506,0.1302
"7524",1,0.514287250198786,0.00604111468278354,0,0.451,0.043,0.506,0.1302
"7525",1,0.514287250198786,0.00604111468278354,0,0.451,0.043,0.506,0.1302
"7526",0.0078125,0.514287250198786,0.00604111468278354,0,0.451,0.043,0.506,0.1302
"7527",1,0.514287250198786,0.00604111468278354,0,0.451,0.043,0.506,0.1302
"7528",1,0.514287250198786,0.00604111468278354,0,0.451,0.043,0.506,0.1302
"7529",1,0.514287250198786,0.00604111468278354,0,0.451,0.043,0.506,0.1302
"7530",0.04296875,0.514287250198786,0.00604111468278354,0,0.451,0.043,0.506,0.1302
"7531",0.0234375,0.514287250198786,0.00604111468278354,0,0.451,0.043,0.506,0.1302
"7532",1,0.514287250198786,0.00604111468278354,0,0.451,0.043,0.506,0.1302
"7533",0.05078125,0.514287250198786,0.00604111468278354,0,0.451,0.043,0.506,0.1302
"7534",0.05078125,0.514287250198786,0.00604111468278354,0,0.451,0.043,0.506,0.1302
"7535",0,0.514287250198786,0.00604111468278354,0,0.451,0.043,0.506,0.1302
"7536",0.0390625,0.514287250198786,0.00604111468278354,0,0.451,0.043,0.506,0.1302
"7537",0.0234375,0.514287250198786,0.00604111468278354,0,0.451,0.043,0.506,0.1302
"7538",0.015625,0.514287250198786,0.00604111468278354,0,0.451,0.043,0.506,0.1302
"7539",0.015625,0.514287250198786,0.00604111468278354,0,0.451,0.043,0.506,0.1302
"7540",0.01171875,0.514287250198786,0.00604111468278354,0,0.451,0.043,0.506,0.1302
"7541",0.01953125,0.514287250198786,0.00604111468278354,0,0.451,0.043,0.506,0.1302
"7542",1,0.514287250198786,0.00604111468278354,0,0.451,0.043,0.506,0.1302
"7543",0.02734375,0.514287250198786,0.00604111468278354,0,0.451,0.043,0.506,0.1302
"7544",0.01171875,0.514287250198786,0.00604111468278354,0,0.451,0.043,0.506,0.1302
"7545",0.05078125,0.514287250198786,0.00604111468278354,0,0.451,0.043,0.506,0.1302
"7546",0.00390625,0.514287250198786,0.00604111468278354,0,0.451,0.043,0.506,0.1302
"7547",1,0.514287250198786,0.00604111468278354,0,0.451,0.043,0.506,0.1302
"7548",0.0703125,0.514287250198786,0.00604111468278354,0,0.451,0.043,0.506,0.1302
"7549",0.0234375,0.514287250198786,0.00604111468278354,0,0.451,0.043,0.506,0.1302
"7550",1,0.514287250198786,0.00604111468278354,0,0.451,0.043,0.506,0.1302
"7551",1,0.514287250198786,0.00604111468278354,0,0.451,0.043,0.506,0.1302
"7552",0.03515625,0.514287250198786,0.00604111468278354,0,0.451,0.043,0.506,0.1302
"7553",0.15234375,0.514287250198786,0.00604111468278354,0,0.451,0.043,0.506,0.1302
"7554",1,0.514287250198786,0.00604111468278354,0,0.451,0.043,0.506,0.1302
"7555",0.0390625,0.514287250198786,0.00604111468278354,0,0.451,0.043,0.506,0.1302
"7556",0.00390625,0.514287250198786,0.00604111468278354,0,0.451,0.043,0.506,0.1302
"7557",0.046875,0.514287250198786,0.00604111468278354,0,0.451,0.043,0.506,0.1302
"7558",1,0.514287250198786,0.00604111468278354,0,0.451,0.043,0.506,0.1302
"7559",1,0.514287250198786,0.00604111468278354,0,0.451,0.043,0.506,0.1302
"7560",0.0390625,0.514287250198786,0.00604111468278354,0,0.451,0.043,0.506,0.1302
"7561",0.13671875,0.514287250198786,0.00604111468278354,0,0.451,0.043,0.506,0.1302
"7562",0.01171875,0.514287250198786,0.00604111468278354,0,0.451,0.043,0.506,0.1302
"7563",0.01953125,0.514287250198786,0.00604111468278354,0,0.451,0.043,0.506,0.1302
"7564",0.0234375,0.514287250198786,0.00604111468278354,0,0.451,0.043,0.506,0.1302
"7565",1,0.514287250198786,0.00604111468278354,0,0.451,0.043,0.506,0.1302
"7566",1,0.514287250198786,0.00604111468278354,0,0.451,0.043,0.506,0.1302
"7567",0.02734375,0.514287250198786,0.00604111468278354,0,0.451,0.043,0.506,0.1302
"7568",1,0.514287250198786,0.00604111468278354,0,0.451,0.043,0.506,0.1302
"7569",1,0.514287250198786,0.00604111468278354,0,0.451,0.043,0.506,0.1302
"7570",0.01953125,0.514287250198786,0.00604111468278354,0,0.451,0.043,0.506,0.1302
"7571",1,0.514287250198786,0.00604111468278354,0,0.451,0.043,0.506,0.1302
"7572",1,0.514287250198786,0.00604111468278354,0,0.451,0.043,0.506,0.1302
"7573",0.01171875,0.514287250198786,0.00604111468278354,0,0.451,0.043,0.506,0.1302
"7574",0.015625,0.514287250198786,0.00604111468278354,0,0.451,0.043,0.506,0.1302
"7575",1,0.514287250198786,0.00604111468278354,0,0.451,0.043,0.506,0.1302
"7576",1,0.514287250198786,0.00604111468278354,0,0.451,0.043,0.506,0.1302
"7577",0.01171875,0.514287250198786,0.00604111468278354,0,0.451,0.043,0.506,0.1302
"7578",0.1484375,0.514287250198786,0.00604111468278354,0,0.451,0.043,0.506,0.1302
"7579",0.046875,0.514287250198786,0.00604111468278354,0,0.451,0.043,0.506,0.1302
"7580",0.03125,0.514287250198786,0.00604111468278354,0,0.451,0.043,0.506,0.1302
"7581",1,0.514287250198786,0.00604111468278354,0,0.451,0.043,0.506,0.1302
"7582",1,0.514287250198786,0.00604111468278354,0,0.451,0.043,0.506,0.1302
"7583",1,0.514287250198786,0.00604111468278354,0,0.451,0.043,0.506,0.1302
"7584",1,0.514287250198786,0.00604111468278354,0,0.451,0.043,0.506,0.1302
"7585",0.015625,0.514287250198786,0.00604111468278354,0,0.451,0.043,0.506,0.1302
"7586",1,0.514287250198786,0.00604111468278354,0,0.451,0.043,0.506,0.1302
"7587",0.0234375,0.514287250198786,0.00604111468278354,0,0.451,0.043,0.506,0.1302
"7588",0.0234375,0.514287250198786,0.00604111468278354,0,0.451,0.043,0.506,0.1302
"7589",0.01171875,0.514287250198786,0.00604111468278354,0,0.451,0.043,0.506,0.1302
"7590",1,0.514287250198786,0.00604111468278354,0,0.451,0.043,0.506,0.1302
"7591",0.046875,0.514287250198786,0.00604111468278354,0,0.451,0.043,0.506,0.1302
"7592",1,0.514287250198786,0.00604111468278354,0,0.451,0.043,0.506,0.1302
"7593",0.015625,0.514287250198786,0.00604111468278354,0,0.451,0.043,0.506,0.1302
"7594",0.0546875,0.514287250198786,0.00604111468278354,0,0.451,0.043,0.506,0.1302
"7595",0,0.514287250198786,0.00604111468278354,0,0.451,0.043,0.506,0.1302
"7596",1,0.514287250198786,0.00604111468278354,0,0.451,0.043,0.506,0.1302
"7597",0.05859375,0.514287250198786,0.00604111468278354,0,0.451,0.043,0.506,0.1302
"7598",1,0.514287250198786,0.00604111468278354,0,0.451,0.043,0.506,0.1302
"7599",1,0.514287250198786,0.00604111468278354,0,0.451,0.043,0.506,0.1302
"7600",0.39453125,0.514287250198786,0.00604111468278354,0,0.451,0.043,0.506,0.1302
"7601",0.01953125,0.514287250198786,0.00604111468278354,0,0.451,0.043,0.506,0.1302
"7602",1,0.514287250198786,0.00604111468278354,0,0.451,0.043,0.506,0.1302
"7603",1,0.514287250198786,0.00604111468278354,0,0.451,0.043,0.506,0.1302
"7604",0.0625,0.514287250198786,0.00604111468278354,0,0.451,0.043,0.506,0.1302
"7605",1,0.514287250198786,0.00604111468278354,0,0.451,0.043,0.506,0.1302
"7606",1,0.514287250198786,0.00604111468278354,0,0.451,0.043,0.506,0.1302
"7607",0.0703125,0.514287250198786,0.00604111468278354,0,0.451,0.043,0.506,0.1302
"7608",1,0.514287250198786,0.00604111468278354,0,0.451,0.043,0.506,0.1302
"7609",0.015625,0.514287250198786,0.00604111468278354,0,0.451,0.043,0.506,0.1302
"7610",0.00390625,0.514287250198786,0.00604111468278354,0,0.451,0.043,0.506,0.1302
"7611",1,0.514287250198786,0.00604111468278354,0,0.451,0.043,0.506,0.1302
"7612",0.0234375,0.514287250198786,0.00604111468278354,0,0.451,0.043,0.506,0.1302
"7613",0.015625,0.514287250198786,0.00604111468278354,0,0.451,0.043,0.506,0.1302
"7614",0.04296875,0.514287250198786,0.00604111468278354,0,0.451,0.043,0.506,0.1302
"7615",0.01953125,0.514287250198786,0.00604111468278354,0,0.451,0.043,0.506,0.1302
"7616",0.00390625,0.514287250198786,0.00604111468278354,0,0.451,0.043,0.506,0.1302
"7617",1,0.514287250198786,0.00604111468278354,0,0.451,0.043,0.506,0.1302
"7618",0.046875,0.514287250198786,0.00604111468278354,0,0.451,0.043,0.506,0.1302
"7619",0.078125,0.514287250198786,0.00604111468278354,0,0.451,0.043,0.506,0.1302
"7620",1,0.514287250198786,0.00604111468278354,0,0.451,0.043,0.506,0.1302
"7621",1,0.514287250198786,0.00604111468278354,0,0.451,0.043,0.506,0.1302
"7622",1,0.514287250198786,0.00604111468278354,0,0.451,0.043,0.506,0.1302
"7623",0.0390625,0.514287250198786,0.00604111468278354,0,0.451,0.043,0.506,0.1302
"7624",0,0.514287250198786,0.00604111468278354,0,0.451,0.043,0.506,0.1302
"7625",0.015625,0.514287250198786,0.00604111468278354,0,0.451,0.043,0.506,0.1302
"7626",1,0.514287250198786,0.00604111468278354,0,0.451,0.043,0.506,0.1302
"7627",0.00390625,0.514287250198786,0.00604111468278354,0,0.451,0.043,0.506,0.1302
"7628",1,0.514287250198786,0.00604111468278354,0,0.451,0.043,0.506,0.1302
"7629",0.0625,0.514287250198786,0.00604111468278354,0,0.451,0.043,0.506,0.1302
"7630",1,0.514287250198786,0.00604111468278354,0,0.451,0.043,0.506,0.1302
"7631",1,0.514287250198786,0.00604111468278354,0,0.451,0.043,0.506,0.1302
"7632",0.50390625,0.514287250198786,0.00604111468278354,0,0.451,0.043,0.506,0.1302
"7633",0.00390625,0.514287250198786,0.00604111468278354,0,0.451,0.043,0.506,0.1302
"7634",0,0.514287250198786,0.00604111468278354,0,0.451,0.043,0.506,0.1302
"7635",0.0234375,0.514287250198786,0.00604111468278354,0,0.451,0.043,0.506,0.1302
"7636",1,0.514287250198786,0.00604111468278354,0,0.451,0.043,0.506,0.1302
"7637",0.02734375,0.514287250198786,0.00604111468278354,0,0.451,0.043,0.506,0.1302
"7638",1,0.514287250198786,0.00604111468278354,0,0.451,0.043,0.506,0.1302
"7639",0.07421875,0.514287250198786,0.00604111468278354,0,0.451,0.043,0.506,0.1302
"7640",0.015625,0.514287250198786,0.00604111468278354,0,0.451,0.043,0.506,0.1302
"7641",0.015625,0.514287250198786,0.00604111468278354,0,0.451,0.043,0.506,0.1302
"7642",0.01171875,0.514287250198786,0.00604111468278354,0,0.451,0.043,0.506,0.1302
"7643",0.0078125,0.514287250198786,0.00604111468278354,0,0.451,0.043,0.506,0.1302
"7644",1,0.514287250198786,0.00604111468278354,0,0.451,0.043,0.506,0.1302
"7645",1,0.514287250198786,0.00604111468278354,0,0.451,0.043,0.506,0.1302
"7646",0.02734375,0.514287250198786,0.00604111468278354,0,0.451,0.043,0.506,0.1302
"7647",1,0.514287250198786,0.00604111468278354,0,0.451,0.043,0.506,0.1302
"7648",1,0.514287250198786,0.00604111468278354,0,0.451,0.043,0.506,0.1302
"7649",1,0.514287250198786,0.00604111468278354,0,0.451,0.043,0.506,0.1302
"7650",1,0.514287250198786,0.00604111468278354,0,0.451,0.043,0.506,0.1302
"7651",1,0.514287250198786,0.00604111468278354,0,0.451,0.043,0.506,0.1302
"7652",0.015625,0.514287250198786,0.00604111468278354,0,0.451,0.043,0.506,0.1302
"7653",1,0.514287250198786,0.00604111468278354,0,0.451,0.043,0.506,0.1302
"7654",1,0.514287250198786,0.00604111468278354,0,0.451,0.043,0.506,0.1302
"7655",0.01171875,0.514287250198786,0.00604111468278354,0,0.451,0.043,0.506,0.1302
"7656",0.25390625,0.514287250198786,0.00604111468278354,0,0.451,0.043,0.506,0.1302
"7657",0.015625,0.514287250198786,0.00604111468278354,0,0.451,0.043,0.506,0.1302
"7658",0.12890625,0.514287250198786,0.00604111468278354,0,0.451,0.043,0.506,0.1302
"7659",1,0.514287250198786,0.00604111468278354,0,0.451,0.043,0.506,0.1302
"7660",1,0.514287250198786,0.00604111468278354,0,0.451,0.043,0.506,0.1302
"7661",0.01171875,0.514287250198786,0.00604111468278354,0,0.451,0.043,0.506,0.1302
"7662",0.1796875,0.514287250198786,0.00604111468278354,0,0.451,0.043,0.506,0.1302
"7663",0.05078125,0.514287250198786,0.00604111468278354,0,0.451,0.043,0.506,0.1302
"7664",1,0.514287250198786,0.00604111468278354,0,0.451,0.043,0.506,0.1302
"7665",0.0234375,0.514287250198786,0.00604111468278354,0,0.451,0.043,0.506,0.1302
"7666",1,0.514287250198786,0.00604111468278354,0,0.451,0.043,0.506,0.1302
"7667",0,0.514287250198786,0.00604111468278354,0,0.451,0.043,0.506,0.1302
"7668",0,0.514287250198786,0.00604111468278354,0,0.451,0.043,0.506,0.1302
"7669",0.0234375,0.514287250198786,0.00604111468278354,0,0.451,0.043,0.506,0.1302
"7670",1,0.514287250198786,0.00604111468278354,0,0.451,0.043,0.506,0.1302
"7671",1,0.514287250198786,0.00604111468278354,0,0.451,0.043,0.506,0.1302
"7672",0.0390625,0.514287250198786,0.00604111468278354,0,0.451,0.043,0.506,0.1302
"7673",0.0078125,0.514287250198786,0.00604111468278354,0,0.451,0.043,0.506,0.1302
"7674",1,0.514287250198786,0.00604111468278354,0,0.451,0.043,0.506,0.1302
"7675",0.03125,0.514287250198786,0.00604111468278354,0,0.451,0.043,0.506,0.1302
"7676",0.0546875,0.514287250198786,0.00604111468278354,0,0.451,0.043,0.506,0.1302
"7677",1,0.514287250198786,0.00604111468278354,0,0.451,0.043,0.506,0.1302
"7678",1,0.514287250198786,0.00604111468278354,0,0.451,0.043,0.506,0.1302
"7679",1,0.514287250198786,0.00604111468278354,0,0.451,0.043,0.506,0.1302
"7680",1,0.514287250198786,0.00604111468278354,0,0.451,0.043,0.506,0.1302
"7681",0.0078125,0.514287250198786,0.00604111468278354,0,0.451,0.043,0.506,0.1302
"7682",1,0.514287250198786,0.00604111468278354,0,0.451,0.043,0.506,0.1302
"7683",0.02734375,0.514287250198786,0.00604111468278354,0,0.451,0.043,0.506,0.1302
"7684",0.04296875,0.514287250198786,0.00604111468278354,0,0.451,0.043,0.506,0.1302
"7685",1,0.514287250198786,0.00604111468278354,0,0.451,0.043,0.506,0.1302
"7686",0.0390625,0.514287250198786,0.00604111468278354,0,0.451,0.043,0.506,0.1302
"7687",1,0.514287250198786,0.00604111468278354,0,0.451,0.043,0.506,0.1302
"7688",1,0.514287250198786,0.00604111468278354,0,0.451,0.043,0.506,0.1302
"7689",0.5078125,0.514287250198786,0.00604111468278354,0,0.451,0.043,0.506,0.1302
"7690",0.046875,0.514287250198786,0.00604111468278354,0,0.451,0.043,0.506,0.1302
"7691",0.02734375,0.514287250198786,0.00604111468278354,0,0.451,0.043,0.506,0.1302
"7692",0.015625,0.514287250198786,0.00604111468278354,0,0.451,0.043,0.506,0.1302
"7693",0.03125,0.514287250198786,0.00604111468278354,0,0.451,0.043,0.506,0.1302
"7694",0.06640625,0.514287250198786,0.00604111468278354,0,0.451,0.043,0.506,0.1302
"7695",0.046875,0.514287250198786,0.00604111468278354,0,0.451,0.043,0.506,0.1302
"7696",1,0.514287250198786,0.00604111468278354,0,0.451,0.043,0.506,0.1302
"7697",1,0.514287250198786,0.00604111468278354,0,0.451,0.043,0.506,0.1302
"7698",1,0.514287250198786,0.00604111468278354,0,0.451,0.043,0.506,0.1302
"7699",0,0.514287250198786,0.00604111468278354,0,0.451,0.043,0.506,0.1302
"7700",0.03515625,0.514287250198786,0.00604111468278354,0,0.451,0.043,0.506,0.1302
"7701",1,0.514287250198786,0.00604111468278354,0,0.451,0.043,0.506,0.1302
"7702",1,0.514287250198786,0.00604111468278354,0,0.451,0.043,0.506,0.1302
"7703",0.00390625,0.514287250198786,0.00604111468278354,0,0.451,0.043,0.506,0.1302
"7704",0.0078125,0.514287250198786,0.00604111468278354,0,0.451,0.043,0.506,0.1302
"7705",0.03515625,0.514287250198786,0.00604111468278354,0,0.451,0.043,0.506,0.1302
"7706",1,0.514287250198786,0.00604111468278354,0,0.451,0.043,0.506,0.1302
"7707",0.015625,0.514287250198786,0.00604111468278354,0,0.451,0.043,0.506,0.1302
"7708",1,0.514287250198786,0.00604111468278354,0,0.451,0.043,0.506,0.1302
"7709",0.140625,0.514287250198786,0.00604111468278354,0,0.451,0.043,0.506,0.1302
"7710",1,0.514287250198786,0.00604111468278354,0,0.451,0.043,0.506,0.1302
"7711",0.00390625,0.514287250198786,0.00604111468278354,0,0.451,0.043,0.506,0.1302
"7712",0.0078125,0.514287250198786,0.00604111468278354,0,0.451,0.043,0.506,0.1302
"7713",0.07421875,0.514287250198786,0.00604111468278354,0,0.451,0.043,0.506,0.1302
"7714",1,0.514287250198786,0.00604111468278354,0,0.451,0.043,0.506,0.1302
"7715",1,0.514287250198786,0.00604111468278354,0,0.451,0.043,0.506,0.1302
"7716",0.00390625,0.514287250198786,0.00604111468278354,0,0.451,0.043,0.506,0.1302
"7717",1,0.514287250198786,0.00604111468278354,0,0.451,0.043,0.506,0.1302
"7718",0.09765625,0.514287250198786,0.00604111468278354,0,0.451,0.043,0.506,0.1302
"7719",1,0.514287250198786,0.00604111468278354,0,0.451,0.043,0.506,0.1302
"7720",1,0.514287250198786,0.00604111468278354,0,0.451,0.043,0.506,0.1302
"7721",0.109375,0.514287250198786,0.00604111468278354,0,0.451,0.043,0.506,0.1302
"7722",1,0.514287250198786,0.00604111468278354,0,0.451,0.043,0.506,0.1302
"7723",0.0234375,0.514287250198786,0.00604111468278354,0,0.451,0.043,0.506,0.1302
"7724",0.015625,0.514287250198786,0.00604111468278354,0,0.451,0.043,0.506,0.1302
"7725",1,0.514287250198786,0.00604111468278354,0,0.451,0.043,0.506,0.1302
"7726",1,0.514287250198786,0.00604111468278354,0,0.451,0.043,0.506,0.1302
"7727",1,0.514287250198786,0.00604111468278354,0,0.451,0.043,0.506,0.1302
"7728",1,0.514287250198786,0.00604111468278354,0,0.451,0.043,0.506,0.1302
"7729",0.0546875,0.514287250198786,0.00604111468278354,0,0.451,0.043,0.506,0.1302
"7730",1,0.514287250198786,0.00604111468278354,0,0.451,0.043,0.506,0.1302
"7731",1,0.514287250198786,0.00604111468278354,0,0.451,0.043,0.506,0.1302
"7732",1,0.514287250198786,0.00604111468278354,0,0.451,0.043,0.506,0.1302
"7733",1,0.514287250198786,0.00604111468278354,0,0.451,0.043,0.506,0.1302
"7734",1,0.514287250198786,0.00604111468278354,0,0.451,0.043,0.506,0.1302
"7735",0.1015625,0.514287250198786,0.00604111468278354,0,0.451,0.043,0.506,0.1302
"7736",1,0.514287250198786,0.00604111468278354,0,0.451,0.043,0.506,0.1302
"7737",1,0.514287250198786,0.00604111468278354,0,0.451,0.043,0.506,0.1302
"7738",1,0.514287250198786,0.00604111468278354,0,0.451,0.043,0.506,0.1302
"7739",1,0.514287250198786,0.00604111468278354,0,0.451,0.043,0.506,0.1302
"7740",0.17578125,0.514287250198786,0.00604111468278354,0,0.451,0.043,0.506,0.1302
"7741",1,0.514287250198786,0.00604111468278354,0,0.451,0.043,0.506,0.1302
"7742",0.0078125,0.514287250198786,0.00604111468278354,0,0.451,0.043,0.506,0.1302
"7743",1,0.514287250198786,0.00604111468278354,0,0.451,0.043,0.506,0.1302
"7744",1,0.514287250198786,0.00604111468278354,0,0.451,0.043,0.506,0.1302
"7745",1,0.514287250198786,0.00604111468278354,0,0.451,0.043,0.506,0.1302
"7746",1,0.514287250198786,0.00604111468278354,0,0.451,0.043,0.506,0.1302
"7747",1,0.514287250198786,0.00604111468278354,0,0.451,0.043,0.506,0.1302
"7748",0.03125,0.514287250198786,0.00604111468278354,0,0.451,0.043,0.506,0.1302
"7749",0.046875,0.514287250198786,0.00604111468278354,0,0.451,0.043,0.506,0.1302
"7750",0.03515625,0.514287250198786,0.00604111468278354,0,0.451,0.043,0.506,0.1302
"7751",1,0.514287250198786,0.00604111468278354,0,0.451,0.043,0.506,0.1302
"7752",0.02734375,0.514287250198786,0.00604111468278354,0,0.451,0.043,0.506,0.1302
"7753",1,0.514287250198786,0.00604111468278354,0,0.451,0.043,0.506,0.1302
"7754",1,0.514287250198786,0.00604111468278354,0,0.451,0.043,0.506,0.1302
"7755",1,0.514287250198786,0.00604111468278354,0,0.451,0.043,0.506,0.1302
"7756",1,0.514287250198786,0.00604111468278354,0,0.451,0.043,0.506,0.1302
"7757",0.0546875,0.514287250198786,0.00604111468278354,0,0.451,0.043,0.506,0.1302
"7758",0.11328125,0.514287250198786,0.00604111468278354,0,0.451,0.043,0.506,0.1302
"7759",0.08203125,0.514287250198786,0.00604111468278354,0,0.451,0.043,0.506,0.1302
"7760",0.01953125,0.514287250198786,0.00604111468278354,0,0.451,0.043,0.506,0.1302
"7761",0.09375,0.514287250198786,0.00604111468278354,0,0.451,0.043,0.506,0.1302
"7762",1,0.514287250198786,0.00604111468278354,0,0.451,0.043,0.506,0.1302
"7763",1,0.514287250198786,0.00604111468278354,0,0.451,0.043,0.506,0.1302
"7764",0.19921875,0.514287250198786,0.00604111468278354,0,0.451,0.043,0.506,0.1302
"7765",0.03515625,0.514287250198786,0.00604111468278354,0,0.451,0.043,0.506,0.1302
"7766",1,0.514287250198786,0.00604111468278354,0,0.451,0.043,0.506,0.1302
"7767",1,0.514287250198786,0.00604111468278354,0,0.451,0.043,0.506,0.1302
"7768",1,0.514287250198786,0.00604111468278354,0,0.451,0.043,0.506,0.1302
"7769",0.01953125,0.514287250198786,0.00604111468278354,0,0.451,0.043,0.506,0.1302
"7770",1,0.514287250198786,0.00604111468278354,0,0.451,0.043,0.506,0.1302
"7771",0.0703125,0.514287250198786,0.00604111468278354,0,0.451,0.043,0.506,0.1302
"7772",1,0.514287250198786,0.00604111468278354,0,0.451,0.043,0.506,0.1302
"7773",0.06640625,0.514287250198786,0.00604111468278354,0,0.451,0.043,0.506,0.1302
"7774",1,0.514287250198786,0.00604111468278354,0,0.451,0.043,0.506,0.1302
"7775",0.02734375,0.514287250198786,0.00604111468278354,0,0.451,0.043,0.506,0.1302
"7776",1,0.514287250198786,0.00604111468278354,0,0.451,0.043,0.506,0.1302
"7777",0.12890625,0.514287250198786,0.00604111468278354,0,0.451,0.043,0.506,0.1302
"7778",0.12890625,0.514287250198786,0.00604111468278354,0,0.451,0.043,0.506,0.1302
"7779",1,0.514287250198786,0.00604111468278354,0,0.451,0.043,0.506,0.1302
"7780",1,0.514287250198786,0.00604111468278354,0,0.451,0.043,0.506,0.1302
"7781",1,0.514287250198786,0.00604111468278354,0,0.451,0.043,0.506,0.1302
"7782",0.015625,0.514287250198786,0.00604111468278354,0,0.451,0.043,0.506,0.1302
"7783",1,0.514287250198786,0.00604111468278354,0,0.451,0.043,0.506,0.1302
"7784",0.015625,0.514287250198786,0.00604111468278354,0,0.451,0.043,0.506,0.1302
"7785",1,0.514287250198786,0.00604111468278354,0,0.451,0.043,0.506,0.1302
"7786",0.0234375,0.514287250198786,0.00604111468278354,0,0.451,0.043,0.506,0.1302
"7787",1,0.514287250198786,0.00604111468278354,0,0.451,0.043,0.506,0.1302
"7788",0.01171875,0.514287250198786,0.00604111468278354,0,0.451,0.043,0.506,0.1302
"7789",1,0.514287250198786,0.00604111468278354,0,0.451,0.043,0.506,0.1302
"7790",1,0.514287250198786,0.00604111468278354,0,0.451,0.043,0.506,0.1302
"7791",0.01953125,0.514287250198786,0.00604111468278354,0,0.451,0.043,0.506,0.1302
"7792",1,0.514287250198786,0.00604111468278354,0,0.451,0.043,0.506,0.1302
"7793",0.01171875,0.514287250198786,0.00604111468278354,0,0.451,0.043,0.506,0.1302
"7794",0.01953125,0.514287250198786,0.00604111468278354,0,0.451,0.043,0.506,0.1302
"7795",0.0078125,0.514287250198786,0.00604111468278354,0,0.451,0.043,0.506,0.1302
"7796",1,0.514287250198786,0.00604111468278354,0,0.451,0.043,0.506,0.1302
"7797",0.015625,0.514287250198786,0.00604111468278354,0,0.451,0.043,0.506,0.1302
"7798",1,0.514287250198786,0.00604111468278354,0,0.451,0.043,0.506,0.1302
"7799",1,0.514287250198786,0.00604111468278354,0,0.451,0.043,0.506,0.1302
"7800",0.0078125,0.514287250198786,0.00604111468278354,0,0.451,0.043,0.506,0.1302
"7801",1,0.514287250198786,0.00604111468278354,0,0.451,0.043,0.506,0.1302
"7802",0.0078125,0.514287250198786,0.00604111468278354,0,0.451,0.043,0.506,0.1302
"7803",0.05078125,0.514287250198786,0.00604111468278354,0,0.451,0.043,0.506,0.1302
"7804",1,0.514287250198786,0.00604111468278354,0,0.451,0.043,0.506,0.1302
"7805",0,0.514287250198786,0.00604111468278354,0,0.451,0.043,0.506,0.1302
"7806",0.0078125,0.514287250198786,0.00604111468278354,0,0.451,0.043,0.506,0.1302
"7807",1,0.514287250198786,0.00604111468278354,0,0.451,0.043,0.506,0.1302
"7808",0.01953125,0.514287250198786,0.00604111468278354,0,0.451,0.043,0.506,0.1302
"7809",0.51953125,0.514287250198786,0.00604111468278354,0,0.451,0.043,0.506,0.1302
"7810",1,0.514287250198786,0.00604111468278354,0,0.451,0.043,0.506,0.1302
"7811",0.03515625,0.514287250198786,0.00604111468278354,0,0.451,0.043,0.506,0.1302
"7812",0.01171875,0.514287250198786,0.00604111468278354,0,0.451,0.043,0.506,0.1302
"7813",1,0.514287250198786,0.00604111468278354,0,0.451,0.043,0.506,0.1302
"7814",1,0.514287250198786,0.00604111468278354,0,0.451,0.043,0.506,0.1302
"7815",0.00390625,0.514287250198786,0.00604111468278354,0,0.451,0.043,0.506,0.1302
"7816",1,0.514287250198786,0.00604111468278354,0,0.451,0.043,0.506,0.1302
"7817",1,0.514287250198786,0.00604111468278354,0,0.451,0.043,0.506,0.1302
"7818",0.09375,0.514287250198786,0.00604111468278354,0,0.451,0.043,0.506,0.1302
"7819",0.1328125,0.514287250198786,0.00604111468278354,0,0.451,0.043,0.506,0.1302
"7820",0.00390625,0.514287250198786,0.00604111468278354,0,0.451,0.043,0.506,0.1302
"7821",1,0.514287250198786,0.00604111468278354,0,0.451,0.043,0.506,0.1302
"7822",0,0.514287250198786,0.00604111468278354,0,0.451,0.043,0.506,0.1302
"7823",1,0.514287250198786,0.00604111468278354,0,0.451,0.043,0.506,0.1302
"7824",0,0.514287250198786,0.00604111468278354,0,0.451,0.043,0.506,0.1302
"7825",1,0.514287250198786,0.00604111468278354,0,0.451,0.043,0.506,0.1302
"7826",1,0.514287250198786,0.00604111468278354,0,0.451,0.043,0.506,0.1302
"7827",0.00390625,0.514287250198786,0.00604111468278354,0,0.451,0.043,0.506,0.1302
"7828",1,0.514287250198786,0.00604111468278354,0,0.451,0.043,0.506,0.1302
"7829",0.00390625,0.514287250198786,0.00604111468278354,0,0.451,0.043,0.506,0.1302
"7830",0.0234375,0.514287250198786,0.00604111468278354,0,0.451,0.043,0.506,0.1302
"7831",1,0.514287250198786,0.00604111468278354,0,0.451,0.043,0.506,0.1302
"7832",1,0.514287250198786,0.00604111468278354,0,0.451,0.043,0.506,0.1302
"7833",0.00390625,0.514287250198786,0.00604111468278354,0,0.451,0.043,0.506,0.1302
"7834",0.0390625,0.514287250198786,0.00604111468278354,0,0.451,0.043,0.506,0.1302
"7835",1,0.514287250198786,0.00604111468278354,0,0.451,0.043,0.506,0.1302
"7836",1,0.514287250198786,0.00604111468278354,0,0.451,0.043,0.506,0.1302
"7837",0.01171875,0.514287250198786,0.00604111468278354,0,0.451,0.043,0.506,0.1302
"7838",1,0.514287250198786,0.00604111468278354,0,0.451,0.043,0.506,0.1302
"7839",0.03515625,0.514287250198786,0.00604111468278354,0,0.451,0.043,0.506,0.1302
"7840",1,0.514287250198786,0.00604111468278354,0,0.451,0.043,0.506,0.1302
"7841",0.0078125,0.514287250198786,0.00604111468278354,0,0.451,0.043,0.506,0.1302
"7842",0.0546875,0.514287250198786,0.00604111468278354,0,0.451,0.043,0.506,0.1302
"7843",1,0.514287250198786,0.00604111468278354,0,0.451,0.043,0.506,0.1302
"7844",1,0.514287250198786,0.00604111468278354,0,0.451,0.043,0.506,0.1302
"7845",0.078125,0.514287250198786,0.00604111468278354,0,0.451,0.043,0.506,0.1302
"7846",0.0390625,0.514287250198786,0.00604111468278354,0,0.451,0.043,0.506,0.1302
"7847",0.07421875,0.514287250198786,0.00604111468278354,0,0.451,0.043,0.506,0.1302
"7848",1,0.514287250198786,0.00604111468278354,0,0.451,0.043,0.506,0.1302
"7849",0.0390625,0.514287250198786,0.00604111468278354,0,0.451,0.043,0.506,0.1302
"7850",0.00390625,0.514287250198786,0.00604111468278354,0,0.451,0.043,0.506,0.1302
"7851",0.015625,0.514287250198786,0.00604111468278354,0,0.451,0.043,0.506,0.1302
"7852",1,0.514287250198786,0.00604111468278354,0,0.451,0.043,0.506,0.1302
"7853",0.12890625,0.514287250198786,0.00604111468278354,0,0.451,0.043,0.506,0.1302
"7854",1,0.514287250198786,0.00604111468278354,0,0.451,0.043,0.506,0.1302
"7855",1,0.514287250198786,0.00604111468278354,0,0.451,0.043,0.506,0.1302
"7856",0.0234375,0.514287250198786,0.00604111468278354,0,0.451,0.043,0.506,0.1302
"7857",1,0.514287250198786,0.00604111468278354,0,0.451,0.043,0.506,0.1302
"7858",0.03125,0.514287250198786,0.00604111468278354,0,0.451,0.043,0.506,0.1302
"7859",1,0.514287250198786,0.00604111468278354,0,0.451,0.043,0.506,0.1302
"7860",1,0.514287250198786,0.00604111468278354,0,0.451,0.043,0.506,0.1302
"7861",0.01953125,0.514287250198786,0.00604111468278354,0,0.451,0.043,0.506,0.1302
"7862",0.046875,0.514287250198786,0.00604111468278354,0,0.451,0.043,0.506,0.1302
"7863",0.015625,0.514287250198786,0.00604111468278354,0,0.451,0.043,0.506,0.1302
"7864",1,0.514287250198786,0.00604111468278354,0,0.451,0.043,0.506,0.1302
"7865",0.0859375,0.514287250198786,0.00604111468278354,0,0.451,0.043,0.506,0.1302
"7866",0.01171875,0.514287250198786,0.00604111468278354,0,0.451,0.043,0.506,0.1302
"7867",1,0.514287250198786,0.00604111468278354,0,0.451,0.043,0.506,0.1302
"7868",1,0.514287250198786,0.00604111468278354,0,0.451,0.043,0.506,0.1302
"7869",1,0.514287250198786,0.00604111468278354,0,0.451,0.043,0.506,0.1302
"7870",1,0.514287250198786,0.00604111468278354,0,0.451,0.043,0.506,0.1302
"7871",0.0078125,0.514287250198786,0.00604111468278354,0,0.451,0.043,0.506,0.1302
"7872",0.0234375,0.514287250198786,0.00604111468278354,0,0.451,0.043,0.506,0.1302
"7873",0.05859375,0.514287250198786,0.00604111468278354,0,0.451,0.043,0.506,0.1302
"7874",0.0234375,0.514287250198786,0.00604111468278354,0,0.451,0.043,0.506,0.1302
"7875",1,0.514287250198786,0.00604111468278354,0,0.451,0.043,0.506,0.1302
"7876",1,0.514287250198786,0.00604111468278354,0,0.451,0.043,0.506,0.1302
"7877",1,0.514287250198786,0.00604111468278354,0,0.451,0.043,0.506,0.1302
"7878",1,0.514287250198786,0.00604111468278354,0,0.451,0.043,0.506,0.1302
"7879",0.00390625,0.514287250198786,0.00604111468278354,0,0.451,0.043,0.506,0.1302
"7880",1,0.514287250198786,0.00604111468278354,0,0.451,0.043,0.506,0.1302
"7881",0.0546875,0.514287250198786,0.00604111468278354,0,0.451,0.043,0.506,0.1302
"7882",0.02734375,0.514287250198786,0.00604111468278354,0,0.451,0.043,0.506,0.1302
"7883",0.015625,0.514287250198786,0.00604111468278354,0,0.451,0.043,0.506,0.1302
"7884",0.08203125,0.514287250198786,0.00604111468278354,0,0.451,0.043,0.506,0.1302
"7885",0.01953125,0.514287250198786,0.00604111468278354,0,0.451,0.043,0.506,0.1302
"7886",0.04296875,0.514287250198786,0.00604111468278354,0,0.451,0.043,0.506,0.1302
"7887",1,0.514287250198786,0.00604111468278354,0,0.451,0.043,0.506,0.1302
"7888",0.03125,0.514287250198786,0.00604111468278354,0,0.451,0.043,0.506,0.1302
"7889",0.0390625,0.514287250198786,0.00604111468278354,0,0.451,0.043,0.506,0.1302
"7890",0.03515625,0.514287250198786,0.00604111468278354,0,0.451,0.043,0.506,0.1302
"7891",1,0.514287250198786,0.00604111468278354,0,0.451,0.043,0.506,0.1302
"7892",1,0.514287250198786,0.00604111468278354,0,0.451,0.043,0.506,0.1302
"7893",1,0.514287250198786,0.00604111468278354,0,0.451,0.043,0.506,0.1302
"7894",1,0.514287250198786,0.00604111468278354,0,0.451,0.043,0.506,0.1302
"7895",0.03515625,0.514287250198786,0.00604111468278354,0,0.451,0.043,0.506,0.1302
"7896",1,0.514287250198786,0.00604111468278354,0,0.451,0.043,0.506,0.1302
"7897",1,0.514287250198786,0.00604111468278354,0,0.451,0.043,0.506,0.1302
"7898",1,0.514287250198786,0.00604111468278354,0,0.451,0.043,0.506,0.1302
"7899",0.08203125,0.514287250198786,0.00604111468278354,0,0.451,0.043,0.506,0.1302
"7900",0.05078125,0.514287250198786,0.00604111468278354,0,0.451,0.043,0.506,0.1302
"7901",1,0.514287250198786,0.00604111468278354,0,0.451,0.043,0.506,0.1302
"7902",1,0.514287250198786,0.00604111468278354,0,0.451,0.043,0.506,0.1302
"7903",0.01953125,0.514287250198786,0.00604111468278354,0,0.451,0.043,0.506,0.1302
"7904",1,0.514287250198786,0.00604111468278354,0,0.451,0.043,0.506,0.1302
"7905",0.1875,0.514287250198786,0.00604111468278354,0,0.451,0.043,0.506,0.1302
"7906",0.0078125,0.514287250198786,0.00604111468278354,0,0.451,0.043,0.506,0.1302
"7907",0.03125,0.514287250198786,0.00604111468278354,0,0.451,0.043,0.506,0.1302
"7908",1,0.514287250198786,0.00604111468278354,0,0.451,0.043,0.506,0.1302
"7909",1,0.514287250198786,0.00604111468278354,0,0.451,0.043,0.506,0.1302
"7910",1,0.514287250198786,0.00604111468278354,0,0.451,0.043,0.506,0.1302
"7911",0,0.514287250198786,0.00604111468278354,0,0.451,0.043,0.506,0.1302
"7912",1,0.514287250198786,0.00604111468278354,0,0.451,0.043,0.506,0.1302
"7913",0.03515625,0.514287250198786,0.00604111468278354,0,0.451,0.043,0.506,0.1302
"7914",1,0.514287250198786,0.00604111468278354,0,0.451,0.043,0.506,0.1302
"7915",0.07421875,0.514287250198786,0.00604111468278354,0,0.451,0.043,0.506,0.1302
"7916",1,0.514287250198786,0.00604111468278354,0,0.451,0.043,0.506,0.1302
"7917",0.0078125,0.514287250198786,0.00604111468278354,0,0.451,0.043,0.506,0.1302
"7918",0.0390625,0.514287250198786,0.00604111468278354,0,0.451,0.043,0.506,0.1302
"7919",1,0.514287250198786,0.00604111468278354,0,0.451,0.043,0.506,0.1302
"7920",0.125,0.514287250198786,0.00604111468278354,0,0.451,0.043,0.506,0.1302
"7921",0.01953125,0.514287250198786,0.00604111468278354,0,0.451,0.043,0.506,0.1302
"7922",0.01953125,0.514287250198786,0.00604111468278354,0,0.451,0.043,0.506,0.1302
"7923",0.03125,0.514287250198786,0.00604111468278354,0,0.451,0.043,0.506,0.1302
"7924",0.015625,0.514287250198786,0.00604111468278354,0,0.451,0.043,0.506,0.1302
"7925",1,0.514287250198786,0.00604111468278354,0,0.451,0.043,0.506,0.1302
"7926",0.015625,0.514287250198786,0.00604111468278354,0,0.451,0.043,0.506,0.1302
"7927",0.0078125,0.514287250198786,0.00604111468278354,0,0.451,0.043,0.506,0.1302
"7928",1,0.514287250198786,0.00604111468278354,0,0.451,0.043,0.506,0.1302
"7929",0.0625,0.514287250198786,0.00604111468278354,0,0.451,0.043,0.506,0.1302
"7930",1,0.514287250198786,0.00604111468278354,0,0.451,0.043,0.506,0.1302
"7931",1,0.514287250198786,0.00604111468278354,0,0.451,0.043,0.506,0.1302
"7932",0.5078125,0.514287250198786,0.00604111468278354,0,0.451,0.043,0.506,0.1302
"7933",1,0.514287250198786,0.00604111468278354,0,0.451,0.043,0.506,0.1302
"7934",0.00390625,0.514287250198786,0.00604111468278354,0,0.451,0.043,0.506,0.1302
"7935",1,0.514287250198786,0.00604111468278354,0,0.451,0.043,0.506,0.1302
"7936",1,0.514287250198786,0.00604111468278354,0,0.451,0.043,0.506,0.1302
"7937",1,0.514287250198786,0.00604111468278354,0,0.451,0.043,0.506,0.1302
"7938",0.13671875,0.514287250198786,0.00604111468278354,0,0.451,0.043,0.506,0.1302
"7939",0.03515625,0.514287250198786,0.00604111468278354,0,0.451,0.043,0.506,0.1302
"7940",1,0.514287250198786,0.00604111468278354,0,0.451,0.043,0.506,0.1302
"7941",1,0.514287250198786,0.00604111468278354,0,0.451,0.043,0.506,0.1302
"7942",1,0.514287250198786,0.00604111468278354,0,0.451,0.043,0.506,0.1302
"7943",0.0390625,0.514287250198786,0.00604111468278354,0,0.451,0.043,0.506,0.1302
"7944",1,0.514287250198786,0.00604111468278354,0,0.451,0.043,0.506,0.1302
"7945",0.05859375,0.514287250198786,0.00604111468278354,0,0.451,0.043,0.506,0.1302
"7946",0.02734375,0.514287250198786,0.00604111468278354,0,0.451,0.043,0.506,0.1302
"7947",0,0.514287250198786,0.00604111468278354,0,0.451,0.043,0.506,0.1302
"7948",0.078125,0.514287250198786,0.00604111468278354,0,0.451,0.043,0.506,0.1302
"7949",1,0.514287250198786,0.00604111468278354,0,0.451,0.043,0.506,0.1302
"7950",1,0.514287250198786,0.00604111468278354,0,0.451,0.043,0.506,0.1302
"7951",1,0.514287250198786,0.00604111468278354,0,0.451,0.043,0.506,0.1302
"7952",0.0078125,0.514287250198786,0.00604111468278354,0,0.451,0.043,0.506,0.1302
"7953",0.01171875,0.514287250198786,0.00604111468278354,0,0.451,0.043,0.506,0.1302
"7954",0.05078125,0.514287250198786,0.00604111468278354,0,0.451,0.043,0.506,0.1302
"7955",1,0.514287250198786,0.00604111468278354,0,0.451,0.043,0.506,0.1302
"7956",1,0.514287250198786,0.00604111468278354,0,0.451,0.043,0.506,0.1302
"7957",1,0.514287250198786,0.00604111468278354,0,0.451,0.043,0.506,0.1302
"7958",1,0.514287250198786,0.00604111468278354,0,0.451,0.043,0.506,0.1302
"7959",1,0.514287250198786,0.00604111468278354,0,0.451,0.043,0.506,0.1302
"7960",1,0.514287250198786,0.00604111468278354,0,0.451,0.043,0.506,0.1302
"7961",1,0.514287250198786,0.00604111468278354,0,0.451,0.043,0.506,0.1302
"7962",1,0.514287250198786,0.00604111468278354,0,0.451,0.043,0.506,0.1302
"7963",0.01171875,0.514287250198786,0.00604111468278354,0,0.451,0.043,0.506,0.1302
"7964",1,0.514287250198786,0.00604111468278354,0,0.451,0.043,0.506,0.1302
"7965",0,0.514287250198786,0.00604111468278354,0,0.451,0.043,0.506,0.1302
"7966",0.06640625,0.514287250198786,0.00604111468278354,0,0.451,0.043,0.506,0.1302
"7967",0.09765625,0.514287250198786,0.00604111468278354,0,0.451,0.043,0.506,0.1302
"7968",1,0.514287250198786,0.00604111468278354,0,0.451,0.043,0.506,0.1302
"7969",1,0.514287250198786,0.00604111468278354,0,0.451,0.043,0.506,0.1302
"7970",1,0.514287250198786,0.00604111468278354,0,0.451,0.043,0.506,0.1302
"7971",1,0.514287250198786,0.00604111468278354,0,0.451,0.043,0.506,0.1302
"7972",0.25390625,0.514287250198786,0.00604111468278354,0,0.451,0.043,0.506,0.1302
"7973",0.00390625,0.514287250198786,0.00604111468278354,0,0.451,0.043,0.506,0.1302
"7974",1,0.514287250198786,0.00604111468278354,0,0.451,0.043,0.506,0.1302
"7975",1,0.514287250198786,0.00604111468278354,0,0.451,0.043,0.506,0.1302
"7976",1,0.514287250198786,0.00604111468278354,0,0.451,0.043,0.506,0.1302
"7977",1,0.514287250198786,0.00604111468278354,0,0.451,0.043,0.506,0.1302
"7978",1,0.514287250198786,0.00604111468278354,0,0.451,0.043,0.506,0.1302
"7979",0.140625,0.514287250198786,0.00604111468278354,0,0.451,0.043,0.506,0.1302
"7980",1,0.514287250198786,0.00604111468278354,0,0.451,0.043,0.506,0.1302
"7981",1,0.514287250198786,0.00604111468278354,0,0.451,0.043,0.506,0.1302
"7982",1,0.514287250198786,0.00604111468278354,0,0.451,0.043,0.506,0.1302
"7983",0.06640625,0.514287250198786,0.00604111468278354,0,0.451,0.043,0.506,0.1302
"7984",0.015625,0.514287250198786,0.00604111468278354,0,0.451,0.043,0.506,0.1302
"7985",1,0.514287250198786,0.00604111468278354,0,0.451,0.043,0.506,0.1302
"7986",0.125,0.514287250198786,0.00604111468278354,0,0.451,0.043,0.506,0.1302
"7987",0.09765625,0.514287250198786,0.00604111468278354,0,0.451,0.043,0.506,0.1302
"7988",1,0.514287250198786,0.00604111468278354,0,0.451,0.043,0.506,0.1302
"7989",1,0.514287250198786,0.00604111468278354,0,0.451,0.043,0.506,0.1302
"7990",0.046875,0.514287250198786,0.00604111468278354,0,0.451,0.043,0.506,0.1302
"7991",0.00390625,0.514287250198786,0.00604111468278354,0,0.451,0.043,0.506,0.1302
"7992",1,0.514287250198786,0.00604111468278354,0,0.451,0.043,0.506,0.1302
"7993",1,0.514287250198786,0.00604111468278354,0,0.451,0.043,0.506,0.1302
"7994",1,0.514287250198786,0.00604111468278354,0,0.451,0.043,0.506,0.1302
"7995",0.03515625,0.514287250198786,0.00604111468278354,0,0.451,0.043,0.506,0.1302
"7996",1,0.514287250198786,0.00604111468278354,0,0.451,0.043,0.506,0.1302
"7997",1,0.514287250198786,0.00604111468278354,0,0.451,0.043,0.506,0.1302
"7998",1,0.514287250198786,0.00604111468278354,0,0.451,0.043,0.506,0.1302
"7999",1,0.514287250198786,0.00604111468278354,0,0.451,0.043,0.506,0.1302
"8000",1,0.514287250198786,0.00604111468278354,0,0.451,0.043,0.506,0.1302
"8001",1,0.514287250198786,0.00604111468278354,0,0.451,0.043,0.506,0.1302
"8002",0.02734375,0.514287250198786,0.00604111468278354,0,0.451,0.043,0.506,0.1302
"8003",1,0.514287250198786,0.00604111468278354,0,0.451,0.043,0.506,0.1302
"8004",0.015625,0.514287250198786,0.00604111468278354,0,0.451,0.043,0.506,0.1302
"8005",0.0546875,0.514287250198786,0.00604111468278354,0,0.451,0.043,0.506,0.1302
"8006",0.01171875,0.514287250198786,0.00604111468278354,0,0.451,0.043,0.506,0.1302
"8007",1,0.514287250198786,0.00604111468278354,0,0.451,0.043,0.506,0.1302
"8008",0.01953125,0.514287250198786,0.00604111468278354,0,0.451,0.043,0.506,0.1302
"8009",1,0.514287250198786,0.00604111468278354,0,0.451,0.043,0.506,0.1302
"8010",1,0.514287250198786,0.00604111468278354,0,0.451,0.043,0.506,0.1302
"8011",1,0.514287250198786,0.00604111468278354,0,0.451,0.043,0.506,0.1302
"8012",1,0.514287250198786,0.00604111468278354,0,0.451,0.043,0.506,0.1302
"8013",0.0078125,0.514287250198786,0.00604111468278354,0,0.451,0.043,0.506,0.1302
"8014",1,0.514287250198786,0.00604111468278354,0,0.451,0.043,0.506,0.1302
"8015",1,0.514287250198786,0.00604111468278354,0,0.451,0.043,0.506,0.1302
"8016",1,0.514287250198786,0.00604111468278354,0,0.451,0.043,0.506,0.1302
"8017",0.01171875,0.514287250198786,0.00604111468278354,0,0.451,0.043,0.506,0.1302
"8018",1,0.514287250198786,0.00604111468278354,0,0.451,0.043,0.506,0.1302
"8019",1,0.514287250198786,0.00604111468278354,0,0.451,0.043,0.506,0.1302
"8020",1,0.514287250198786,0.00604111468278354,0,0.451,0.043,0.506,0.1302
"8021",0.0078125,0.514287250198786,0.00604111468278354,0,0.451,0.043,0.506,0.1302
"8022",0.0390625,0.514287250198786,0.00604111468278354,0,0.451,0.043,0.506,0.1302
"8023",1,0.514287250198786,0.00604111468278354,0,0.451,0.043,0.506,0.1302
"8024",1,0.514287250198786,0.00604111468278354,0,0.451,0.043,0.506,0.1302
"8025",0.01171875,0.514287250198786,0.00604111468278354,0,0.451,0.043,0.506,0.1302
"8026",1,0.514287250198786,0.00604111468278354,0,0.451,0.043,0.506,0.1302
"8027",1,0.514287250198786,0.00604111468278354,0,0.451,0.043,0.506,0.1302
"8028",1,0.514287250198786,0.00604111468278354,0,0.451,0.043,0.506,0.1302
"8029",0.03125,0.514287250198786,0.00604111468278354,0,0.451,0.043,0.506,0.1302
"8030",1,0.514287250198786,0.00604111468278354,0,0.451,0.043,0.506,0.1302
"8031",1,0.514287250198786,0.00604111468278354,0,0.451,0.043,0.506,0.1302
"8032",1,0.514287250198786,0.00604111468278354,0,0.451,0.043,0.506,0.1302
"8033",0.19140625,0.514287250198786,0.00604111468278354,0,0.451,0.043,0.506,0.1302
"8034",1,0.514287250198786,0.00604111468278354,0,0.451,0.043,0.506,0.1302
"8035",0.02734375,0.514287250198786,0.00604111468278354,0,0.451,0.043,0.506,0.1302
"8036",1,0.514287250198786,0.00604111468278354,0,0.451,0.043,0.506,0.1302
"8037",0.04296875,0.514287250198786,0.00604111468278354,0,0.451,0.043,0.506,0.1302
"8038",1,0.514287250198786,0.00604111468278354,0,0.451,0.043,0.506,0.1302
"8039",0.0078125,0.514287250198786,0.00604111468278354,0,0.451,0.043,0.506,0.1302
"8040",1,0.514287250198786,0.00604111468278354,0,0.451,0.043,0.506,0.1302
"8041",1,0.514287250198786,0.00604111468278354,0,0.451,0.043,0.506,0.1302
"8042",0.5234375,0.514287250198786,0.00604111468278354,0,0.451,0.043,0.506,0.1302
"8043",0.0078125,0.514287250198786,0.00604111468278354,0,0.451,0.043,0.506,0.1302
"8044",1,0.514287250198786,0.00604111468278354,0,0.451,0.043,0.506,0.1302
"8045",1,0.514287250198786,0.00604111468278354,0,0.451,0.043,0.506,0.1302
"8046",0.1171875,0.514287250198786,0.00604111468278354,0,0.451,0.043,0.506,0.1302
"8047",1,0.514287250198786,0.00604111468278354,0,0.451,0.043,0.506,0.1302
"8048",0.02734375,0.514287250198786,0.00604111468278354,0,0.451,0.043,0.506,0.1302
"8049",1,0.514287250198786,0.00604111468278354,0,0.451,0.043,0.506,0.1302
"8050",1,0.514287250198786,0.00604111468278354,0,0.451,0.043,0.506,0.1302
"8051",0.140625,0.514287250198786,0.00604111468278354,0,0.451,0.043,0.506,0.1302
"8052",1,0.514287250198786,0.00604111468278354,0,0.451,0.043,0.506,0.1302
"8053",0.02734375,0.514287250198786,0.00604111468278354,0,0.451,0.043,0.506,0.1302
"8054",1,0.514287250198786,0.00604111468278354,0,0.451,0.043,0.506,0.1302
"8055",1,0.514287250198786,0.00604111468278354,0,0.451,0.043,0.506,0.1302
"8056",0.05078125,0.514287250198786,0.00604111468278354,0,0.451,0.043,0.506,0.1302
"8057",1,0.514287250198786,0.00604111468278354,0,0.451,0.043,0.506,0.1302
"8058",1,0.514287250198786,0.00604111468278354,0,0.451,0.043,0.506,0.1302
"8059",0.03125,0.514287250198786,0.00604111468278354,0,0.451,0.043,0.506,0.1302
"8060",0.01953125,0.514287250198786,0.00604111468278354,0,0.451,0.043,0.506,0.1302
"8061",1,0.514287250198786,0.00604111468278354,0,0.451,0.043,0.506,0.1302
"8062",1,0.514287250198786,0.00604111468278354,0,0.451,0.043,0.506,0.1302
"8063",1,0.514287250198786,0.00604111468278354,0,0.451,0.043,0.506,0.1302
"8064",0.5078125,0.514287250198786,0.00604111468278354,0,0.451,0.043,0.506,0.1302
"8065",0.03515625,0.514287250198786,0.00604111468278354,0,0.451,0.043,0.506,0.1302
"8066",1,0.514287250198786,0.00604111468278354,0,0.451,0.043,0.506,0.1302
"8067",1,0.514287250198786,0.00604111468278354,0,0.451,0.043,0.506,0.1302
"8068",0.01171875,0.514287250198786,0.00604111468278354,0,0.451,0.043,0.506,0.1302
"8069",0.015625,0.514287250198786,0.00604111468278354,0,0.451,0.043,0.506,0.1302
"8070",1,0.514287250198786,0.00604111468278354,0,0.451,0.043,0.506,0.1302
"8071",1,0.514287250198786,0.00604111468278354,0,0.451,0.043,0.506,0.1302
"8072",1,0.514287250198786,0.00604111468278354,0,0.451,0.043,0.506,0.1302
"8073",0.03515625,0.514287250198786,0.00604111468278354,0,0.451,0.043,0.506,0.1302
"8074",1,0.514287250198786,0.00604111468278354,0,0.451,0.043,0.506,0.1302
"8075",0.07421875,0.514287250198786,0.00604111468278354,0,0.451,0.043,0.506,0.1302
"8076",1,0.514287250198786,0.00604111468278354,0,0.451,0.043,0.506,0.1302
"8077",0.0078125,0.514287250198786,0.00604111468278354,0,0.451,0.043,0.506,0.1302
"8078",1,0.514287250198786,0.00604111468278354,0,0.451,0.043,0.506,0.1302
"8079",1,0.514287250198786,0.00604111468278354,0,0.451,0.043,0.506,0.1302
"8080",0.03515625,0.514287250198786,0.00604111468278354,0,0.451,0.043,0.506,0.1302
"8081",1,0.514287250198786,0.00604111468278354,0,0.451,0.043,0.506,0.1302
"8082",1,0.514287250198786,0.00604111468278354,0,0.451,0.043,0.506,0.1302
"8083",0.0078125,0.514287250198786,0.00604111468278354,0,0.451,0.043,0.506,0.1302
"8084",0.01953125,0.514287250198786,0.00604111468278354,0,0.451,0.043,0.506,0.1302
"8085",1,0.514287250198786,0.00604111468278354,0,0.451,0.043,0.506,0.1302
"8086",1,0.514287250198786,0.00604111468278354,0,0.451,0.043,0.506,0.1302
"8087",0,0.514287250198786,0.00604111468278354,0,0.451,0.043,0.506,0.1302
"8088",1,0.514287250198786,0.00604111468278354,0,0.451,0.043,0.506,0.1302
"8089",0.0703125,0.514287250198786,0.00604111468278354,0,0.451,0.043,0.506,0.1302
"8090",0.01953125,0.514287250198786,0.00604111468278354,0,0.451,0.043,0.506,0.1302
"8091",1,0.514287250198786,0.00604111468278354,0,0.451,0.043,0.506,0.1302
"8092",0.01953125,0.514287250198786,0.00604111468278354,0,0.451,0.043,0.506,0.1302
"8093",0.00390625,0.514287250198786,0.00604111468278354,0,0.451,0.043,0.506,0.1302
"8094",1,0.514287250198786,0.00604111468278354,0,0.451,0.043,0.506,0.1302
"8095",1,0.514287250198786,0.00604111468278354,0,0.451,0.043,0.506,0.1302
"8096",0.01953125,0.514287250198786,0.00604111468278354,0,0.451,0.043,0.506,0.1302
"8097",0.0078125,0.514287250198786,0.00604111468278354,0,0.451,0.043,0.506,0.1302
"8098",1,0.514287250198786,0.00604111468278354,0,0.451,0.043,0.506,0.1302
"8099",0.0390625,0.514287250198786,0.00604111468278354,0,0.451,0.043,0.506,0.1302
"8100",0.015625,0.514287250198786,0.00604111468278354,0,0.451,0.043,0.506,0.1302
"8101",1,0.514287250198786,0.00604111468278354,0,0.451,0.043,0.506,0.1302
"8102",1,0.514287250198786,0.00604111468278354,0,0.451,0.043,0.506,0.1302
"8103",0.08203125,0.514287250198786,0.00604111468278354,0,0.451,0.043,0.506,0.1302
"8104",0.0234375,0.514287250198786,0.00604111468278354,0,0.451,0.043,0.506,0.1302
"8105",1,0.514287250198786,0.00604111468278354,0,0.451,0.043,0.506,0.1302
"8106",1,0.514287250198786,0.00604111468278354,0,0.451,0.043,0.506,0.1302
"8107",1,0.514287250198786,0.00604111468278354,0,0.451,0.043,0.506,0.1302
"8108",0,0.514287250198786,0.00604111468278354,0,0.451,0.043,0.506,0.1302
"8109",0.06640625,0.514287250198786,0.00604111468278354,0,0.451,0.043,0.506,0.1302
"8110",0.00390625,0.514287250198786,0.00604111468278354,0,0.451,0.043,0.506,0.1302
"8111",0.01171875,0.514287250198786,0.00604111468278354,0,0.451,0.043,0.506,0.1302
"8112",1,0.514287250198786,0.00604111468278354,0,0.451,0.043,0.506,0.1302
"8113",1,0.514287250198786,0.00604111468278354,0,0.451,0.043,0.506,0.1302
"8114",0.00390625,0.514287250198786,0.00604111468278354,0,0.451,0.043,0.506,0.1302
"8115",1,0.514287250198786,0.00604111468278354,0,0.451,0.043,0.506,0.1302
"8116",0.0078125,0.514287250198786,0.00604111468278354,0,0.451,0.043,0.506,0.1302
"8117",0.02734375,0.514287250198786,0.00604111468278354,0,0.451,0.043,0.506,0.1302
"8118",0.05859375,0.514287250198786,0.00604111468278354,0,0.451,0.043,0.506,0.1302
"8119",1,0.514287250198786,0.00604111468278354,0,0.451,0.043,0.506,0.1302
"8120",0.015625,0.514287250198786,0.00604111468278354,0,0.451,0.043,0.506,0.1302
"8121",1,0.514287250198786,0.00604111468278354,0,0.451,0.043,0.506,0.1302
"8122",0.0078125,0.514287250198786,0.00604111468278354,0,0.451,0.043,0.506,0.1302
"8123",1,0.514287250198786,0.00604111468278354,0,0.451,0.043,0.506,0.1302
"8124",1,0.514287250198786,0.00604111468278354,0,0.451,0.043,0.506,0.1302
"8125",1,0.514287250198786,0.00604111468278354,0,0.451,0.043,0.506,0.1302
"8126",1,0.514287250198786,0.00604111468278354,0,0.451,0.043,0.506,0.1302
"8127",0.00390625,0.514287250198786,0.00604111468278354,0,0.451,0.043,0.506,0.1302
"8128",0.0234375,0.514287250198786,0.00604111468278354,0,0.451,0.043,0.506,0.1302
"8129",1,0.514287250198786,0.00604111468278354,0,0.451,0.043,0.506,0.1302
"8130",0.0390625,0.514287250198786,0.00604111468278354,0,0.451,0.043,0.506,0.1302
"8131",0.1171875,0.514287250198786,0.00604111468278354,0,0.451,0.043,0.506,0.1302
"8132",1,0.514287250198786,0.00604111468278354,0,0.451,0.043,0.506,0.1302
"8133",0.109375,0.514287250198786,0.00604111468278354,0,0.451,0.043,0.506,0.1302
"8134",0.0078125,0.514287250198786,0.00604111468278354,0,0.451,0.043,0.506,0.1302
"8135",0.0234375,0.514287250198786,0.00604111468278354,0,0.451,0.043,0.506,0.1302
"8136",1,0.514287250198786,0.00604111468278354,0,0.451,0.043,0.506,0.1302
"8137",0.00390625,0.514287250198786,0.00604111468278354,0,0.451,0.043,0.506,0.1302
"8138",1,0.514287250198786,0.00604111468278354,0,0.451,0.043,0.506,0.1302
"8139",0.0625,0.514287250198786,0.00604111468278354,0,0.451,0.043,0.506,0.1302
"8140",0.03515625,0.514287250198786,0.00604111468278354,0,0.451,0.043,0.506,0.1302
"8141",1,0.514287250198786,0.00604111468278354,0,0.451,0.043,0.506,0.1302
"8142",1,0.514287250198786,0.00604111468278354,0,0.451,0.043,0.506,0.1302
"8143",0.03125,0.514287250198786,0.00604111468278354,0,0.451,0.043,0.506,0.1302
"8144",0.0078125,0.514287250198786,0.00604111468278354,0,0.451,0.043,0.506,0.1302
"8145",1,0.514287250198786,0.00604111468278354,0,0.451,0.043,0.506,0.1302
"8146",0.015625,0.514287250198786,0.00604111468278354,0,0.451,0.043,0.506,0.1302
"8147",1,0.514287250198786,0.00604111468278354,0,0.451,0.043,0.506,0.1302
"8148",0.00390625,0.514287250198786,0.00604111468278354,0,0.451,0.043,0.506,0.1302
"8149",1,0.514287250198786,0.00604111468278354,0,0.451,0.043,0.506,0.1302
"8150",0.07421875,0.514287250198786,0.00604111468278354,0,0.451,0.043,0.506,0.1302
"8151",0.015625,0.514287250198786,0.00604111468278354,0,0.451,0.043,0.506,0.1302
"8152",1,0.514287250198786,0.00604111468278354,0,0.451,0.043,0.506,0.1302
"8153",1,0.514287250198786,0.00604111468278354,0,0.451,0.043,0.506,0.1302
"8154",1,0.514287250198786,0.00604111468278354,0,0.451,0.043,0.506,0.1302
"8155",1,0.514287250198786,0.00604111468278354,0,0.451,0.043,0.506,0.1302
"8156",1,0.514287250198786,0.00604111468278354,0,0.451,0.043,0.506,0.1302
"8157",0,0.514287250198786,0.00604111468278354,0,0.451,0.043,0.506,0.1302
"8158",0.015625,0.514287250198786,0.00604111468278354,0,0.451,0.043,0.506,0.1302
"8159",1,0.514287250198786,0.00604111468278354,0,0.451,0.043,0.506,0.1302
"8160",1,0.514287250198786,0.00604111468278354,0,0.451,0.043,0.506,0.1302
"8161",0.01953125,0.514287250198786,0.00604111468278354,0,0.451,0.043,0.506,0.1302
"8162",0.046875,0.514287250198786,0.00604111468278354,0,0.451,0.043,0.506,0.1302
"8163",1,0.514287250198786,0.00604111468278354,0,0.451,0.043,0.506,0.1302
"8164",0.16015625,0.514287250198786,0.00604111468278354,0,0.451,0.043,0.506,0.1302
"8165",1,0.514287250198786,0.00604111468278354,0,0.451,0.043,0.506,0.1302
"8166",0.07421875,0.514287250198786,0.00604111468278354,0,0.451,0.043,0.506,0.1302
"8167",0.015625,0.514287250198786,0.00604111468278354,0,0.451,0.043,0.506,0.1302
"8168",1,0.514287250198786,0.00604111468278354,0,0.451,0.043,0.506,0.1302
"8169",1,0.514287250198786,0.00604111468278354,0,0.451,0.043,0.506,0.1302
"8170",0.0859375,0.514287250198786,0.00604111468278354,0,0.451,0.043,0.506,0.1302
"8171",0.14453125,0.514287250198786,0.00604111468278354,0,0.451,0.043,0.506,0.1302
"8172",1,0.514287250198786,0.00604111468278354,0,0.451,0.043,0.506,0.1302
"8173",1,0.514287250198786,0.00604111468278354,0,0.451,0.043,0.506,0.1302
"8174",0.05078125,0.514287250198786,0.00604111468278354,0,0.451,0.043,0.506,0.1302
"8175",1,0.514287250198786,0.00604111468278354,0,0.451,0.043,0.506,0.1302
"8176",1,0.514287250198786,0.00604111468278354,0,0.451,0.043,0.506,0.1302
"8177",0.03515625,0.514287250198786,0.00604111468278354,0,0.451,0.043,0.506,0.1302
"8178",1,0.514287250198786,0.00604111468278354,0,0.451,0.043,0.506,0.1302
"8179",1,0.514287250198786,0.00604111468278354,0,0.451,0.043,0.506,0.1302
"8180",0.03515625,0.514287250198786,0.00604111468278354,0,0.451,0.043,0.506,0.1302
"8181",0.02734375,0.514287250198786,0.00604111468278354,0,0.451,0.043,0.506,0.1302
"8182",0.01171875,0.514287250198786,0.00604111468278354,0,0.451,0.043,0.506,0.1302
"8183",1,0.514287250198786,0.00604111468278354,0,0.451,0.043,0.506,0.1302
"8184",1,0.514287250198786,0.00604111468278354,0,0.451,0.043,0.506,0.1302
"8185",1,0.514287250198786,0.00604111468278354,0,0.451,0.043,0.506,0.1302
"8186",1,0.514287250198786,0.00604111468278354,0,0.451,0.043,0.506,0.1302
"8187",1,0.514287250198786,0.00604111468278354,0,0.451,0.043,0.506,0.1302
"8188",1,0.514287250198786,0.00604111468278354,0,0.451,0.043,0.506,0.1302
"8189",0.01171875,0.514287250198786,0.00604111468278354,0,0.451,0.043,0.506,0.1302
"8190",1,0.514287250198786,0.00604111468278354,0,0.451,0.043,0.506,0.1302
"8191",0.046875,0.514287250198786,0.00604111468278354,0,0.451,0.043,0.506,0.1302
"8192",0.0625,0.514287250198786,0.00604111468278354,0,0.451,0.043,0.506,0.1302
"8193",0.0078125,0.514287250198786,0.00604111468278354,0,0.451,0.043,0.506,0.1302
"8194",0.03125,0.514287250198786,0.00604111468278354,0,0.451,0.043,0.506,0.1302
"8195",0.046875,0.514287250198786,0.00604111468278354,0,0.451,0.043,0.506,0.1302
"8196",1,0.514287250198786,0.00604111468278354,0,0.451,0.043,0.506,0.1302
"8197",1,0.514287250198786,0.00604111468278354,0,0.451,0.043,0.506,0.1302
"8198",0.01953125,0.514287250198786,0.00604111468278354,0,0.451,0.043,0.506,0.1302
"8199",1,0.514287250198786,0.00604111468278354,0,0.451,0.043,0.506,0.1302
"8200",1,0.514287250198786,0.00604111468278354,0,0.451,0.043,0.506,0.1302
"8201",0.03125,0.514287250198786,0.00604111468278354,0,0.451,0.043,0.506,0.1302
"8202",1,0.514287250198786,0.00604111468278354,0,0.451,0.043,0.506,0.1302
"8203",0.140625,0.514287250198786,0.00604111468278354,0,0.451,0.043,0.506,0.1302
"8204",1,0.514287250198786,0.00604111468278354,0,0.451,0.043,0.506,0.1302
"8205",1,0.514287250198786,0.00604111468278354,0,0.451,0.043,0.506,0.1302
"8206",1,0.514287250198786,0.00604111468278354,0,0.451,0.043,0.506,0.1302
"8207",1,0.514287250198786,0.00604111468278354,0,0.451,0.043,0.506,0.1302
"8208",0.02734375,0.514287250198786,0.00604111468278354,0,0.451,0.043,0.506,0.1302
"8209",0.03515625,0.514287250198786,0.00604111468278354,0,0.451,0.043,0.506,0.1302
"8210",0.01171875,0.514287250198786,0.00604111468278354,0,0.451,0.043,0.506,0.1302
"8211",0.12890625,0.514287250198786,0.00604111468278354,0,0.451,0.043,0.506,0.1302
"8212",1,0.514287250198786,0.00604111468278354,0,0.451,0.043,0.506,0.1302
"8213",1,0.514287250198786,0.00604111468278354,0,0.451,0.043,0.506,0.1302
"8214",1,0.514287250198786,0.00604111468278354,0,0.451,0.043,0.506,0.1302
"8215",0.0078125,0.514287250198786,0.00604111468278354,0,0.451,0.043,0.506,0.1302
"8216",0.07421875,0.514287250198786,0.00604111468278354,0,0.451,0.043,0.506,0.1302
"8217",0.0078125,0.514287250198786,0.00604111468278354,0,0.451,0.043,0.506,0.1302
"8218",1,0.514287250198786,0.00604111468278354,0,0.451,0.043,0.506,0.1302
"8219",0,0.514287250198786,0.00604111468278354,0,0.451,0.043,0.506,0.1302
"8220",0.015625,0.514287250198786,0.00604111468278354,0,0.451,0.043,0.506,0.1302
"8221",0.01171875,0.514287250198786,0.00604111468278354,0,0.451,0.043,0.506,0.1302
"8222",0.3359375,0.514287250198786,0.00604111468278354,0,0.451,0.043,0.506,0.1302
"8223",0.01953125,0.514287250198786,0.00604111468278354,0,0.451,0.043,0.506,0.1302
"8224",0.01953125,0.514287250198786,0.00604111468278354,0,0.451,0.043,0.506,0.1302
"8225",1,0.514287250198786,0.00604111468278354,0,0.451,0.043,0.506,0.1302
"8226",1,0.514287250198786,0.00604111468278354,0,0.451,0.043,0.506,0.1302
"8227",0.015625,0.514287250198786,0.00604111468278354,0,0.451,0.043,0.506,0.1302
"8228",0.12890625,0.514287250198786,0.00604111468278354,0,0.451,0.043,0.506,0.1302
"8229",0.0078125,0.514287250198786,0.00604111468278354,0,0.451,0.043,0.506,0.1302
"8230",1,0.514287250198786,0.00604111468278354,0,0.451,0.043,0.506,0.1302
"8231",1,0.514287250198786,0.00604111468278354,0,0.451,0.043,0.506,0.1302
"8232",0.05078125,0.514287250198786,0.00604111468278354,0,0.451,0.043,0.506,0.1302
"8233",0.1171875,0.514287250198786,0.00604111468278354,0,0.451,0.043,0.506,0.1302
"8234",1,0.514287250198786,0.00604111468278354,0,0.451,0.043,0.506,0.1302
"8235",0.0390625,0.514287250198786,0.00604111468278354,0,0.451,0.043,0.506,0.1302
"8236",0.0390625,0.514287250198786,0.00604111468278354,0,0.451,0.043,0.506,0.1302
"8237",0.07421875,0.514287250198786,0.00604111468278354,0,0.451,0.043,0.506,0.1302
"8238",0.28515625,0.514287250198786,0.00604111468278354,0,0.451,0.043,0.506,0.1302
"8239",0.0546875,0.514287250198786,0.00604111468278354,0,0.451,0.043,0.506,0.1302
"8240",0.01953125,0.514287250198786,0.00604111468278354,0,0.451,0.043,0.506,0.1302
"8241",0.09375,0.514287250198786,0.00604111468278354,0,0.451,0.043,0.506,0.1302
"8242",1,0.514287250198786,0.00604111468278354,0,0.451,0.043,0.506,0.1302
"8243",1,0.514287250198786,0.00604111468278354,0,0.451,0.043,0.506,0.1302
"8244",0.03515625,0.514287250198786,0.00604111468278354,0,0.451,0.043,0.506,0.1302
"8245",0.05078125,0.514287250198786,0.00604111468278354,0,0.451,0.043,0.506,0.1302
"8246",0.0625,0.514287250198786,0.00604111468278354,0,0.451,0.043,0.506,0.1302
"8247",0.015625,0.514287250198786,0.00604111468278354,0,0.451,0.043,0.506,0.1302
"8248",1,0.514287250198786,0.00604111468278354,0,0.451,0.043,0.506,0.1302
"8249",1,0.514287250198786,0.00604111468278354,0,0.451,0.043,0.506,0.1302
"8250",0.02734375,0.514287250198786,0.00604111468278354,0,0.451,0.043,0.506,0.1302
"8251",0.0078125,0.514287250198786,0.00604111468278354,0,0.451,0.043,0.506,0.1302
"8252",0,0.514287250198786,0.00604111468278354,0,0.451,0.043,0.506,0.1302
"8253",1,0.514287250198786,0.00604111468278354,0,0.451,0.043,0.506,0.1302
"8254",0.03515625,0.514287250198786,0.00604111468278354,0,0.451,0.043,0.506,0.1302
"8255",0.0390625,0.514287250198786,0.00604111468278354,0,0.451,0.043,0.506,0.1302
"8256",0.09375,0.514287250198786,0.00604111468278354,0,0.451,0.043,0.506,0.1302
"8257",0.02734375,0.514287250198786,0.00604111468278354,0,0.451,0.043,0.506,0.1302
"8258",1,0.514287250198786,0.00604111468278354,0,0.451,0.043,0.506,0.1302
"8259",1,0.514287250198786,0.00604111468278354,0,0.451,0.043,0.506,0.1302
"8260",1,0.514287250198786,0.00604111468278354,0,0.451,0.043,0.506,0.1302
"8261",0.046875,0.514287250198786,0.00604111468278354,0,0.451,0.043,0.506,0.1302
"8262",0.50390625,0.514287250198786,0.00604111468278354,0,0.451,0.043,0.506,0.1302
"8263",0.078125,0.514287250198786,0.00604111468278354,0,0.451,0.043,0.506,0.1302
"8264",0.11328125,0.514287250198786,0.00604111468278354,0,0.451,0.043,0.506,0.1302
"8265",0.046875,0.514287250198786,0.00604111468278354,0,0.451,0.043,0.506,0.1302
"8266",0.02734375,0.514287250198786,0.00604111468278354,0,0.451,0.043,0.506,0.1302
"8267",1,0.514287250198786,0.00604111468278354,0,0.451,0.043,0.506,0.1302
"8268",1,0.514287250198786,0.00604111468278354,0,0.451,0.043,0.506,0.1302
"8269",1,0.514287250198786,0.00604111468278354,0,0.451,0.043,0.506,0.1302
"8270",1,0.514287250198786,0.00604111468278354,0,0.451,0.043,0.506,0.1302
"8271",1,0.514287250198786,0.00604111468278354,0,0.451,0.043,0.506,0.1302
"8272",1,0.514287250198786,0.00604111468278354,0,0.451,0.043,0.506,0.1302
"8273",1,0.514287250198786,0.00604111468278354,0,0.451,0.043,0.506,0.1302
"8274",1,0.514287250198786,0.00604111468278354,0,0.451,0.043,0.506,0.1302
"8275",0.01171875,0.514287250198786,0.00604111468278354,0,0.451,0.043,0.506,0.1302
"8276",0.04296875,0.514287250198786,0.00604111468278354,0,0.451,0.043,0.506,0.1302
"8277",1,0.514287250198786,0.00604111468278354,0,0.451,0.043,0.506,0.1302
"8278",1,0.514287250198786,0.00604111468278354,0,0.451,0.043,0.506,0.1302
"8279",0.0390625,0.514287250198786,0.00604111468278354,0,0.451,0.043,0.506,0.1302
"8280",0.0703125,0.514287250198786,0.00604111468278354,0,0.451,0.043,0.506,0.1302
"8281",0.03125,0.514287250198786,0.00604111468278354,0,0.451,0.043,0.506,0.1302
"8282",0.04296875,0.514287250198786,0.00604111468278354,0,0.451,0.043,0.506,0.1302
"8283",1,0.514287250198786,0.00604111468278354,0,0.451,0.043,0.506,0.1302
"8284",1,0.514287250198786,0.00604111468278354,0,0.451,0.043,0.506,0.1302
"8285",1,0.514287250198786,0.00604111468278354,0,0.451,0.043,0.506,0.1302
"8286",0.00390625,0.514287250198786,0.00604111468278354,0,0.451,0.043,0.506,0.1302
"8287",1,0.514287250198786,0.00604111468278354,0,0.451,0.043,0.506,0.1302
"8288",1,0.514287250198786,0.00604111468278354,0,0.451,0.043,0.506,0.1302
"8289",0.05859375,0.514287250198786,0.00604111468278354,0,0.451,0.043,0.506,0.1302
"8290",0.00390625,0.514287250198786,0.00604111468278354,0,0.451,0.043,0.506,0.1302
"8291",0.01171875,0.514287250198786,0.00604111468278354,0,0.451,0.043,0.506,0.1302
"8292",1,0.514287250198786,0.00604111468278354,0,0.451,0.043,0.506,0.1302
"8293",1,0.514287250198786,0.00604111468278354,0,0.451,0.043,0.506,0.1302
"8294",0.00390625,0.514287250198786,0.00604111468278354,0,0.451,0.043,0.506,0.1302
"8295",0.0390625,0.514287250198786,0.00604111468278354,0,0.451,0.043,0.506,0.1302
"8296",0.00390625,0.514287250198786,0.00604111468278354,0,0.451,0.043,0.506,0.1302
"8297",1,0.514287250198786,0.00604111468278354,0,0.451,0.043,0.506,0.1302
"8298",1,0.514287250198786,0.00604111468278354,0,0.451,0.043,0.506,0.1302
"8299",1,0.514287250198786,0.00604111468278354,0,0.451,0.043,0.506,0.1302
"8300",1,0.514287250198786,0.00604111468278354,0,0.451,0.043,0.506,0.1302
"8301",1,0.514287250198786,0.00604111468278354,0,0.451,0.043,0.506,0.1302
"8302",0.015625,0.514287250198786,0.00604111468278354,0,0.451,0.043,0.506,0.1302
"8303",1,0.514287250198786,0.00604111468278354,0,0.451,0.043,0.506,0.1302
"8304",1,0.514287250198786,0.00604111468278354,0,0.451,0.043,0.506,0.1302
"8305",0.17578125,0.514287250198786,0.00604111468278354,0,0.451,0.043,0.506,0.1302
"8306",0.03515625,0.514287250198786,0.00604111468278354,0,0.451,0.043,0.506,0.1302
"8307",0,0.514287250198786,0.00604111468278354,0,0.451,0.043,0.506,0.1302
"8308",1,0.514287250198786,0.00604111468278354,0,0.451,0.043,0.506,0.1302
"8309",0.015625,0.514287250198786,0.00604111468278354,0,0.451,0.043,0.506,0.1302
"8310",1,0.514287250198786,0.00604111468278354,0,0.451,0.043,0.506,0.1302
"8311",1,0.514287250198786,0.00604111468278354,0,0.451,0.043,0.506,0.1302
"8312",0.08203125,0.514287250198786,0.00604111468278354,0,0.451,0.043,0.506,0.1302
"8313",0.01171875,0.514287250198786,0.00604111468278354,0,0.451,0.043,0.506,0.1302
"8314",0.1875,0.514287250198786,0.00604111468278354,0,0.451,0.043,0.506,0.1302
"8315",0.03515625,0.514287250198786,0.00604111468278354,0,0.451,0.043,0.506,0.1302
"8316",1,0.514287250198786,0.00604111468278354,0,0.451,0.043,0.506,0.1302
"8317",1,0.514287250198786,0.00604111468278354,0,0.451,0.043,0.506,0.1302
"8318",1,0.514287250198786,0.00604111468278354,0,0.451,0.043,0.506,0.1302
"8319",0.15625,0.514287250198786,0.00604111468278354,0,0.451,0.043,0.506,0.1302
"8320",1,0.514287250198786,0.00604111468278354,0,0.451,0.043,0.506,0.1302
"8321",1,0.514287250198786,0.00604111468278354,0,0.451,0.043,0.506,0.1302
"8322",1,0.514287250198786,0.00604111468278354,0,0.451,0.043,0.506,0.1302
"8323",0.02734375,0.514287250198786,0.00604111468278354,0,0.451,0.043,0.506,0.1302
"8324",1,0.514287250198786,0.00604111468278354,0,0.451,0.043,0.506,0.1302
"8325",1,0.514287250198786,0.00604111468278354,0,0.451,0.043,0.506,0.1302
"8326",0.02734375,0.514287250198786,0.00604111468278354,0,0.451,0.043,0.506,0.1302
"8327",1,0.514287250198786,0.00604111468278354,0,0.451,0.043,0.506,0.1302
"8328",1,0.514287250198786,0.00604111468278354,0,0.451,0.043,0.506,0.1302
"8329",1,0.514287250198786,0.00604111468278354,0,0.451,0.043,0.506,0.1302
"8330",1,0.514287250198786,0.00604111468278354,0,0.451,0.043,0.506,0.1302
"8331",1,0.514287250198786,0.00604111468278354,0,0.451,0.043,0.506,0.1302
"8332",1,0.514287250198786,0.00604111468278354,0,0.451,0.043,0.506,0.1302
"8333",1,0.514287250198786,0.00604111468278354,0,0.451,0.043,0.506,0.1302
"8334",0.03125,0.514287250198786,0.00604111468278354,0,0.451,0.043,0.506,0.1302
"8335",0.06640625,0.514287250198786,0.00604111468278354,0,0.451,0.043,0.506,0.1302
"8336",0.01171875,0.514287250198786,0.00604111468278354,0,0.451,0.043,0.506,0.1302
"8337",1,0.514287250198786,0.00604111468278354,0,0.451,0.043,0.506,0.1302
"8338",0.00390625,0.514287250198786,0.00604111468278354,0,0.451,0.043,0.506,0.1302
"8339",1,0.514287250198786,0.00604111468278354,0,0.451,0.043,0.506,0.1302
"8340",0.015625,0.514287250198786,0.00604111468278354,0,0.451,0.043,0.506,0.1302
"8341",1,0.514287250198786,0.00604111468278354,0,0.451,0.043,0.506,0.1302
"8342",0.01953125,0.514287250198786,0.00604111468278354,0,0.451,0.043,0.506,0.1302
"8343",0.01171875,0.514287250198786,0.00604111468278354,0,0.451,0.043,0.506,0.1302
"8344",0.00390625,0.514287250198786,0.00604111468278354,0,0.451,0.043,0.506,0.1302
"8345",0.01171875,0.514287250198786,0.00604111468278354,0,0.451,0.043,0.506,0.1302
"8346",1,0.514287250198786,0.00604111468278354,0,0.451,0.043,0.506,0.1302
"8347",0.0234375,0.514287250198786,0.00604111468278354,0,0.451,0.043,0.506,0.1302
"8348",1,0.514287250198786,0.00604111468278354,0,0.451,0.043,0.506,0.1302
"8349",0.0078125,0.514287250198786,0.00604111468278354,0,0.451,0.043,0.506,0.1302
"8350",1,0.514287250198786,0.00604111468278354,0,0.451,0.043,0.506,0.1302
"8351",1,0.514287250198786,0.00604111468278354,0,0.451,0.043,0.506,0.1302
"8352",0.03125,0.514287250198786,0.00604111468278354,0,0.451,0.043,0.506,0.1302
"8353",1,0.514287250198786,0.00604111468278354,0,0.451,0.043,0.506,0.1302
"8354",0.015625,0.514287250198786,0.00604111468278354,0,0.451,0.043,0.506,0.1302
"8355",1,0.514287250198786,0.00604111468278354,0,0.451,0.043,0.506,0.1302
"8356",0.04296875,0.514287250198786,0.00604111468278354,0,0.451,0.043,0.506,0.1302
"8357",1,0.514287250198786,0.00604111468278354,0,0.451,0.043,0.506,0.1302
"8358",1,0.514287250198786,0.00604111468278354,0,0.451,0.043,0.506,0.1302
"8359",0.01171875,0.514287250198786,0.00604111468278354,0,0.451,0.043,0.506,0.1302
"8360",0.0390625,0.514287250198786,0.00604111468278354,0,0.451,0.043,0.506,0.1302
"8361",0.0078125,0.514287250198786,0.00604111468278354,0,0.451,0.043,0.506,0.1302
"8362",1,0.514287250198786,0.00604111468278354,0,0.451,0.043,0.506,0.1302
"8363",0.0078125,0.514287250198786,0.00604111468278354,0,0.451,0.043,0.506,0.1302
"8364",0.046875,0.514287250198786,0.00604111468278354,0,0.451,0.043,0.506,0.1302
"8365",1,0.514287250198786,0.00604111468278354,0,0.451,0.043,0.506,0.1302
"8366",1,0.514287250198786,0.00604111468278354,0,0.451,0.043,0.506,0.1302
"8367",0.05078125,0.514287250198786,0.00604111468278354,0,0.451,0.043,0.506,0.1302
"8368",1,0.514287250198786,0.00604111468278354,0,0.451,0.043,0.506,0.1302
"8369",0.01171875,0.514287250198786,0.00604111468278354,0,0.451,0.043,0.506,0.1302
"8370",0.078125,0.514287250198786,0.00604111468278354,0,0.451,0.043,0.506,0.1302
"8371",1,0.514287250198786,0.00604111468278354,0,0.451,0.043,0.506,0.1302
"8372",1,0.514287250198786,0.00604111468278354,0,0.451,0.043,0.506,0.1302
"8373",0.05078125,0.514287250198786,0.00604111468278354,0,0.451,0.043,0.506,0.1302
"8374",0,0.514287250198786,0.00604111468278354,0,0.451,0.043,0.506,0.1302
"8375",1,0.514287250198786,0.00604111468278354,0,0.451,0.043,0.506,0.1302
"8376",0.0703125,0.514287250198786,0.00604111468278354,0,0.451,0.043,0.506,0.1302
"8377",1,0.514287250198786,0.00604111468278354,0,0.451,0.043,0.506,0.1302
"8378",1,0.514287250198786,0.00604111468278354,0,0.451,0.043,0.506,0.1302
"8379",0.13671875,0.514287250198786,0.00604111468278354,0,0.451,0.043,0.506,0.1302
"8380",0.01171875,0.514287250198786,0.00604111468278354,0,0.451,0.043,0.506,0.1302
"8381",0.03515625,0.514287250198786,0.00604111468278354,0,0.451,0.043,0.506,0.1302
"8382",1,0.514287250198786,0.00604111468278354,0,0.451,0.043,0.506,0.1302
"8383",0.02734375,0.514287250198786,0.00604111468278354,0,0.451,0.043,0.506,0.1302
"8384",1,0.514287250198786,0.00604111468278354,0,0.451,0.043,0.506,0.1302
"8385",0.00390625,0.514287250198786,0.00604111468278354,0,0.451,0.043,0.506,0.1302
"8386",1,0.514287250198786,0.00604111468278354,0,0.451,0.043,0.506,0.1302
"8387",1,0.514287250198786,0.00604111468278354,0,0.451,0.043,0.506,0.1302
"8388",0.01953125,0.514287250198786,0.00604111468278354,0,0.451,0.043,0.506,0.1302
"8389",0.046875,0.514287250198786,0.00604111468278354,0,0.451,0.043,0.506,0.1302
"8390",1,0.514287250198786,0.00604111468278354,0,0.451,0.043,0.506,0.1302
"8391",1,0.514287250198786,0.00604111468278354,0,0.451,0.043,0.506,0.1302
"8392",0.02734375,0.514287250198786,0.00604111468278354,0,0.451,0.043,0.506,0.1302
"8393",0.01171875,0.514287250198786,0.00604111468278354,0,0.451,0.043,0.506,0.1302
"8394",0.01953125,0.514287250198786,0.00604111468278354,0,0.451,0.043,0.506,0.1302
"8395",1,0.514287250198786,0.00604111468278354,0,0.451,0.043,0.506,0.1302
"8396",1,0.514287250198786,0.00604111468278354,0,0.451,0.043,0.506,0.1302
"8397",1,0.514287250198786,0.00604111468278354,0,0.451,0.043,0.506,0.1302
"8398",1,0.514287250198786,0.00604111468278354,0,0.451,0.043,0.506,0.1302
"8399",0.015625,0.514287250198786,0.00604111468278354,0,0.451,0.043,0.506,0.1302
"8400",1,0.514287250198786,0.00604111468278354,0,0.451,0.043,0.506,0.1302
"8401",1,0.514287250198786,0.00604111468278354,0,0.451,0.043,0.506,0.1302
"8402",1,0.514287250198786,0.00604111468278354,0,0.451,0.043,0.506,0.1302
"8403",1,0.514287250198786,0.00604111468278354,0,0.451,0.043,0.506,0.1302
"8404",0.01171875,0.514287250198786,0.00604111468278354,0,0.451,0.043,0.506,0.1302
"8405",1,0.514287250198786,0.00604111468278354,0,0.451,0.043,0.506,0.1302
"8406",0,0.514287250198786,0.00604111468278354,0,0.451,0.043,0.506,0.1302
"8407",1,0.514287250198786,0.00604111468278354,0,0.451,0.043,0.506,0.1302
"8408",0.01171875,0.514287250198786,0.00604111468278354,0,0.451,0.043,0.506,0.1302
"8409",1,0.514287250198786,0.00604111468278354,0,0.451,0.043,0.506,0.1302
"8410",1,0.514287250198786,0.00604111468278354,0,0.451,0.043,0.506,0.1302
"8411",0.0078125,0.514287250198786,0.00604111468278354,0,0.451,0.043,0.506,0.1302
"8412",0.0234375,0.514287250198786,0.00604111468278354,0,0.451,0.043,0.506,0.1302
"8413",1,0.514287250198786,0.00604111468278354,0,0.451,0.043,0.506,0.1302
"8414",1,0.514287250198786,0.00604111468278354,0,0.451,0.043,0.506,0.1302
"8415",1,0.514287250198786,0.00604111468278354,0,0.451,0.043,0.506,0.1302
"8416",0.00390625,0.514287250198786,0.00604111468278354,0,0.451,0.043,0.506,0.1302
"8417",1,0.514287250198786,0.00604111468278354,0,0.451,0.043,0.506,0.1302
"8418",1,0.514287250198786,0.00604111468278354,0,0.451,0.043,0.506,0.1302
"8419",0.140625,0.514287250198786,0.00604111468278354,0,0.451,0.043,0.506,0.1302
"8420",1,0.514287250198786,0.00604111468278354,0,0.451,0.043,0.506,0.1302
"8421",1,0.514287250198786,0.00604111468278354,0,0.451,0.043,0.506,0.1302
"8422",0.01171875,0.514287250198786,0.00604111468278354,0,0.451,0.043,0.506,0.1302
"8423",0.01171875,0.514287250198786,0.00604111468278354,0,0.451,0.043,0.506,0.1302
"8424",0.046875,0.514287250198786,0.00604111468278354,0,0.451,0.043,0.506,0.1302
"8425",1,0.514287250198786,0.00604111468278354,0,0.451,0.043,0.506,0.1302
"8426",1,0.514287250198786,0.00604111468278354,0,0.451,0.043,0.506,0.1302
"8427",1,0.514287250198786,0.00604111468278354,0,0.451,0.043,0.506,0.1302
"8428",1,0.514287250198786,0.00604111468278354,0,0.451,0.043,0.506,0.1302
"8429",1,0.514287250198786,0.00604111468278354,0,0.451,0.043,0.506,0.1302
"8430",0.03515625,0.514287250198786,0.00604111468278354,0,0.451,0.043,0.506,0.1302
"8431",0.02734375,0.514287250198786,0.00604111468278354,0,0.451,0.043,0.506,0.1302
"8432",0.01953125,0.514287250198786,0.00604111468278354,0,0.451,0.043,0.506,0.1302
"8433",1,0.514287250198786,0.00604111468278354,0,0.451,0.043,0.506,0.1302
"8434",1,0.514287250198786,0.00604111468278354,0,0.451,0.043,0.506,0.1302
"8435",1,0.514287250198786,0.00604111468278354,0,0.451,0.043,0.506,0.1302
"8436",1,0.514287250198786,0.00604111468278354,0,0.451,0.043,0.506,0.1302
"8437",1,0.514287250198786,0.00604111468278354,0,0.451,0.043,0.506,0.1302
"8438",1,0.514287250198786,0.00604111468278354,0,0.451,0.043,0.506,0.1302
"8439",1,0.514287250198786,0.00604111468278354,0,0.451,0.043,0.506,0.1302
"8440",1,0.514287250198786,0.00604111468278354,0,0.451,0.043,0.506,0.1302
"8441",0.02734375,0.514287250198786,0.00604111468278354,0,0.451,0.043,0.506,0.1302
"8442",0.01171875,0.514287250198786,0.00604111468278354,0,0.451,0.043,0.506,0.1302
"8443",1,0.514287250198786,0.00604111468278354,0,0.451,0.043,0.506,0.1302
"8444",0.17578125,0.514287250198786,0.00604111468278354,0,0.451,0.043,0.506,0.1302
"8445",1,0.514287250198786,0.00604111468278354,0,0.451,0.043,0.506,0.1302
"8446",1,0.514287250198786,0.00604111468278354,0,0.451,0.043,0.506,0.1302
"8447",1,0.514287250198786,0.00604111468278354,0,0.451,0.043,0.506,0.1302
"8448",1,0.514287250198786,0.00604111468278354,0,0.451,0.043,0.506,0.1302
"8449",1,0.514287250198786,0.00604111468278354,0,0.451,0.043,0.506,0.1302
"8450",1,0.514287250198786,0.00604111468278354,0,0.451,0.043,0.506,0.1302
"8451",1,0.514287250198786,0.00604111468278354,0,0.451,0.043,0.506,0.1302
"8452",1,0.514287250198786,0.00604111468278354,0,0.451,0.043,0.506,0.1302
"8453",0.0234375,0.514287250198786,0.00604111468278354,0,0.451,0.043,0.506,0.1302
"8454",0.01171875,0.514287250198786,0.00604111468278354,0,0.451,0.043,0.506,0.1302
"8455",1,0.514287250198786,0.00604111468278354,0,0.451,0.043,0.506,0.1302
"8456",0.00390625,0.514287250198786,0.00604111468278354,0,0.451,0.043,0.506,0.1302
"8457",0.015625,0.514287250198786,0.00604111468278354,0,0.451,0.043,0.506,0.1302
"8458",0.015625,0.514287250198786,0.00604111468278354,0,0.451,0.043,0.506,0.1302
"8459",1,0.514287250198786,0.00604111468278354,0,0.451,0.043,0.506,0.1302
"8460",1,0.514287250198786,0.00604111468278354,0,0.451,0.043,0.506,0.1302
"8461",0.0078125,0.514287250198786,0.00604111468278354,0,0.451,0.043,0.506,0.1302
"8462",1,0.514287250198786,0.00604111468278354,0,0.451,0.043,0.506,0.1302
"8463",1,0.514287250198786,0.00604111468278354,0,0.451,0.043,0.506,0.1302
"8464",0.07421875,0.514287250198786,0.00604111468278354,0,0.451,0.043,0.506,0.1302
"8465",0.0390625,0.514287250198786,0.00604111468278354,0,0.451,0.043,0.506,0.1302
"8466",1,0.514287250198786,0.00604111468278354,0,0.451,0.043,0.506,0.1302
"8467",1,0.514287250198786,0.00604111468278354,0,0.451,0.043,0.506,0.1302
"8468",0.0234375,0.514287250198786,0.00604111468278354,0,0.451,0.043,0.506,0.1302
"8469",1,0.514287250198786,0.00604111468278354,0,0.451,0.043,0.506,0.1302
"8470",1,0.514287250198786,0.00604111468278354,0,0.451,0.043,0.506,0.1302
"8471",1,0.514287250198786,0.00604111468278354,0,0.451,0.043,0.506,0.1302
"8472",1,0.514287250198786,0.00604111468278354,0,0.451,0.043,0.506,0.1302
"8473",0.09375,0.514287250198786,0.00604111468278354,0,0.451,0.043,0.506,0.1302
"8474",0.078125,0.514287250198786,0.00604111468278354,0,0.451,0.043,0.506,0.1302
"8475",0.015625,0.514287250198786,0.00604111468278354,0,0.451,0.043,0.506,0.1302
"8476",1,0.514287250198786,0.00604111468278354,0,0.451,0.043,0.506,0.1302
"8477",0.03125,0.514287250198786,0.00604111468278354,0,0.451,0.043,0.506,0.1302
"8478",0.02734375,0.514287250198786,0.00604111468278354,0,0.451,0.043,0.506,0.1302
"8479",1,0.514287250198786,0.00604111468278354,0,0.451,0.043,0.506,0.1302
"8480",1,0.514287250198786,0.00604111468278354,0,0.451,0.043,0.506,0.1302
"8481",0,0.514287250198786,0.00604111468278354,0,0.451,0.043,0.506,0.1302
"8482",0.02734375,0.514287250198786,0.00604111468278354,0,0.451,0.043,0.506,0.1302
"8483",1,0.514287250198786,0.00604111468278354,0,0.451,0.043,0.506,0.1302
"8484",0.00390625,0.514287250198786,0.00604111468278354,0,0.451,0.043,0.506,0.1302
"8485",0.11328125,0.514287250198786,0.00604111468278354,0,0.451,0.043,0.506,0.1302
"8486",1,0.514287250198786,0.00604111468278354,0,0.451,0.043,0.506,0.1302
"8487",1,0.514287250198786,0.00604111468278354,0,0.451,0.043,0.506,0.1302
"8488",1,0.514287250198786,0.00604111468278354,0,0.451,0.043,0.506,0.1302
"8489",1,0.514287250198786,0.00604111468278354,0,0.451,0.043,0.506,0.1302
"8490",1,0.514287250198786,0.00604111468278354,0,0.451,0.043,0.506,0.1302
"8491",0.01953125,0.514287250198786,0.00604111468278354,0,0.451,0.043,0.506,0.1302
"8492",0.13671875,0.514287250198786,0.00604111468278354,0,0.451,0.043,0.506,0.1302
"8493",0.5,0.514287250198786,0.00604111468278354,0,0.451,0.043,0.506,0.1302
"8494",1,0.514287250198786,0.00604111468278354,0,0.451,0.043,0.506,0.1302
"8495",0.2578125,0.514287250198786,0.00604111468278354,0,0.451,0.043,0.506,0.1302
"8496",1,0.514287250198786,0.00604111468278354,0,0.451,0.043,0.506,0.1302
"8497",0.01171875,0.514287250198786,0.00604111468278354,0,0.451,0.043,0.506,0.1302
"8498",0.0078125,0.514287250198786,0.00604111468278354,0,0.451,0.043,0.506,0.1302
"8499",0.04296875,0.514287250198786,0.00604111468278354,0,0.451,0.043,0.506,0.1302
"8500",1,0.514287250198786,0.00604111468278354,0,0.451,0.043,0.506,0.1302
"8501",1,0.514287250198786,0.00604111468278354,0,0.451,0.043,0.506,0.1302
"8502",0.0859375,0.514287250198786,0.00604111468278354,0,0.451,0.043,0.506,0.1302
"8503",0.0078125,0.514287250198786,0.00604111468278354,0,0.451,0.043,0.506,0.1302
"8504",0.00390625,0.514287250198786,0.00604111468278354,0,0.451,0.043,0.506,0.1302
"8505",1,0.514287250198786,0.00604111468278354,0,0.451,0.043,0.506,0.1302
"8506",0.00390625,0.514287250198786,0.00604111468278354,0,0.451,0.043,0.506,0.1302
"8507",0.0234375,0.514287250198786,0.00604111468278354,0,0.451,0.043,0.506,0.1302
"8508",1,0.514287250198786,0.00604111468278354,0,0.451,0.043,0.506,0.1302
"8509",0.0703125,0.514287250198786,0.00604111468278354,0,0.451,0.043,0.506,0.1302
"8510",0.0859375,0.514287250198786,0.00604111468278354,0,0.451,0.043,0.506,0.1302
"8511",0.04296875,0.514287250198786,0.00604111468278354,0,0.451,0.043,0.506,0.1302
"8512",0.01171875,0.514287250198786,0.00604111468278354,0,0.451,0.043,0.506,0.1302
"8513",0.08203125,0.514287250198786,0.00604111468278354,0,0.451,0.043,0.506,0.1302
"8514",0.00390625,0.514287250198786,0.00604111468278354,0,0.451,0.043,0.506,0.1302
"8515",1,0.514287250198786,0.00604111468278354,0,0.451,0.043,0.506,0.1302
"8516",0.0078125,0.514287250198786,0.00604111468278354,0,0.451,0.043,0.506,0.1302
"8517",1,0.514287250198786,0.00604111468278354,0,0.451,0.043,0.506,0.1302
"8518",0.00390625,0.514287250198786,0.00604111468278354,0,0.451,0.043,0.506,0.1302
"8519",1,0.514287250198786,0.00604111468278354,0,0.451,0.043,0.506,0.1302
"8520",0.01171875,0.514287250198786,0.00604111468278354,0,0.451,0.043,0.506,0.1302
"8521",0.0078125,0.514287250198786,0.00604111468278354,0,0.451,0.043,0.506,0.1302
"8522",1,0.514287250198786,0.00604111468278354,0,0.451,0.043,0.506,0.1302
"8523",1,0.514287250198786,0.00604111468278354,0,0.451,0.043,0.506,0.1302
"8524",1,0.514287250198786,0.00604111468278354,0,0.451,0.043,0.506,0.1302
"8525",1,0.514287250198786,0.00604111468278354,0,0.451,0.043,0.506,0.1302
"8526",0.0078125,0.514287250198786,0.00604111468278354,0,0.451,0.043,0.506,0.1302
"8527",1,0.514287250198786,0.00604111468278354,0,0.451,0.043,0.506,0.1302
"8528",1,0.514287250198786,0.00604111468278354,0,0.451,0.043,0.506,0.1302
"8529",1,0.514287250198786,0.00604111468278354,0,0.451,0.043,0.506,0.1302
"8530",0.04296875,0.514287250198786,0.00604111468278354,0,0.451,0.043,0.506,0.1302
"8531",0.0234375,0.514287250198786,0.00604111468278354,0,0.451,0.043,0.506,0.1302
"8532",1,0.514287250198786,0.00604111468278354,0,0.451,0.043,0.506,0.1302
"8533",0.05078125,0.514287250198786,0.00604111468278354,0,0.451,0.043,0.506,0.1302
"8534",0.05078125,0.514287250198786,0.00604111468278354,0,0.451,0.043,0.506,0.1302
"8535",0,0.514287250198786,0.00604111468278354,0,0.451,0.043,0.506,0.1302
"8536",0.0390625,0.514287250198786,0.00604111468278354,0,0.451,0.043,0.506,0.1302
"8537",0.0234375,0.514287250198786,0.00604111468278354,0,0.451,0.043,0.506,0.1302
"8538",0.015625,0.514287250198786,0.00604111468278354,0,0.451,0.043,0.506,0.1302
"8539",0.015625,0.514287250198786,0.00604111468278354,0,0.451,0.043,0.506,0.1302
"8540",0.01171875,0.514287250198786,0.00604111468278354,0,0.451,0.043,0.506,0.1302
"8541",0.01953125,0.514287250198786,0.00604111468278354,0,0.451,0.043,0.506,0.1302
"8542",1,0.514287250198786,0.00604111468278354,0,0.451,0.043,0.506,0.1302
"8543",0.02734375,0.514287250198786,0.00604111468278354,0,0.451,0.043,0.506,0.1302
"8544",0.01171875,0.514287250198786,0.00604111468278354,0,0.451,0.043,0.506,0.1302
"8545",0.05078125,0.514287250198786,0.00604111468278354,0,0.451,0.043,0.506,0.1302
"8546",0.00390625,0.514287250198786,0.00604111468278354,0,0.451,0.043,0.506,0.1302
"8547",1,0.514287250198786,0.00604111468278354,0,0.451,0.043,0.506,0.1302
"8548",0.0703125,0.514287250198786,0.00604111468278354,0,0.451,0.043,0.506,0.1302
"8549",0.0234375,0.514287250198786,0.00604111468278354,0,0.451,0.043,0.506,0.1302
"8550",1,0.514287250198786,0.00604111468278354,0,0.451,0.043,0.506,0.1302
"8551",1,0.514287250198786,0.00604111468278354,0,0.451,0.043,0.506,0.1302
"8552",0.03515625,0.514287250198786,0.00604111468278354,0,0.451,0.043,0.506,0.1302
"8553",0.15234375,0.514287250198786,0.00604111468278354,0,0.451,0.043,0.506,0.1302
"8554",1,0.514287250198786,0.00604111468278354,0,0.451,0.043,0.506,0.1302
"8555",0.0390625,0.514287250198786,0.00604111468278354,0,0.451,0.043,0.506,0.1302
"8556",0.00390625,0.514287250198786,0.00604111468278354,0,0.451,0.043,0.506,0.1302
"8557",0.046875,0.514287250198786,0.00604111468278354,0,0.451,0.043,0.506,0.1302
"8558",1,0.514287250198786,0.00604111468278354,0,0.451,0.043,0.506,0.1302
"8559",1,0.514287250198786,0.00604111468278354,0,0.451,0.043,0.506,0.1302
"8560",0.0390625,0.514287250198786,0.00604111468278354,0,0.451,0.043,0.506,0.1302
"8561",0.13671875,0.514287250198786,0.00604111468278354,0,0.451,0.043,0.506,0.1302
"8562",0.01171875,0.514287250198786,0.00604111468278354,0,0.451,0.043,0.506,0.1302
"8563",0.01953125,0.514287250198786,0.00604111468278354,0,0.451,0.043,0.506,0.1302
"8564",0.0234375,0.514287250198786,0.00604111468278354,0,0.451,0.043,0.506,0.1302
"8565",1,0.514287250198786,0.00604111468278354,0,0.451,0.043,0.506,0.1302
"8566",1,0.514287250198786,0.00604111468278354,0,0.451,0.043,0.506,0.1302
"8567",0.02734375,0.514287250198786,0.00604111468278354,0,0.451,0.043,0.506,0.1302
"8568",1,0.514287250198786,0.00604111468278354,0,0.451,0.043,0.506,0.1302
"8569",1,0.514287250198786,0.00604111468278354,0,0.451,0.043,0.506,0.1302
"8570",0.01953125,0.514287250198786,0.00604111468278354,0,0.451,0.043,0.506,0.1302
"8571",1,0.514287250198786,0.00604111468278354,0,0.451,0.043,0.506,0.1302
"8572",1,0.514287250198786,0.00604111468278354,0,0.451,0.043,0.506,0.1302
"8573",0.01171875,0.514287250198786,0.00604111468278354,0,0.451,0.043,0.506,0.1302
"8574",0.015625,0.514287250198786,0.00604111468278354,0,0.451,0.043,0.506,0.1302
"8575",1,0.514287250198786,0.00604111468278354,0,0.451,0.043,0.506,0.1302
"8576",1,0.514287250198786,0.00604111468278354,0,0.451,0.043,0.506,0.1302
"8577",0.01171875,0.514287250198786,0.00604111468278354,0,0.451,0.043,0.506,0.1302
"8578",0.1484375,0.514287250198786,0.00604111468278354,0,0.451,0.043,0.506,0.1302
"8579",0.046875,0.514287250198786,0.00604111468278354,0,0.451,0.043,0.506,0.1302
"8580",0.03125,0.514287250198786,0.00604111468278354,0,0.451,0.043,0.506,0.1302
"8581",1,0.514287250198786,0.00604111468278354,0,0.451,0.043,0.506,0.1302
"8582",1,0.514287250198786,0.00604111468278354,0,0.451,0.043,0.506,0.1302
"8583",1,0.514287250198786,0.00604111468278354,0,0.451,0.043,0.506,0.1302
"8584",1,0.514287250198786,0.00604111468278354,0,0.451,0.043,0.506,0.1302
"8585",0.015625,0.514287250198786,0.00604111468278354,0,0.451,0.043,0.506,0.1302
"8586",1,0.514287250198786,0.00604111468278354,0,0.451,0.043,0.506,0.1302
"8587",0.0234375,0.514287250198786,0.00604111468278354,0,0.451,0.043,0.506,0.1302
"8588",0.0234375,0.514287250198786,0.00604111468278354,0,0.451,0.043,0.506,0.1302
"8589",0.01171875,0.514287250198786,0.00604111468278354,0,0.451,0.043,0.506,0.1302
"8590",1,0.514287250198786,0.00604111468278354,0,0.451,0.043,0.506,0.1302
"8591",0.046875,0.514287250198786,0.00604111468278354,0,0.451,0.043,0.506,0.1302
"8592",1,0.514287250198786,0.00604111468278354,0,0.451,0.043,0.506,0.1302
"8593",0.015625,0.514287250198786,0.00604111468278354,0,0.451,0.043,0.506,0.1302
"8594",0.0546875,0.514287250198786,0.00604111468278354,0,0.451,0.043,0.506,0.1302
"8595",0,0.514287250198786,0.00604111468278354,0,0.451,0.043,0.506,0.1302
"8596",1,0.514287250198786,0.00604111468278354,0,0.451,0.043,0.506,0.1302
"8597",0.05859375,0.514287250198786,0.00604111468278354,0,0.451,0.043,0.506,0.1302
"8598",1,0.514287250198786,0.00604111468278354,0,0.451,0.043,0.506,0.1302
"8599",1,0.514287250198786,0.00604111468278354,0,0.451,0.043,0.506,0.1302
"8600",0.39453125,0.514287250198786,0.00604111468278354,0,0.451,0.043,0.506,0.1302
"8601",0.01953125,0.514287250198786,0.00604111468278354,0,0.451,0.043,0.506,0.1302
"8602",1,0.514287250198786,0.00604111468278354,0,0.451,0.043,0.506,0.1302
"8603",1,0.514287250198786,0.00604111468278354,0,0.451,0.043,0.506,0.1302
"8604",0.0625,0.514287250198786,0.00604111468278354,0,0.451,0.043,0.506,0.1302
"8605",1,0.514287250198786,0.00604111468278354,0,0.451,0.043,0.506,0.1302
"8606",1,0.514287250198786,0.00604111468278354,0,0.451,0.043,0.506,0.1302
"8607",0.0703125,0.514287250198786,0.00604111468278354,0,0.451,0.043,0.506,0.1302
"8608",1,0.514287250198786,0.00604111468278354,0,0.451,0.043,0.506,0.1302
"8609",0.015625,0.514287250198786,0.00604111468278354,0,0.451,0.043,0.506,0.1302
"8610",0.00390625,0.514287250198786,0.00604111468278354,0,0.451,0.043,0.506,0.1302
"8611",1,0.514287250198786,0.00604111468278354,0,0.451,0.043,0.506,0.1302
"8612",0.0234375,0.514287250198786,0.00604111468278354,0,0.451,0.043,0.506,0.1302
"8613",0.015625,0.514287250198786,0.00604111468278354,0,0.451,0.043,0.506,0.1302
"8614",0.04296875,0.514287250198786,0.00604111468278354,0,0.451,0.043,0.506,0.1302
"8615",0.01953125,0.514287250198786,0.00604111468278354,0,0.451,0.043,0.506,0.1302
"8616",0.00390625,0.514287250198786,0.00604111468278354,0,0.451,0.043,0.506,0.1302
"8617",1,0.514287250198786,0.00604111468278354,0,0.451,0.043,0.506,0.1302
"8618",0.046875,0.514287250198786,0.00604111468278354,0,0.451,0.043,0.506,0.1302
"8619",0.078125,0.514287250198786,0.00604111468278354,0,0.451,0.043,0.506,0.1302
"8620",1,0.514287250198786,0.00604111468278354,0,0.451,0.043,0.506,0.1302
"8621",1,0.514287250198786,0.00604111468278354,0,0.451,0.043,0.506,0.1302
"8622",1,0.514287250198786,0.00604111468278354,0,0.451,0.043,0.506,0.1302
"8623",0.0390625,0.514287250198786,0.00604111468278354,0,0.451,0.043,0.506,0.1302
"8624",0,0.514287250198786,0.00604111468278354,0,0.451,0.043,0.506,0.1302
"8625",0.015625,0.514287250198786,0.00604111468278354,0,0.451,0.043,0.506,0.1302
"8626",1,0.514287250198786,0.00604111468278354,0,0.451,0.043,0.506,0.1302
"8627",0.00390625,0.514287250198786,0.00604111468278354,0,0.451,0.043,0.506,0.1302
"8628",1,0.514287250198786,0.00604111468278354,0,0.451,0.043,0.506,0.1302
"8629",0.0625,0.514287250198786,0.00604111468278354,0,0.451,0.043,0.506,0.1302
"8630",1,0.514287250198786,0.00604111468278354,0,0.451,0.043,0.506,0.1302
"8631",1,0.514287250198786,0.00604111468278354,0,0.451,0.043,0.506,0.1302
"8632",0.50390625,0.514287250198786,0.00604111468278354,0,0.451,0.043,0.506,0.1302
"8633",0.00390625,0.514287250198786,0.00604111468278354,0,0.451,0.043,0.506,0.1302
"8634",0,0.514287250198786,0.00604111468278354,0,0.451,0.043,0.506,0.1302
"8635",0.0234375,0.514287250198786,0.00604111468278354,0,0.451,0.043,0.506,0.1302
"8636",1,0.514287250198786,0.00604111468278354,0,0.451,0.043,0.506,0.1302
"8637",0.02734375,0.514287250198786,0.00604111468278354,0,0.451,0.043,0.506,0.1302
"8638",1,0.514287250198786,0.00604111468278354,0,0.451,0.043,0.506,0.1302
"8639",0.07421875,0.514287250198786,0.00604111468278354,0,0.451,0.043,0.506,0.1302
"8640",0.015625,0.514287250198786,0.00604111468278354,0,0.451,0.043,0.506,0.1302
"8641",0.015625,0.514287250198786,0.00604111468278354,0,0.451,0.043,0.506,0.1302
"8642",0.01171875,0.514287250198786,0.00604111468278354,0,0.451,0.043,0.506,0.1302
"8643",0.0078125,0.514287250198786,0.00604111468278354,0,0.451,0.043,0.506,0.1302
"8644",1,0.514287250198786,0.00604111468278354,0,0.451,0.043,0.506,0.1302
"8645",1,0.514287250198786,0.00604111468278354,0,0.451,0.043,0.506,0.1302
"8646",0.02734375,0.514287250198786,0.00604111468278354,0,0.451,0.043,0.506,0.1302
"8647",1,0.514287250198786,0.00604111468278354,0,0.451,0.043,0.506,0.1302
"8648",1,0.514287250198786,0.00604111468278354,0,0.451,0.043,0.506,0.1302
"8649",1,0.514287250198786,0.00604111468278354,0,0.451,0.043,0.506,0.1302
"8650",1,0.514287250198786,0.00604111468278354,0,0.451,0.043,0.506,0.1302
"8651",1,0.514287250198786,0.00604111468278354,0,0.451,0.043,0.506,0.1302
"8652",0.015625,0.514287250198786,0.00604111468278354,0,0.451,0.043,0.506,0.1302
"8653",1,0.514287250198786,0.00604111468278354,0,0.451,0.043,0.506,0.1302
"8654",1,0.514287250198786,0.00604111468278354,0,0.451,0.043,0.506,0.1302
"8655",0.01171875,0.514287250198786,0.00604111468278354,0,0.451,0.043,0.506,0.1302
"8656",0.25390625,0.514287250198786,0.00604111468278354,0,0.451,0.043,0.506,0.1302
"8657",0.015625,0.514287250198786,0.00604111468278354,0,0.451,0.043,0.506,0.1302
"8658",0.12890625,0.514287250198786,0.00604111468278354,0,0.451,0.043,0.506,0.1302
"8659",1,0.514287250198786,0.00604111468278354,0,0.451,0.043,0.506,0.1302
"8660",1,0.514287250198786,0.00604111468278354,0,0.451,0.043,0.506,0.1302
"8661",0.01171875,0.514287250198786,0.00604111468278354,0,0.451,0.043,0.506,0.1302
"8662",0.1796875,0.514287250198786,0.00604111468278354,0,0.451,0.043,0.506,0.1302
"8663",0.05078125,0.514287250198786,0.00604111468278354,0,0.451,0.043,0.506,0.1302
"8664",1,0.514287250198786,0.00604111468278354,0,0.451,0.043,0.506,0.1302
"8665",0.0234375,0.514287250198786,0.00604111468278354,0,0.451,0.043,0.506,0.1302
"8666",1,0.514287250198786,0.00604111468278354,0,0.451,0.043,0.506,0.1302
"8667",0,0.514287250198786,0.00604111468278354,0,0.451,0.043,0.506,0.1302
"8668",0,0.514287250198786,0.00604111468278354,0,0.451,0.043,0.506,0.1302
"8669",0.0234375,0.514287250198786,0.00604111468278354,0,0.451,0.043,0.506,0.1302
"8670",1,0.514287250198786,0.00604111468278354,0,0.451,0.043,0.506,0.1302
"8671",1,0.514287250198786,0.00604111468278354,0,0.451,0.043,0.506,0.1302
"8672",0.0390625,0.514287250198786,0.00604111468278354,0,0.451,0.043,0.506,0.1302
"8673",0.0078125,0.514287250198786,0.00604111468278354,0,0.451,0.043,0.506,0.1302
"8674",1,0.514287250198786,0.00604111468278354,0,0.451,0.043,0.506,0.1302
"8675",0.03125,0.514287250198786,0.00604111468278354,0,0.451,0.043,0.506,0.1302
"8676",0.0546875,0.514287250198786,0.00604111468278354,0,0.451,0.043,0.506,0.1302
"8677",1,0.514287250198786,0.00604111468278354,0,0.451,0.043,0.506,0.1302
"8678",1,0.514287250198786,0.00604111468278354,0,0.451,0.043,0.506,0.1302
"8679",1,0.514287250198786,0.00604111468278354,0,0.451,0.043,0.506,0.1302
"8680",1,0.514287250198786,0.00604111468278354,0,0.451,0.043,0.506,0.1302
"8681",0.0078125,0.514287250198786,0.00604111468278354,0,0.451,0.043,0.506,0.1302
"8682",1,0.514287250198786,0.00604111468278354,0,0.451,0.043,0.506,0.1302
"8683",0.02734375,0.514287250198786,0.00604111468278354,0,0.451,0.043,0.506,0.1302
"8684",0.04296875,0.514287250198786,0.00604111468278354,0,0.451,0.043,0.506,0.1302
"8685",1,0.514287250198786,0.00604111468278354,0,0.451,0.043,0.506,0.1302
"8686",0.0390625,0.514287250198786,0.00604111468278354,0,0.451,0.043,0.506,0.1302
"8687",1,0.514287250198786,0.00604111468278354,0,0.451,0.043,0.506,0.1302
"8688",1,0.514287250198786,0.00604111468278354,0,0.451,0.043,0.506,0.1302
"8689",0.5078125,0.514287250198786,0.00604111468278354,0,0.451,0.043,0.506,0.1302
"8690",0.046875,0.514287250198786,0.00604111468278354,0,0.451,0.043,0.506,0.1302
"8691",0.02734375,0.514287250198786,0.00604111468278354,0,0.451,0.043,0.506,0.1302
"8692",0.015625,0.514287250198786,0.00604111468278354,0,0.451,0.043,0.506,0.1302
"8693",0.03125,0.514287250198786,0.00604111468278354,0,0.451,0.043,0.506,0.1302
"8694",0.06640625,0.514287250198786,0.00604111468278354,0,0.451,0.043,0.506,0.1302
"8695",0.046875,0.514287250198786,0.00604111468278354,0,0.451,0.043,0.506,0.1302
"8696",1,0.514287250198786,0.00604111468278354,0,0.451,0.043,0.506,0.1302
"8697",1,0.514287250198786,0.00604111468278354,0,0.451,0.043,0.506,0.1302
"8698",1,0.514287250198786,0.00604111468278354,0,0.451,0.043,0.506,0.1302
"8699",0,0.514287250198786,0.00604111468278354,0,0.451,0.043,0.506,0.1302
"8700",0.03515625,0.514287250198786,0.00604111468278354,0,0.451,0.043,0.506,0.1302
"8701",1,0.514287250198786,0.00604111468278354,0,0.451,0.043,0.506,0.1302
"8702",1,0.514287250198786,0.00604111468278354,0,0.451,0.043,0.506,0.1302
"8703",0.00390625,0.514287250198786,0.00604111468278354,0,0.451,0.043,0.506,0.1302
"8704",0.0078125,0.514287250198786,0.00604111468278354,0,0.451,0.043,0.506,0.1302
"8705",0.03515625,0.514287250198786,0.00604111468278354,0,0.451,0.043,0.506,0.1302
"8706",1,0.514287250198786,0.00604111468278354,0,0.451,0.043,0.506,0.1302
"8707",0.015625,0.514287250198786,0.00604111468278354,0,0.451,0.043,0.506,0.1302
"8708",1,0.514287250198786,0.00604111468278354,0,0.451,0.043,0.506,0.1302
"8709",0.140625,0.514287250198786,0.00604111468278354,0,0.451,0.043,0.506,0.1302
"8710",1,0.514287250198786,0.00604111468278354,0,0.451,0.043,0.506,0.1302
"8711",0.00390625,0.514287250198786,0.00604111468278354,0,0.451,0.043,0.506,0.1302
"8712",0.0078125,0.514287250198786,0.00604111468278354,0,0.451,0.043,0.506,0.1302
"8713",0.07421875,0.514287250198786,0.00604111468278354,0,0.451,0.043,0.506,0.1302
"8714",1,0.514287250198786,0.00604111468278354,0,0.451,0.043,0.506,0.1302
"8715",1,0.514287250198786,0.00604111468278354,0,0.451,0.043,0.506,0.1302
"8716",0.00390625,0.514287250198786,0.00604111468278354,0,0.451,0.043,0.506,0.1302
"8717",1,0.514287250198786,0.00604111468278354,0,0.451,0.043,0.506,0.1302
"8718",0.09765625,0.514287250198786,0.00604111468278354,0,0.451,0.043,0.506,0.1302
"8719",1,0.514287250198786,0.00604111468278354,0,0.451,0.043,0.506,0.1302
"8720",1,0.514287250198786,0.00604111468278354,0,0.451,0.043,0.506,0.1302
"8721",0.109375,0.514287250198786,0.00604111468278354,0,0.451,0.043,0.506,0.1302
"8722",1,0.514287250198786,0.00604111468278354,0,0.451,0.043,0.506,0.1302
"8723",0.0234375,0.514287250198786,0.00604111468278354,0,0.451,0.043,0.506,0.1302
"8724",0.015625,0.514287250198786,0.00604111468278354,0,0.451,0.043,0.506,0.1302
"8725",1,0.514287250198786,0.00604111468278354,0,0.451,0.043,0.506,0.1302
"8726",1,0.514287250198786,0.00604111468278354,0,0.451,0.043,0.506,0.1302
"8727",1,0.514287250198786,0.00604111468278354,0,0.451,0.043,0.506,0.1302
"8728",1,0.514287250198786,0.00604111468278354,0,0.451,0.043,0.506,0.1302
"8729",0.0546875,0.514287250198786,0.00604111468278354,0,0.451,0.043,0.506,0.1302
"8730",1,0.514287250198786,0.00604111468278354,0,0.451,0.043,0.506,0.1302
"8731",1,0.514287250198786,0.00604111468278354,0,0.451,0.043,0.506,0.1302
"8732",1,0.514287250198786,0.00604111468278354,0,0.451,0.043,0.506,0.1302
"8733",1,0.514287250198786,0.00604111468278354,0,0.451,0.043,0.506,0.1302
"8734",1,0.514287250198786,0.00604111468278354,0,0.451,0.043,0.506,0.1302
"8735",0.1015625,0.514287250198786,0.00604111468278354,0,0.451,0.043,0.506,0.1302
"8736",1,0.514287250198786,0.00604111468278354,0,0.451,0.043,0.506,0.1302
"8737",1,0.514287250198786,0.00604111468278354,0,0.451,0.043,0.506,0.1302
"8738",1,0.514287250198786,0.00604111468278354,0,0.451,0.043,0.506,0.1302
"8739",1,0.514287250198786,0.00604111468278354,0,0.451,0.043,0.506,0.1302
"8740",0.17578125,0.514287250198786,0.00604111468278354,0,0.451,0.043,0.506,0.1302
"8741",1,0.514287250198786,0.00604111468278354,0,0.451,0.043,0.506,0.1302
"8742",0.0078125,0.514287250198786,0.00604111468278354,0,0.451,0.043,0.506,0.1302
"8743",1,0.514287250198786,0.00604111468278354,0,0.451,0.043,0.506,0.1302
"8744",1,0.514287250198786,0.00604111468278354,0,0.451,0.043,0.506,0.1302
"8745",1,0.514287250198786,0.00604111468278354,0,0.451,0.043,0.506,0.1302
"8746",1,0.514287250198786,0.00604111468278354,0,0.451,0.043,0.506,0.1302
"8747",1,0.514287250198786,0.00604111468278354,0,0.451,0.043,0.506,0.1302
"8748",0.03125,0.514287250198786,0.00604111468278354,0,0.451,0.043,0.506,0.1302
"8749",0.046875,0.514287250198786,0.00604111468278354,0,0.451,0.043,0.506,0.1302
"8750",0.03515625,0.514287250198786,0.00604111468278354,0,0.451,0.043,0.506,0.1302
"8751",1,0.514287250198786,0.00604111468278354,0,0.451,0.043,0.506,0.1302
"8752",0.02734375,0.514287250198786,0.00604111468278354,0,0.451,0.043,0.506,0.1302
"8753",1,0.514287250198786,0.00604111468278354,0,0.451,0.043,0.506,0.1302
"8754",1,0.514287250198786,0.00604111468278354,0,0.451,0.043,0.506,0.1302
"8755",1,0.514287250198786,0.00604111468278354,0,0.451,0.043,0.506,0.1302
"8756",1,0.514287250198786,0.00604111468278354,0,0.451,0.043,0.506,0.1302
"8757",0.0546875,0.514287250198786,0.00604111468278354,0,0.451,0.043,0.506,0.1302
"8758",0.11328125,0.514287250198786,0.00604111468278354,0,0.451,0.043,0.506,0.1302
"8759",0.08203125,0.514287250198786,0.00604111468278354,0,0.451,0.043,0.506,0.1302
"8760",0.01953125,0.514287250198786,0.00604111468278354,0,0.451,0.043,0.506,0.1302
"8761",0.09375,0.514287250198786,0.00604111468278354,0,0.451,0.043,0.506,0.1302
"8762",1,0.514287250198786,0.00604111468278354,0,0.451,0.043,0.506,0.1302
"8763",1,0.514287250198786,0.00604111468278354,0,0.451,0.043,0.506,0.1302
"8764",0.19921875,0.514287250198786,0.00604111468278354,0,0.451,0.043,0.506,0.1302
"8765",0.03515625,0.514287250198786,0.00604111468278354,0,0.451,0.043,0.506,0.1302
"8766",1,0.514287250198786,0.00604111468278354,0,0.451,0.043,0.506,0.1302
"8767",1,0.514287250198786,0.00604111468278354,0,0.451,0.043,0.506,0.1302
"8768",1,0.514287250198786,0.00604111468278354,0,0.451,0.043,0.506,0.1302
"8769",0.01953125,0.514287250198786,0.00604111468278354,0,0.451,0.043,0.506,0.1302
"8770",1,0.514287250198786,0.00604111468278354,0,0.451,0.043,0.506,0.1302
"8771",0.0703125,0.514287250198786,0.00604111468278354,0,0.451,0.043,0.506,0.1302
"8772",1,0.514287250198786,0.00604111468278354,0,0.451,0.043,0.506,0.1302
"8773",0.06640625,0.514287250198786,0.00604111468278354,0,0.451,0.043,0.506,0.1302
"8774",1,0.514287250198786,0.00604111468278354,0,0.451,0.043,0.506,0.1302
"8775",0.02734375,0.514287250198786,0.00604111468278354,0,0.451,0.043,0.506,0.1302
"8776",1,0.514287250198786,0.00604111468278354,0,0.451,0.043,0.506,0.1302
"8777",0.12890625,0.514287250198786,0.00604111468278354,0,0.451,0.043,0.506,0.1302
"8778",0.12890625,0.514287250198786,0.00604111468278354,0,0.451,0.043,0.506,0.1302
"8779",1,0.514287250198786,0.00604111468278354,0,0.451,0.043,0.506,0.1302
"8780",1,0.514287250198786,0.00604111468278354,0,0.451,0.043,0.506,0.1302
"8781",1,0.514287250198786,0.00604111468278354,0,0.451,0.043,0.506,0.1302
"8782",0.015625,0.514287250198786,0.00604111468278354,0,0.451,0.043,0.506,0.1302
"8783",1,0.514287250198786,0.00604111468278354,0,0.451,0.043,0.506,0.1302
"8784",0.015625,0.514287250198786,0.00604111468278354,0,0.451,0.043,0.506,0.1302
"8785",1,0.514287250198786,0.00604111468278354,0,0.451,0.043,0.506,0.1302
"8786",0.0234375,0.514287250198786,0.00604111468278354,0,0.451,0.043,0.506,0.1302
"8787",1,0.514287250198786,0.00604111468278354,0,0.451,0.043,0.506,0.1302
"8788",0.01171875,0.514287250198786,0.00604111468278354,0,0.451,0.043,0.506,0.1302
"8789",1,0.514287250198786,0.00604111468278354,0,0.451,0.043,0.506,0.1302
"8790",1,0.514287250198786,0.00604111468278354,0,0.451,0.043,0.506,0.1302
"8791",0.01953125,0.514287250198786,0.00604111468278354,0,0.451,0.043,0.506,0.1302
"8792",1,0.514287250198786,0.00604111468278354,0,0.451,0.043,0.506,0.1302
"8793",0.01171875,0.514287250198786,0.00604111468278354,0,0.451,0.043,0.506,0.1302
"8794",0.01953125,0.514287250198786,0.00604111468278354,0,0.451,0.043,0.506,0.1302
"8795",0.0078125,0.514287250198786,0.00604111468278354,0,0.451,0.043,0.506,0.1302
"8796",1,0.514287250198786,0.00604111468278354,0,0.451,0.043,0.506,0.1302
"8797",0.015625,0.514287250198786,0.00604111468278354,0,0.451,0.043,0.506,0.1302
"8798",1,0.514287250198786,0.00604111468278354,0,0.451,0.043,0.506,0.1302
"8799",1,0.514287250198786,0.00604111468278354,0,0.451,0.043,0.506,0.1302
"8800",0.0078125,0.514287250198786,0.00604111468278354,0,0.451,0.043,0.506,0.1302
"8801",1,0.514287250198786,0.00604111468278354,0,0.451,0.043,0.506,0.1302
"8802",0.0078125,0.514287250198786,0.00604111468278354,0,0.451,0.043,0.506,0.1302
"8803",0.05078125,0.514287250198786,0.00604111468278354,0,0.451,0.043,0.506,0.1302
"8804",1,0.514287250198786,0.00604111468278354,0,0.451,0.043,0.506,0.1302
"8805",0,0.514287250198786,0.00604111468278354,0,0.451,0.043,0.506,0.1302
"8806",0.0078125,0.514287250198786,0.00604111468278354,0,0.451,0.043,0.506,0.1302
"8807",1,0.514287250198786,0.00604111468278354,0,0.451,0.043,0.506,0.1302
"8808",0.01953125,0.514287250198786,0.00604111468278354,0,0.451,0.043,0.506,0.1302
"8809",0.51953125,0.514287250198786,0.00604111468278354,0,0.451,0.043,0.506,0.1302
"8810",1,0.514287250198786,0.00604111468278354,0,0.451,0.043,0.506,0.1302
"8811",0.03515625,0.514287250198786,0.00604111468278354,0,0.451,0.043,0.506,0.1302
"8812",0.01171875,0.514287250198786,0.00604111468278354,0,0.451,0.043,0.506,0.1302
"8813",1,0.514287250198786,0.00604111468278354,0,0.451,0.043,0.506,0.1302
"8814",1,0.514287250198786,0.00604111468278354,0,0.451,0.043,0.506,0.1302
"8815",0.00390625,0.514287250198786,0.00604111468278354,0,0.451,0.043,0.506,0.1302
"8816",1,0.514287250198786,0.00604111468278354,0,0.451,0.043,0.506,0.1302
"8817",1,0.514287250198786,0.00604111468278354,0,0.451,0.043,0.506,0.1302
"8818",0.09375,0.514287250198786,0.00604111468278354,0,0.451,0.043,0.506,0.1302
"8819",0.1328125,0.514287250198786,0.00604111468278354,0,0.451,0.043,0.506,0.1302
"8820",0.00390625,0.514287250198786,0.00604111468278354,0,0.451,0.043,0.506,0.1302
"8821",1,0.514287250198786,0.00604111468278354,0,0.451,0.043,0.506,0.1302
"8822",0,0.514287250198786,0.00604111468278354,0,0.451,0.043,0.506,0.1302
"8823",1,0.514287250198786,0.00604111468278354,0,0.451,0.043,0.506,0.1302
"8824",0,0.514287250198786,0.00604111468278354,0,0.451,0.043,0.506,0.1302
"8825",1,0.514287250198786,0.00604111468278354,0,0.451,0.043,0.506,0.1302
"8826",1,0.514287250198786,0.00604111468278354,0,0.451,0.043,0.506,0.1302
"8827",0.00390625,0.514287250198786,0.00604111468278354,0,0.451,0.043,0.506,0.1302
"8828",1,0.514287250198786,0.00604111468278354,0,0.451,0.043,0.506,0.1302
"8829",0.00390625,0.514287250198786,0.00604111468278354,0,0.451,0.043,0.506,0.1302
"8830",0.0234375,0.514287250198786,0.00604111468278354,0,0.451,0.043,0.506,0.1302
"8831",1,0.514287250198786,0.00604111468278354,0,0.451,0.043,0.506,0.1302
"8832",1,0.514287250198786,0.00604111468278354,0,0.451,0.043,0.506,0.1302
"8833",0.00390625,0.514287250198786,0.00604111468278354,0,0.451,0.043,0.506,0.1302
"8834",0.0390625,0.514287250198786,0.00604111468278354,0,0.451,0.043,0.506,0.1302
"8835",1,0.514287250198786,0.00604111468278354,0,0.451,0.043,0.506,0.1302
"8836",1,0.514287250198786,0.00604111468278354,0,0.451,0.043,0.506,0.1302
"8837",0.01171875,0.514287250198786,0.00604111468278354,0,0.451,0.043,0.506,0.1302
"8838",1,0.514287250198786,0.00604111468278354,0,0.451,0.043,0.506,0.1302
"8839",0.03515625,0.514287250198786,0.00604111468278354,0,0.451,0.043,0.506,0.1302
"8840",1,0.514287250198786,0.00604111468278354,0,0.451,0.043,0.506,0.1302
"8841",0.0078125,0.514287250198786,0.00604111468278354,0,0.451,0.043,0.506,0.1302
"8842",0.0546875,0.514287250198786,0.00604111468278354,0,0.451,0.043,0.506,0.1302
"8843",1,0.514287250198786,0.00604111468278354,0,0.451,0.043,0.506,0.1302
"8844",1,0.514287250198786,0.00604111468278354,0,0.451,0.043,0.506,0.1302
"8845",0.078125,0.514287250198786,0.00604111468278354,0,0.451,0.043,0.506,0.1302
"8846",0.0390625,0.514287250198786,0.00604111468278354,0,0.451,0.043,0.506,0.1302
"8847",0.07421875,0.514287250198786,0.00604111468278354,0,0.451,0.043,0.506,0.1302
"8848",1,0.514287250198786,0.00604111468278354,0,0.451,0.043,0.506,0.1302
"8849",0.0390625,0.514287250198786,0.00604111468278354,0,0.451,0.043,0.506,0.1302
"8850",0.00390625,0.514287250198786,0.00604111468278354,0,0.451,0.043,0.506,0.1302
"8851",0.015625,0.514287250198786,0.00604111468278354,0,0.451,0.043,0.506,0.1302
"8852",1,0.514287250198786,0.00604111468278354,0,0.451,0.043,0.506,0.1302
"8853",0.12890625,0.514287250198786,0.00604111468278354,0,0.451,0.043,0.506,0.1302
"8854",1,0.514287250198786,0.00604111468278354,0,0.451,0.043,0.506,0.1302
"8855",1,0.514287250198786,0.00604111468278354,0,0.451,0.043,0.506,0.1302
"8856",0.0234375,0.514287250198786,0.00604111468278354,0,0.451,0.043,0.506,0.1302
"8857",1,0.514287250198786,0.00604111468278354,0,0.451,0.043,0.506,0.1302
"8858",0.03125,0.514287250198786,0.00604111468278354,0,0.451,0.043,0.506,0.1302
"8859",1,0.514287250198786,0.00604111468278354,0,0.451,0.043,0.506,0.1302
"8860",1,0.514287250198786,0.00604111468278354,0,0.451,0.043,0.506,0.1302
"8861",0.01953125,0.514287250198786,0.00604111468278354,0,0.451,0.043,0.506,0.1302
"8862",0.046875,0.514287250198786,0.00604111468278354,0,0.451,0.043,0.506,0.1302
"8863",0.015625,0.514287250198786,0.00604111468278354,0,0.451,0.043,0.506,0.1302
"8864",1,0.514287250198786,0.00604111468278354,0,0.451,0.043,0.506,0.1302
"8865",0.0859375,0.514287250198786,0.00604111468278354,0,0.451,0.043,0.506,0.1302
"8866",0.01171875,0.514287250198786,0.00604111468278354,0,0.451,0.043,0.506,0.1302
"8867",1,0.514287250198786,0.00604111468278354,0,0.451,0.043,0.506,0.1302
"8868",1,0.514287250198786,0.00604111468278354,0,0.451,0.043,0.506,0.1302
"8869",1,0.514287250198786,0.00604111468278354,0,0.451,0.043,0.506,0.1302
"8870",1,0.514287250198786,0.00604111468278354,0,0.451,0.043,0.506,0.1302
"8871",0.0078125,0.514287250198786,0.00604111468278354,0,0.451,0.043,0.506,0.1302
"8872",0.0234375,0.514287250198786,0.00604111468278354,0,0.451,0.043,0.506,0.1302
"8873",0.05859375,0.514287250198786,0.00604111468278354,0,0.451,0.043,0.506,0.1302
"8874",0.0234375,0.514287250198786,0.00604111468278354,0,0.451,0.043,0.506,0.1302
"8875",1,0.514287250198786,0.00604111468278354,0,0.451,0.043,0.506,0.1302
"8876",1,0.514287250198786,0.00604111468278354,0,0.451,0.043,0.506,0.1302
"8877",1,0.514287250198786,0.00604111468278354,0,0.451,0.043,0.506,0.1302
"8878",1,0.514287250198786,0.00604111468278354,0,0.451,0.043,0.506,0.1302
"8879",0.00390625,0.514287250198786,0.00604111468278354,0,0.451,0.043,0.506,0.1302
"8880",1,0.514287250198786,0.00604111468278354,0,0.451,0.043,0.506,0.1302
"8881",0.0546875,0.514287250198786,0.00604111468278354,0,0.451,0.043,0.506,0.1302
"8882",0.02734375,0.514287250198786,0.00604111468278354,0,0.451,0.043,0.506,0.1302
"8883",0.015625,0.514287250198786,0.00604111468278354,0,0.451,0.043,0.506,0.1302
"8884",0.08203125,0.514287250198786,0.00604111468278354,0,0.451,0.043,0.506,0.1302
"8885",0.01953125,0.514287250198786,0.00604111468278354,0,0.451,0.043,0.506,0.1302
"8886",0.04296875,0.514287250198786,0.00604111468278354,0,0.451,0.043,0.506,0.1302
"8887",1,0.514287250198786,0.00604111468278354,0,0.451,0.043,0.506,0.1302
"8888",0.03125,0.514287250198786,0.00604111468278354,0,0.451,0.043,0.506,0.1302
"8889",0.0390625,0.514287250198786,0.00604111468278354,0,0.451,0.043,0.506,0.1302
"8890",0.03515625,0.514287250198786,0.00604111468278354,0,0.451,0.043,0.506,0.1302
"8891",1,0.514287250198786,0.00604111468278354,0,0.451,0.043,0.506,0.1302
"8892",1,0.514287250198786,0.00604111468278354,0,0.451,0.043,0.506,0.1302
"8893",1,0.514287250198786,0.00604111468278354,0,0.451,0.043,0.506,0.1302
"8894",1,0.514287250198786,0.00604111468278354,0,0.451,0.043,0.506,0.1302
"8895",0.03515625,0.514287250198786,0.00604111468278354,0,0.451,0.043,0.506,0.1302
"8896",1,0.514287250198786,0.00604111468278354,0,0.451,0.043,0.506,0.1302
"8897",1,0.514287250198786,0.00604111468278354,0,0.451,0.043,0.506,0.1302
"8898",1,0.514287250198786,0.00604111468278354,0,0.451,0.043,0.506,0.1302
"8899",0.08203125,0.514287250198786,0.00604111468278354,0,0.451,0.043,0.506,0.1302
"8900",0.05078125,0.514287250198786,0.00604111468278354,0,0.451,0.043,0.506,0.1302
"8901",1,0.514287250198786,0.00604111468278354,0,0.451,0.043,0.506,0.1302
"8902",1,0.514287250198786,0.00604111468278354,0,0.451,0.043,0.506,0.1302
"8903",0.01953125,0.514287250198786,0.00604111468278354,0,0.451,0.043,0.506,0.1302
"8904",1,0.514287250198786,0.00604111468278354,0,0.451,0.043,0.506,0.1302
"8905",0.1875,0.514287250198786,0.00604111468278354,0,0.451,0.043,0.506,0.1302
"8906",0.0078125,0.514287250198786,0.00604111468278354,0,0.451,0.043,0.506,0.1302
"8907",0.03125,0.514287250198786,0.00604111468278354,0,0.451,0.043,0.506,0.1302
"8908",1,0.514287250198786,0.00604111468278354,0,0.451,0.043,0.506,0.1302
"8909",1,0.514287250198786,0.00604111468278354,0,0.451,0.043,0.506,0.1302
"8910",1,0.514287250198786,0.00604111468278354,0,0.451,0.043,0.506,0.1302
"8911",0,0.514287250198786,0.00604111468278354,0,0.451,0.043,0.506,0.1302
"8912",1,0.514287250198786,0.00604111468278354,0,0.451,0.043,0.506,0.1302
"8913",0.03515625,0.514287250198786,0.00604111468278354,0,0.451,0.043,0.506,0.1302
"8914",1,0.514287250198786,0.00604111468278354,0,0.451,0.043,0.506,0.1302
"8915",0.07421875,0.514287250198786,0.00604111468278354,0,0.451,0.043,0.506,0.1302
"8916",1,0.514287250198786,0.00604111468278354,0,0.451,0.043,0.506,0.1302
"8917",0.0078125,0.514287250198786,0.00604111468278354,0,0.451,0.043,0.506,0.1302
"8918",0.0390625,0.514287250198786,0.00604111468278354,0,0.451,0.043,0.506,0.1302
"8919",1,0.514287250198786,0.00604111468278354,0,0.451,0.043,0.506,0.1302
"8920",0.125,0.514287250198786,0.00604111468278354,0,0.451,0.043,0.506,0.1302
"8921",0.01953125,0.514287250198786,0.00604111468278354,0,0.451,0.043,0.506,0.1302
"8922",0.01953125,0.514287250198786,0.00604111468278354,0,0.451,0.043,0.506,0.1302
"8923",0.03125,0.514287250198786,0.00604111468278354,0,0.451,0.043,0.506,0.1302
"8924",0.015625,0.514287250198786,0.00604111468278354,0,0.451,0.043,0.506,0.1302
"8925",1,0.514287250198786,0.00604111468278354,0,0.451,0.043,0.506,0.1302
"8926",0.015625,0.514287250198786,0.00604111468278354,0,0.451,0.043,0.506,0.1302
"8927",0.0078125,0.514287250198786,0.00604111468278354,0,0.451,0.043,0.506,0.1302
"8928",1,0.514287250198786,0.00604111468278354,0,0.451,0.043,0.506,0.1302
"8929",0.0625,0.514287250198786,0.00604111468278354,0,0.451,0.043,0.506,0.1302
"8930",1,0.514287250198786,0.00604111468278354,0,0.451,0.043,0.506,0.1302
"8931",1,0.514287250198786,0.00604111468278354,0,0.451,0.043,0.506,0.1302
"8932",0.5078125,0.514287250198786,0.00604111468278354,0,0.451,0.043,0.506,0.1302
"8933",1,0.514287250198786,0.00604111468278354,0,0.451,0.043,0.506,0.1302
"8934",0.00390625,0.514287250198786,0.00604111468278354,0,0.451,0.043,0.506,0.1302
"8935",1,0.514287250198786,0.00604111468278354,0,0.451,0.043,0.506,0.1302
"8936",1,0.514287250198786,0.00604111468278354,0,0.451,0.043,0.506,0.1302
"8937",1,0.514287250198786,0.00604111468278354,0,0.451,0.043,0.506,0.1302
"8938",0.13671875,0.514287250198786,0.00604111468278354,0,0.451,0.043,0.506,0.1302
"8939",0.03515625,0.514287250198786,0.00604111468278354,0,0.451,0.043,0.506,0.1302
"8940",1,0.514287250198786,0.00604111468278354,0,0.451,0.043,0.506,0.1302
"8941",1,0.514287250198786,0.00604111468278354,0,0.451,0.043,0.506,0.1302
"8942",1,0.514287250198786,0.00604111468278354,0,0.451,0.043,0.506,0.1302
"8943",0.0390625,0.514287250198786,0.00604111468278354,0,0.451,0.043,0.506,0.1302
"8944",1,0.514287250198786,0.00604111468278354,0,0.451,0.043,0.506,0.1302
"8945",0.05859375,0.514287250198786,0.00604111468278354,0,0.451,0.043,0.506,0.1302
"8946",0.02734375,0.514287250198786,0.00604111468278354,0,0.451,0.043,0.506,0.1302
"8947",0,0.514287250198786,0.00604111468278354,0,0.451,0.043,0.506,0.1302
"8948",0.078125,0.514287250198786,0.00604111468278354,0,0.451,0.043,0.506,0.1302
"8949",1,0.514287250198786,0.00604111468278354,0,0.451,0.043,0.506,0.1302
"8950",1,0.514287250198786,0.00604111468278354,0,0.451,0.043,0.506,0.1302
"8951",1,0.514287250198786,0.00604111468278354,0,0.451,0.043,0.506,0.1302
"8952",0.0078125,0.514287250198786,0.00604111468278354,0,0.451,0.043,0.506,0.1302
"8953",0.01171875,0.514287250198786,0.00604111468278354,0,0.451,0.043,0.506,0.1302
"8954",0.05078125,0.514287250198786,0.00604111468278354,0,0.451,0.043,0.506,0.1302
"8955",1,0.514287250198786,0.00604111468278354,0,0.451,0.043,0.506,0.1302
"8956",1,0.514287250198786,0.00604111468278354,0,0.451,0.043,0.506,0.1302
"8957",1,0.514287250198786,0.00604111468278354,0,0.451,0.043,0.506,0.1302
"8958",1,0.514287250198786,0.00604111468278354,0,0.451,0.043,0.506,0.1302
"8959",1,0.514287250198786,0.00604111468278354,0,0.451,0.043,0.506,0.1302
"8960",1,0.514287250198786,0.00604111468278354,0,0.451,0.043,0.506,0.1302
"8961",1,0.514287250198786,0.00604111468278354,0,0.451,0.043,0.506,0.1302
"8962",1,0.514287250198786,0.00604111468278354,0,0.451,0.043,0.506,0.1302
"8963",0.01171875,0.514287250198786,0.00604111468278354,0,0.451,0.043,0.506,0.1302
"8964",1,0.514287250198786,0.00604111468278354,0,0.451,0.043,0.506,0.1302
"8965",0,0.514287250198786,0.00604111468278354,0,0.451,0.043,0.506,0.1302
"8966",0.06640625,0.514287250198786,0.00604111468278354,0,0.451,0.043,0.506,0.1302
"8967",0.09765625,0.514287250198786,0.00604111468278354,0,0.451,0.043,0.506,0.1302
"8968",1,0.514287250198786,0.00604111468278354,0,0.451,0.043,0.506,0.1302
"8969",1,0.514287250198786,0.00604111468278354,0,0.451,0.043,0.506,0.1302
"8970",1,0.514287250198786,0.00604111468278354,0,0.451,0.043,0.506,0.1302
"8971",1,0.514287250198786,0.00604111468278354,0,0.451,0.043,0.506,0.1302
"8972",0.25390625,0.514287250198786,0.00604111468278354,0,0.451,0.043,0.506,0.1302
"8973",0.00390625,0.514287250198786,0.00604111468278354,0,0.451,0.043,0.506,0.1302
"8974",1,0.514287250198786,0.00604111468278354,0,0.451,0.043,0.506,0.1302
"8975",1,0.514287250198786,0.00604111468278354,0,0.451,0.043,0.506,0.1302
"8976",1,0.514287250198786,0.00604111468278354,0,0.451,0.043,0.506,0.1302
"8977",1,0.514287250198786,0.00604111468278354,0,0.451,0.043,0.506,0.1302
"8978",1,0.514287250198786,0.00604111468278354,0,0.451,0.043,0.506,0.1302
"8979",0.140625,0.514287250198786,0.00604111468278354,0,0.451,0.043,0.506,0.1302
"8980",1,0.514287250198786,0.00604111468278354,0,0.451,0.043,0.506,0.1302
"8981",1,0.514287250198786,0.00604111468278354,0,0.451,0.043,0.506,0.1302
"8982",1,0.514287250198786,0.00604111468278354,0,0.451,0.043,0.506,0.1302
"8983",0.06640625,0.514287250198786,0.00604111468278354,0,0.451,0.043,0.506,0.1302
"8984",0.015625,0.514287250198786,0.00604111468278354,0,0.451,0.043,0.506,0.1302
"8985",1,0.514287250198786,0.00604111468278354,0,0.451,0.043,0.506,0.1302
"8986",0.125,0.514287250198786,0.00604111468278354,0,0.451,0.043,0.506,0.1302
"8987",0.09765625,0.514287250198786,0.00604111468278354,0,0.451,0.043,0.506,0.1302
"8988",1,0.514287250198786,0.00604111468278354,0,0.451,0.043,0.506,0.1302
"8989",1,0.514287250198786,0.00604111468278354,0,0.451,0.043,0.506,0.1302
"8990",0.046875,0.514287250198786,0.00604111468278354,0,0.451,0.043,0.506,0.1302
"8991",0.00390625,0.514287250198786,0.00604111468278354,0,0.451,0.043,0.506,0.1302
"8992",1,0.514287250198786,0.00604111468278354,0,0.451,0.043,0.506,0.1302
"8993",1,0.514287250198786,0.00604111468278354,0,0.451,0.043,0.506,0.1302
"8994",1,0.514287250198786,0.00604111468278354,0,0.451,0.043,0.506,0.1302
"8995",0.03515625,0.514287250198786,0.00604111468278354,0,0.451,0.043,0.506,0.1302
"8996",1,0.514287250198786,0.00604111468278354,0,0.451,0.043,0.506,0.1302
"8997",1,0.514287250198786,0.00604111468278354,0,0.451,0.043,0.506,0.1302
"8998",1,0.514287250198786,0.00604111468278354,0,0.451,0.043,0.506,0.1302
"8999",1,0.514287250198786,0.00604111468278354,0,0.451,0.043,0.506,0.1302
"9000",1,0.514287250198786,0.00604111468278354,0,0.451,0.043,0.506,0.1302
"9001",1,0.514287250198786,0.00604111468278354,0,0.451,0.043,0.506,0.1302
"9002",0.02734375,0.514287250198786,0.00604111468278354,0,0.451,0.043,0.506,0.1302
"9003",1,0.514287250198786,0.00604111468278354,0,0.451,0.043,0.506,0.1302
"9004",0.015625,0.514287250198786,0.00604111468278354,0,0.451,0.043,0.506,0.1302
"9005",0.0546875,0.514287250198786,0.00604111468278354,0,0.451,0.043,0.506,0.1302
"9006",0.01171875,0.514287250198786,0.00604111468278354,0,0.451,0.043,0.506,0.1302
"9007",1,0.514287250198786,0.00604111468278354,0,0.451,0.043,0.506,0.1302
"9008",0.01953125,0.514287250198786,0.00604111468278354,0,0.451,0.043,0.506,0.1302
"9009",1,0.514287250198786,0.00604111468278354,0,0.451,0.043,0.506,0.1302
"9010",1,0.514287250198786,0.00604111468278354,0,0.451,0.043,0.506,0.1302
"9011",1,0.514287250198786,0.00604111468278354,0,0.451,0.043,0.506,0.1302
"9012",1,0.514287250198786,0.00604111468278354,0,0.451,0.043,0.506,0.1302
"9013",0.0078125,0.514287250198786,0.00604111468278354,0,0.451,0.043,0.506,0.1302
"9014",1,0.514287250198786,0.00604111468278354,0,0.451,0.043,0.506,0.1302
"9015",1,0.514287250198786,0.00604111468278354,0,0.451,0.043,0.506,0.1302
"9016",1,0.514287250198786,0.00604111468278354,0,0.451,0.043,0.506,0.1302
"9017",0.01171875,0.514287250198786,0.00604111468278354,0,0.451,0.043,0.506,0.1302
"9018",1,0.514287250198786,0.00604111468278354,0,0.451,0.043,0.506,0.1302
"9019",1,0.514287250198786,0.00604111468278354,0,0.451,0.043,0.506,0.1302
"9020",1,0.514287250198786,0.00604111468278354,0,0.451,0.043,0.506,0.1302
"9021",0.0078125,0.514287250198786,0.00604111468278354,0,0.451,0.043,0.506,0.1302
"9022",0.0390625,0.514287250198786,0.00604111468278354,0,0.451,0.043,0.506,0.1302
"9023",1,0.514287250198786,0.00604111468278354,0,0.451,0.043,0.506,0.1302
"9024",1,0.514287250198786,0.00604111468278354,0,0.451,0.043,0.506,0.1302
"9025",0.01171875,0.514287250198786,0.00604111468278354,0,0.451,0.043,0.506,0.1302
"9026",1,0.514287250198786,0.00604111468278354,0,0.451,0.043,0.506,0.1302
"9027",1,0.514287250198786,0.00604111468278354,0,0.451,0.043,0.506,0.1302
"9028",1,0.514287250198786,0.00604111468278354,0,0.451,0.043,0.506,0.1302
"9029",0.03125,0.514287250198786,0.00604111468278354,0,0.451,0.043,0.506,0.1302
"9030",1,0.514287250198786,0.00604111468278354,0,0.451,0.043,0.506,0.1302
"9031",1,0.514287250198786,0.00604111468278354,0,0.451,0.043,0.506,0.1302
"9032",1,0.514287250198786,0.00604111468278354,0,0.451,0.043,0.506,0.1302
"9033",0.19140625,0.514287250198786,0.00604111468278354,0,0.451,0.043,0.506,0.1302
"9034",1,0.514287250198786,0.00604111468278354,0,0.451,0.043,0.506,0.1302
"9035",0.02734375,0.514287250198786,0.00604111468278354,0,0.451,0.043,0.506,0.1302
"9036",1,0.514287250198786,0.00604111468278354,0,0.451,0.043,0.506,0.1302
"9037",0.04296875,0.514287250198786,0.00604111468278354,0,0.451,0.043,0.506,0.1302
"9038",1,0.514287250198786,0.00604111468278354,0,0.451,0.043,0.506,0.1302
"9039",0.0078125,0.514287250198786,0.00604111468278354,0,0.451,0.043,0.506,0.1302
"9040",1,0.514287250198786,0.00604111468278354,0,0.451,0.043,0.506,0.1302
"9041",1,0.514287250198786,0.00604111468278354,0,0.451,0.043,0.506,0.1302
"9042",0.5234375,0.514287250198786,0.00604111468278354,0,0.451,0.043,0.506,0.1302
"9043",0.0078125,0.514287250198786,0.00604111468278354,0,0.451,0.043,0.506,0.1302
"9044",1,0.514287250198786,0.00604111468278354,0,0.451,0.043,0.506,0.1302
"9045",1,0.514287250198786,0.00604111468278354,0,0.451,0.043,0.506,0.1302
"9046",0.1171875,0.514287250198786,0.00604111468278354,0,0.451,0.043,0.506,0.1302
"9047",1,0.514287250198786,0.00604111468278354,0,0.451,0.043,0.506,0.1302
"9048",0.02734375,0.514287250198786,0.00604111468278354,0,0.451,0.043,0.506,0.1302
"9049",1,0.514287250198786,0.00604111468278354,0,0.451,0.043,0.506,0.1302
"9050",1,0.514287250198786,0.00604111468278354,0,0.451,0.043,0.506,0.1302
"9051",0.140625,0.514287250198786,0.00604111468278354,0,0.451,0.043,0.506,0.1302
"9052",1,0.514287250198786,0.00604111468278354,0,0.451,0.043,0.506,0.1302
"9053",0.02734375,0.514287250198786,0.00604111468278354,0,0.451,0.043,0.506,0.1302
"9054",1,0.514287250198786,0.00604111468278354,0,0.451,0.043,0.506,0.1302
"9055",1,0.514287250198786,0.00604111468278354,0,0.451,0.043,0.506,0.1302
"9056",0.05078125,0.514287250198786,0.00604111468278354,0,0.451,0.043,0.506,0.1302
"9057",1,0.514287250198786,0.00604111468278354,0,0.451,0.043,0.506,0.1302
"9058",1,0.514287250198786,0.00604111468278354,0,0.451,0.043,0.506,0.1302
"9059",0.03125,0.514287250198786,0.00604111468278354,0,0.451,0.043,0.506,0.1302
"9060",0.01953125,0.514287250198786,0.00604111468278354,0,0.451,0.043,0.506,0.1302
"9061",1,0.514287250198786,0.00604111468278354,0,0.451,0.043,0.506,0.1302
"9062",1,0.514287250198786,0.00604111468278354,0,0.451,0.043,0.506,0.1302
"9063",1,0.514287250198786,0.00604111468278354,0,0.451,0.043,0.506,0.1302
"9064",0.5078125,0.514287250198786,0.00604111468278354,0,0.451,0.043,0.506,0.1302
"9065",0.03515625,0.514287250198786,0.00604111468278354,0,0.451,0.043,0.506,0.1302
"9066",1,0.514287250198786,0.00604111468278354,0,0.451,0.043,0.506,0.1302
"9067",1,0.514287250198786,0.00604111468278354,0,0.451,0.043,0.506,0.1302
"9068",0.01171875,0.514287250198786,0.00604111468278354,0,0.451,0.043,0.506,0.1302
"9069",0.015625,0.514287250198786,0.00604111468278354,0,0.451,0.043,0.506,0.1302
"9070",1,0.514287250198786,0.00604111468278354,0,0.451,0.043,0.506,0.1302
"9071",1,0.514287250198786,0.00604111468278354,0,0.451,0.043,0.506,0.1302
"9072",1,0.514287250198786,0.00604111468278354,0,0.451,0.043,0.506,0.1302
"9073",0.03515625,0.514287250198786,0.00604111468278354,0,0.451,0.043,0.506,0.1302
"9074",1,0.514287250198786,0.00604111468278354,0,0.451,0.043,0.506,0.1302
"9075",0.07421875,0.514287250198786,0.00604111468278354,0,0.451,0.043,0.506,0.1302
"9076",1,0.514287250198786,0.00604111468278354,0,0.451,0.043,0.506,0.1302
"9077",0.0078125,0.514287250198786,0.00604111468278354,0,0.451,0.043,0.506,0.1302
"9078",1,0.514287250198786,0.00604111468278354,0,0.451,0.043,0.506,0.1302
"9079",1,0.514287250198786,0.00604111468278354,0,0.451,0.043,0.506,0.1302
"9080",0.03515625,0.514287250198786,0.00604111468278354,0,0.451,0.043,0.506,0.1302
"9081",1,0.514287250198786,0.00604111468278354,0,0.451,0.043,0.506,0.1302
"9082",1,0.514287250198786,0.00604111468278354,0,0.451,0.043,0.506,0.1302
"9083",0.0078125,0.514287250198786,0.00604111468278354,0,0.451,0.043,0.506,0.1302
"9084",0.01953125,0.514287250198786,0.00604111468278354,0,0.451,0.043,0.506,0.1302
"9085",1,0.514287250198786,0.00604111468278354,0,0.451,0.043,0.506,0.1302
"9086",1,0.514287250198786,0.00604111468278354,0,0.451,0.043,0.506,0.1302
"9087",0,0.514287250198786,0.00604111468278354,0,0.451,0.043,0.506,0.1302
"9088",1,0.514287250198786,0.00604111468278354,0,0.451,0.043,0.506,0.1302
"9089",0.0703125,0.514287250198786,0.00604111468278354,0,0.451,0.043,0.506,0.1302
"9090",0.01953125,0.514287250198786,0.00604111468278354,0,0.451,0.043,0.506,0.1302
"9091",1,0.514287250198786,0.00604111468278354,0,0.451,0.043,0.506,0.1302
"9092",0.01953125,0.514287250198786,0.00604111468278354,0,0.451,0.043,0.506,0.1302
"9093",0.00390625,0.514287250198786,0.00604111468278354,0,0.451,0.043,0.506,0.1302
"9094",1,0.514287250198786,0.00604111468278354,0,0.451,0.043,0.506,0.1302
"9095",1,0.514287250198786,0.00604111468278354,0,0.451,0.043,0.506,0.1302
"9096",0.01953125,0.514287250198786,0.00604111468278354,0,0.451,0.043,0.506,0.1302
"9097",0.0078125,0.514287250198786,0.00604111468278354,0,0.451,0.043,0.506,0.1302
"9098",1,0.514287250198786,0.00604111468278354,0,0.451,0.043,0.506,0.1302
"9099",0.0390625,0.514287250198786,0.00604111468278354,0,0.451,0.043,0.506,0.1302
"9100",0.015625,0.514287250198786,0.00604111468278354,0,0.451,0.043,0.506,0.1302
"9101",1,0.514287250198786,0.00604111468278354,0,0.451,0.043,0.506,0.1302
"9102",1,0.514287250198786,0.00604111468278354,0,0.451,0.043,0.506,0.1302
"9103",0.08203125,0.514287250198786,0.00604111468278354,0,0.451,0.043,0.506,0.1302
"9104",0.0234375,0.514287250198786,0.00604111468278354,0,0.451,0.043,0.506,0.1302
"9105",1,0.514287250198786,0.00604111468278354,0,0.451,0.043,0.506,0.1302
"9106",1,0.514287250198786,0.00604111468278354,0,0.451,0.043,0.506,0.1302
"9107",1,0.514287250198786,0.00604111468278354,0,0.451,0.043,0.506,0.1302
"9108",0,0.514287250198786,0.00604111468278354,0,0.451,0.043,0.506,0.1302
"9109",0.06640625,0.514287250198786,0.00604111468278354,0,0.451,0.043,0.506,0.1302
"9110",0.00390625,0.514287250198786,0.00604111468278354,0,0.451,0.043,0.506,0.1302
"9111",0.01171875,0.514287250198786,0.00604111468278354,0,0.451,0.043,0.506,0.1302
"9112",1,0.514287250198786,0.00604111468278354,0,0.451,0.043,0.506,0.1302
"9113",1,0.514287250198786,0.00604111468278354,0,0.451,0.043,0.506,0.1302
"9114",0.00390625,0.514287250198786,0.00604111468278354,0,0.451,0.043,0.506,0.1302
"9115",1,0.514287250198786,0.00604111468278354,0,0.451,0.043,0.506,0.1302
"9116",0.0078125,0.514287250198786,0.00604111468278354,0,0.451,0.043,0.506,0.1302
"9117",0.02734375,0.514287250198786,0.00604111468278354,0,0.451,0.043,0.506,0.1302
"9118",0.05859375,0.514287250198786,0.00604111468278354,0,0.451,0.043,0.506,0.1302
"9119",1,0.514287250198786,0.00604111468278354,0,0.451,0.043,0.506,0.1302
"9120",0.015625,0.514287250198786,0.00604111468278354,0,0.451,0.043,0.506,0.1302
"9121",1,0.514287250198786,0.00604111468278354,0,0.451,0.043,0.506,0.1302
"9122",0.0078125,0.514287250198786,0.00604111468278354,0,0.451,0.043,0.506,0.1302
"9123",1,0.514287250198786,0.00604111468278354,0,0.451,0.043,0.506,0.1302
"9124",1,0.514287250198786,0.00604111468278354,0,0.451,0.043,0.506,0.1302
"9125",1,0.514287250198786,0.00604111468278354,0,0.451,0.043,0.506,0.1302
"9126",1,0.514287250198786,0.00604111468278354,0,0.451,0.043,0.506,0.1302
"9127",0.00390625,0.514287250198786,0.00604111468278354,0,0.451,0.043,0.506,0.1302
"9128",0.0234375,0.514287250198786,0.00604111468278354,0,0.451,0.043,0.506,0.1302
"9129",1,0.514287250198786,0.00604111468278354,0,0.451,0.043,0.506,0.1302
"9130",0.0390625,0.514287250198786,0.00604111468278354,0,0.451,0.043,0.506,0.1302
"9131",0.1171875,0.514287250198786,0.00604111468278354,0,0.451,0.043,0.506,0.1302
"9132",1,0.514287250198786,0.00604111468278354,0,0.451,0.043,0.506,0.1302
"9133",0.109375,0.514287250198786,0.00604111468278354,0,0.451,0.043,0.506,0.1302
"9134",0.0078125,0.514287250198786,0.00604111468278354,0,0.451,0.043,0.506,0.1302
"9135",0.0234375,0.514287250198786,0.00604111468278354,0,0.451,0.043,0.506,0.1302
"9136",1,0.514287250198786,0.00604111468278354,0,0.451,0.043,0.506,0.1302
"9137",0.00390625,0.514287250198786,0.00604111468278354,0,0.451,0.043,0.506,0.1302
"9138",1,0.514287250198786,0.00604111468278354,0,0.451,0.043,0.506,0.1302
"9139",0.0625,0.514287250198786,0.00604111468278354,0,0.451,0.043,0.506,0.1302
"9140",0.03515625,0.514287250198786,0.00604111468278354,0,0.451,0.043,0.506,0.1302
"9141",1,0.514287250198786,0.00604111468278354,0,0.451,0.043,0.506,0.1302
"9142",1,0.514287250198786,0.00604111468278354,0,0.451,0.043,0.506,0.1302
"9143",0.03125,0.514287250198786,0.00604111468278354,0,0.451,0.043,0.506,0.1302
"9144",0.0078125,0.514287250198786,0.00604111468278354,0,0.451,0.043,0.506,0.1302
"9145",1,0.514287250198786,0.00604111468278354,0,0.451,0.043,0.506,0.1302
"9146",0.015625,0.514287250198786,0.00604111468278354,0,0.451,0.043,0.506,0.1302
"9147",1,0.514287250198786,0.00604111468278354,0,0.451,0.043,0.506,0.1302
"9148",0.00390625,0.514287250198786,0.00604111468278354,0,0.451,0.043,0.506,0.1302
"9149",1,0.514287250198786,0.00604111468278354,0,0.451,0.043,0.506,0.1302
"9150",0.07421875,0.514287250198786,0.00604111468278354,0,0.451,0.043,0.506,0.1302
"9151",0.015625,0.514287250198786,0.00604111468278354,0,0.451,0.043,0.506,0.1302
"9152",1,0.514287250198786,0.00604111468278354,0,0.451,0.043,0.506,0.1302
"9153",1,0.514287250198786,0.00604111468278354,0,0.451,0.043,0.506,0.1302
"9154",1,0.514287250198786,0.00604111468278354,0,0.451,0.043,0.506,0.1302
"9155",1,0.514287250198786,0.00604111468278354,0,0.451,0.043,0.506,0.1302
"9156",1,0.514287250198786,0.00604111468278354,0,0.451,0.043,0.506,0.1302
"9157",0,0.514287250198786,0.00604111468278354,0,0.451,0.043,0.506,0.1302
"9158",0.015625,0.514287250198786,0.00604111468278354,0,0.451,0.043,0.506,0.1302
"9159",1,0.514287250198786,0.00604111468278354,0,0.451,0.043,0.506,0.1302
"9160",1,0.514287250198786,0.00604111468278354,0,0.451,0.043,0.506,0.1302
"9161",0.01953125,0.514287250198786,0.00604111468278354,0,0.451,0.043,0.506,0.1302
"9162",0.046875,0.514287250198786,0.00604111468278354,0,0.451,0.043,0.506,0.1302
"9163",1,0.514287250198786,0.00604111468278354,0,0.451,0.043,0.506,0.1302
"9164",0.16015625,0.514287250198786,0.00604111468278354,0,0.451,0.043,0.506,0.1302
"9165",1,0.514287250198786,0.00604111468278354,0,0.451,0.043,0.506,0.1302
"9166",0.07421875,0.514287250198786,0.00604111468278354,0,0.451,0.043,0.506,0.1302
"9167",0.015625,0.514287250198786,0.00604111468278354,0,0.451,0.043,0.506,0.1302
"9168",1,0.514287250198786,0.00604111468278354,0,0.451,0.043,0.506,0.1302
"9169",1,0.514287250198786,0.00604111468278354,0,0.451,0.043,0.506,0.1302
"9170",0.0859375,0.514287250198786,0.00604111468278354,0,0.451,0.043,0.506,0.1302
"9171",0.14453125,0.514287250198786,0.00604111468278354,0,0.451,0.043,0.506,0.1302
"9172",1,0.514287250198786,0.00604111468278354,0,0.451,0.043,0.506,0.1302
"9173",1,0.514287250198786,0.00604111468278354,0,0.451,0.043,0.506,0.1302
"9174",0.05078125,0.514287250198786,0.00604111468278354,0,0.451,0.043,0.506,0.1302
"9175",1,0.514287250198786,0.00604111468278354,0,0.451,0.043,0.506,0.1302
"9176",1,0.514287250198786,0.00604111468278354,0,0.451,0.043,0.506,0.1302
"9177",0.03515625,0.514287250198786,0.00604111468278354,0,0.451,0.043,0.506,0.1302
"9178",1,0.514287250198786,0.00604111468278354,0,0.451,0.043,0.506,0.1302
"9179",1,0.514287250198786,0.00604111468278354,0,0.451,0.043,0.506,0.1302
"9180",0.03515625,0.514287250198786,0.00604111468278354,0,0.451,0.043,0.506,0.1302
"9181",0.02734375,0.514287250198786,0.00604111468278354,0,0.451,0.043,0.506,0.1302
"9182",0.01171875,0.514287250198786,0.00604111468278354,0,0.451,0.043,0.506,0.1302
"9183",1,0.514287250198786,0.00604111468278354,0,0.451,0.043,0.506,0.1302
"9184",1,0.514287250198786,0.00604111468278354,0,0.451,0.043,0.506,0.1302
"9185",1,0.514287250198786,0.00604111468278354,0,0.451,0.043,0.506,0.1302
"9186",1,0.514287250198786,0.00604111468278354,0,0.451,0.043,0.506,0.1302
"9187",1,0.514287250198786,0.00604111468278354,0,0.451,0.043,0.506,0.1302
"9188",1,0.514287250198786,0.00604111468278354,0,0.451,0.043,0.506,0.1302
"9189",0.01171875,0.514287250198786,0.00604111468278354,0,0.451,0.043,0.506,0.1302
"9190",1,0.514287250198786,0.00604111468278354,0,0.451,0.043,0.506,0.1302
"9191",0.046875,0.514287250198786,0.00604111468278354,0,0.451,0.043,0.506,0.1302
"9192",0.0625,0.514287250198786,0.00604111468278354,0,0.451,0.043,0.506,0.1302
"9193",0.0078125,0.514287250198786,0.00604111468278354,0,0.451,0.043,0.506,0.1302
"9194",0.03125,0.514287250198786,0.00604111468278354,0,0.451,0.043,0.506,0.1302
"9195",0.046875,0.514287250198786,0.00604111468278354,0,0.451,0.043,0.506,0.1302
"9196",1,0.514287250198786,0.00604111468278354,0,0.451,0.043,0.506,0.1302
"9197",1,0.514287250198786,0.00604111468278354,0,0.451,0.043,0.506,0.1302
"9198",0.01953125,0.514287250198786,0.00604111468278354,0,0.451,0.043,0.506,0.1302
"9199",1,0.514287250198786,0.00604111468278354,0,0.451,0.043,0.506,0.1302
"9200",1,0.514287250198786,0.00604111468278354,0,0.451,0.043,0.506,0.1302
"9201",0.03125,0.514287250198786,0.00604111468278354,0,0.451,0.043,0.506,0.1302
"9202",1,0.514287250198786,0.00604111468278354,0,0.451,0.043,0.506,0.1302
"9203",0.140625,0.514287250198786,0.00604111468278354,0,0.451,0.043,0.506,0.1302
"9204",1,0.514287250198786,0.00604111468278354,0,0.451,0.043,0.506,0.1302
"9205",1,0.514287250198786,0.00604111468278354,0,0.451,0.043,0.506,0.1302
"9206",1,0.514287250198786,0.00604111468278354,0,0.451,0.043,0.506,0.1302
"9207",1,0.514287250198786,0.00604111468278354,0,0.451,0.043,0.506,0.1302
"9208",0.02734375,0.514287250198786,0.00604111468278354,0,0.451,0.043,0.506,0.1302
"9209",0.03515625,0.514287250198786,0.00604111468278354,0,0.451,0.043,0.506,0.1302
"9210",0.01171875,0.514287250198786,0.00604111468278354,0,0.451,0.043,0.506,0.1302
"9211",0.12890625,0.514287250198786,0.00604111468278354,0,0.451,0.043,0.506,0.1302
"9212",1,0.514287250198786,0.00604111468278354,0,0.451,0.043,0.506,0.1302
"9213",1,0.514287250198786,0.00604111468278354,0,0.451,0.043,0.506,0.1302
"9214",1,0.514287250198786,0.00604111468278354,0,0.451,0.043,0.506,0.1302
"9215",0.0078125,0.514287250198786,0.00604111468278354,0,0.451,0.043,0.506,0.1302
"9216",0.07421875,0.514287250198786,0.00604111468278354,0,0.451,0.043,0.506,0.1302
"9217",0.0078125,0.514287250198786,0.00604111468278354,0,0.451,0.043,0.506,0.1302
"9218",1,0.514287250198786,0.00604111468278354,0,0.451,0.043,0.506,0.1302
"9219",0,0.514287250198786,0.00604111468278354,0,0.451,0.043,0.506,0.1302
"9220",0.015625,0.514287250198786,0.00604111468278354,0,0.451,0.043,0.506,0.1302
"9221",0.01171875,0.514287250198786,0.00604111468278354,0,0.451,0.043,0.506,0.1302
"9222",0.3359375,0.514287250198786,0.00604111468278354,0,0.451,0.043,0.506,0.1302
"9223",0.01953125,0.514287250198786,0.00604111468278354,0,0.451,0.043,0.506,0.1302
"9224",0.01953125,0.514287250198786,0.00604111468278354,0,0.451,0.043,0.506,0.1302
"9225",1,0.514287250198786,0.00604111468278354,0,0.451,0.043,0.506,0.1302
"9226",1,0.514287250198786,0.00604111468278354,0,0.451,0.043,0.506,0.1302
"9227",0.015625,0.514287250198786,0.00604111468278354,0,0.451,0.043,0.506,0.1302
"9228",0.12890625,0.514287250198786,0.00604111468278354,0,0.451,0.043,0.506,0.1302
"9229",0.0078125,0.514287250198786,0.00604111468278354,0,0.451,0.043,0.506,0.1302
"9230",1,0.514287250198786,0.00604111468278354,0,0.451,0.043,0.506,0.1302
"9231",1,0.514287250198786,0.00604111468278354,0,0.451,0.043,0.506,0.1302
"9232",0.05078125,0.514287250198786,0.00604111468278354,0,0.451,0.043,0.506,0.1302
"9233",0.1171875,0.514287250198786,0.00604111468278354,0,0.451,0.043,0.506,0.1302
"9234",1,0.514287250198786,0.00604111468278354,0,0.451,0.043,0.506,0.1302
"9235",0.0390625,0.514287250198786,0.00604111468278354,0,0.451,0.043,0.506,0.1302
"9236",0.0390625,0.514287250198786,0.00604111468278354,0,0.451,0.043,0.506,0.1302
"9237",0.07421875,0.514287250198786,0.00604111468278354,0,0.451,0.043,0.506,0.1302
"9238",0.28515625,0.514287250198786,0.00604111468278354,0,0.451,0.043,0.506,0.1302
"9239",0.0546875,0.514287250198786,0.00604111468278354,0,0.451,0.043,0.506,0.1302
"9240",0.01953125,0.514287250198786,0.00604111468278354,0,0.451,0.043,0.506,0.1302
"9241",0.09375,0.514287250198786,0.00604111468278354,0,0.451,0.043,0.506,0.1302
"9242",1,0.514287250198786,0.00604111468278354,0,0.451,0.043,0.506,0.1302
"9243",1,0.514287250198786,0.00604111468278354,0,0.451,0.043,0.506,0.1302
"9244",0.03515625,0.514287250198786,0.00604111468278354,0,0.451,0.043,0.506,0.1302
"9245",0.05078125,0.514287250198786,0.00604111468278354,0,0.451,0.043,0.506,0.1302
"9246",0.0625,0.514287250198786,0.00604111468278354,0,0.451,0.043,0.506,0.1302
"9247",0.015625,0.514287250198786,0.00604111468278354,0,0.451,0.043,0.506,0.1302
"9248",1,0.514287250198786,0.00604111468278354,0,0.451,0.043,0.506,0.1302
"9249",1,0.514287250198786,0.00604111468278354,0,0.451,0.043,0.506,0.1302
"9250",0.02734375,0.514287250198786,0.00604111468278354,0,0.451,0.043,0.506,0.1302
"9251",0.0078125,0.514287250198786,0.00604111468278354,0,0.451,0.043,0.506,0.1302
"9252",0,0.514287250198786,0.00604111468278354,0,0.451,0.043,0.506,0.1302
"9253",1,0.514287250198786,0.00604111468278354,0,0.451,0.043,0.506,0.1302
"9254",0.03515625,0.514287250198786,0.00604111468278354,0,0.451,0.043,0.506,0.1302
"9255",0.0390625,0.514287250198786,0.00604111468278354,0,0.451,0.043,0.506,0.1302
"9256",0.09375,0.514287250198786,0.00604111468278354,0,0.451,0.043,0.506,0.1302
"9257",0.02734375,0.514287250198786,0.00604111468278354,0,0.451,0.043,0.506,0.1302
"9258",1,0.514287250198786,0.00604111468278354,0,0.451,0.043,0.506,0.1302
"9259",1,0.514287250198786,0.00604111468278354,0,0.451,0.043,0.506,0.1302
"9260",1,0.514287250198786,0.00604111468278354,0,0.451,0.043,0.506,0.1302
"9261",0.046875,0.514287250198786,0.00604111468278354,0,0.451,0.043,0.506,0.1302
"9262",0.50390625,0.514287250198786,0.00604111468278354,0,0.451,0.043,0.506,0.1302
"9263",0.078125,0.514287250198786,0.00604111468278354,0,0.451,0.043,0.506,0.1302
"9264",0.11328125,0.514287250198786,0.00604111468278354,0,0.451,0.043,0.506,0.1302
"9265",0.046875,0.514287250198786,0.00604111468278354,0,0.451,0.043,0.506,0.1302
"9266",0.02734375,0.514287250198786,0.00604111468278354,0,0.451,0.043,0.506,0.1302
"9267",1,0.514287250198786,0.00604111468278354,0,0.451,0.043,0.506,0.1302
"9268",1,0.514287250198786,0.00604111468278354,0,0.451,0.043,0.506,0.1302
"9269",1,0.514287250198786,0.00604111468278354,0,0.451,0.043,0.506,0.1302
"9270",1,0.514287250198786,0.00604111468278354,0,0.451,0.043,0.506,0.1302
"9271",1,0.514287250198786,0.00604111468278354,0,0.451,0.043,0.506,0.1302
"9272",1,0.514287250198786,0.00604111468278354,0,0.451,0.043,0.506,0.1302
"9273",1,0.514287250198786,0.00604111468278354,0,0.451,0.043,0.506,0.1302
"9274",1,0.514287250198786,0.00604111468278354,0,0.451,0.043,0.506,0.1302
"9275",0.01171875,0.514287250198786,0.00604111468278354,0,0.451,0.043,0.506,0.1302
"9276",0.04296875,0.514287250198786,0.00604111468278354,0,0.451,0.043,0.506,0.1302
"9277",1,0.514287250198786,0.00604111468278354,0,0.451,0.043,0.506,0.1302
"9278",1,0.514287250198786,0.00604111468278354,0,0.451,0.043,0.506,0.1302
"9279",0.0390625,0.514287250198786,0.00604111468278354,0,0.451,0.043,0.506,0.1302
"9280",0.0703125,0.514287250198786,0.00604111468278354,0,0.451,0.043,0.506,0.1302
"9281",0.03125,0.514287250198786,0.00604111468278354,0,0.451,0.043,0.506,0.1302
"9282",0.04296875,0.514287250198786,0.00604111468278354,0,0.451,0.043,0.506,0.1302
"9283",1,0.514287250198786,0.00604111468278354,0,0.451,0.043,0.506,0.1302
"9284",1,0.514287250198786,0.00604111468278354,0,0.451,0.043,0.506,0.1302
"9285",1,0.514287250198786,0.00604111468278354,0,0.451,0.043,0.506,0.1302
"9286",0.00390625,0.514287250198786,0.00604111468278354,0,0.451,0.043,0.506,0.1302
"9287",1,0.514287250198786,0.00604111468278354,0,0.451,0.043,0.506,0.1302
"9288",1,0.514287250198786,0.00604111468278354,0,0.451,0.043,0.506,0.1302
"9289",0.05859375,0.514287250198786,0.00604111468278354,0,0.451,0.043,0.506,0.1302
"9290",0.00390625,0.514287250198786,0.00604111468278354,0,0.451,0.043,0.506,0.1302
"9291",0.01171875,0.514287250198786,0.00604111468278354,0,0.451,0.043,0.506,0.1302
"9292",1,0.514287250198786,0.00604111468278354,0,0.451,0.043,0.506,0.1302
"9293",1,0.514287250198786,0.00604111468278354,0,0.451,0.043,0.506,0.1302
"9294",0.00390625,0.514287250198786,0.00604111468278354,0,0.451,0.043,0.506,0.1302
"9295",0.0390625,0.514287250198786,0.00604111468278354,0,0.451,0.043,0.506,0.1302
"9296",0.00390625,0.514287250198786,0.00604111468278354,0,0.451,0.043,0.506,0.1302
"9297",1,0.514287250198786,0.00604111468278354,0,0.451,0.043,0.506,0.1302
"9298",1,0.514287250198786,0.00604111468278354,0,0.451,0.043,0.506,0.1302
"9299",1,0.514287250198786,0.00604111468278354,0,0.451,0.043,0.506,0.1302
"9300",1,0.514287250198786,0.00604111468278354,0,0.451,0.043,0.506,0.1302
"9301",1,0.514287250198786,0.00604111468278354,0,0.451,0.043,0.506,0.1302
"9302",0.015625,0.514287250198786,0.00604111468278354,0,0.451,0.043,0.506,0.1302
"9303",1,0.514287250198786,0.00604111468278354,0,0.451,0.043,0.506,0.1302
"9304",1,0.514287250198786,0.00604111468278354,0,0.451,0.043,0.506,0.1302
"9305",0.17578125,0.514287250198786,0.00604111468278354,0,0.451,0.043,0.506,0.1302
"9306",0.03515625,0.514287250198786,0.00604111468278354,0,0.451,0.043,0.506,0.1302
"9307",0,0.514287250198786,0.00604111468278354,0,0.451,0.043,0.506,0.1302
"9308",1,0.514287250198786,0.00604111468278354,0,0.451,0.043,0.506,0.1302
"9309",0.015625,0.514287250198786,0.00604111468278354,0,0.451,0.043,0.506,0.1302
"9310",1,0.514287250198786,0.00604111468278354,0,0.451,0.043,0.506,0.1302
"9311",1,0.514287250198786,0.00604111468278354,0,0.451,0.043,0.506,0.1302
"9312",0.08203125,0.514287250198786,0.00604111468278354,0,0.451,0.043,0.506,0.1302
"9313",0.01171875,0.514287250198786,0.00604111468278354,0,0.451,0.043,0.506,0.1302
"9314",0.1875,0.514287250198786,0.00604111468278354,0,0.451,0.043,0.506,0.1302
"9315",0.03515625,0.514287250198786,0.00604111468278354,0,0.451,0.043,0.506,0.1302
"9316",1,0.514287250198786,0.00604111468278354,0,0.451,0.043,0.506,0.1302
"9317",1,0.514287250198786,0.00604111468278354,0,0.451,0.043,0.506,0.1302
"9318",1,0.514287250198786,0.00604111468278354,0,0.451,0.043,0.506,0.1302
"9319",0.15625,0.514287250198786,0.00604111468278354,0,0.451,0.043,0.506,0.1302
"9320",1,0.514287250198786,0.00604111468278354,0,0.451,0.043,0.506,0.1302
"9321",1,0.514287250198786,0.00604111468278354,0,0.451,0.043,0.506,0.1302
"9322",1,0.514287250198786,0.00604111468278354,0,0.451,0.043,0.506,0.1302
"9323",0.02734375,0.514287250198786,0.00604111468278354,0,0.451,0.043,0.506,0.1302
"9324",1,0.514287250198786,0.00604111468278354,0,0.451,0.043,0.506,0.1302
"9325",1,0.514287250198786,0.00604111468278354,0,0.451,0.043,0.506,0.1302
"9326",0.02734375,0.514287250198786,0.00604111468278354,0,0.451,0.043,0.506,0.1302
"9327",1,0.514287250198786,0.00604111468278354,0,0.451,0.043,0.506,0.1302
"9328",1,0.514287250198786,0.00604111468278354,0,0.451,0.043,0.506,0.1302
"9329",1,0.514287250198786,0.00604111468278354,0,0.451,0.043,0.506,0.1302
"9330",1,0.514287250198786,0.00604111468278354,0,0.451,0.043,0.506,0.1302
"9331",1,0.514287250198786,0.00604111468278354,0,0.451,0.043,0.506,0.1302
"9332",1,0.514287250198786,0.00604111468278354,0,0.451,0.043,0.506,0.1302
"9333",1,0.514287250198786,0.00604111468278354,0,0.451,0.043,0.506,0.1302
"9334",0.03125,0.514287250198786,0.00604111468278354,0,0.451,0.043,0.506,0.1302
"9335",0.06640625,0.514287250198786,0.00604111468278354,0,0.451,0.043,0.506,0.1302
"9336",0.01171875,0.514287250198786,0.00604111468278354,0,0.451,0.043,0.506,0.1302
"9337",1,0.514287250198786,0.00604111468278354,0,0.451,0.043,0.506,0.1302
"9338",0.00390625,0.514287250198786,0.00604111468278354,0,0.451,0.043,0.506,0.1302
"9339",1,0.514287250198786,0.00604111468278354,0,0.451,0.043,0.506,0.1302
"9340",0.015625,0.514287250198786,0.00604111468278354,0,0.451,0.043,0.506,0.1302
"9341",1,0.514287250198786,0.00604111468278354,0,0.451,0.043,0.506,0.1302
"9342",0.01953125,0.514287250198786,0.00604111468278354,0,0.451,0.043,0.506,0.1302
"9343",0.01171875,0.514287250198786,0.00604111468278354,0,0.451,0.043,0.506,0.1302
"9344",0.00390625,0.514287250198786,0.00604111468278354,0,0.451,0.043,0.506,0.1302
"9345",0.01171875,0.514287250198786,0.00604111468278354,0,0.451,0.043,0.506,0.1302
"9346",1,0.514287250198786,0.00604111468278354,0,0.451,0.043,0.506,0.1302
"9347",0.0234375,0.514287250198786,0.00604111468278354,0,0.451,0.043,0.506,0.1302
"9348",1,0.514287250198786,0.00604111468278354,0,0.451,0.043,0.506,0.1302
"9349",0.0078125,0.514287250198786,0.00604111468278354,0,0.451,0.043,0.506,0.1302
"9350",1,0.514287250198786,0.00604111468278354,0,0.451,0.043,0.506,0.1302
"9351",1,0.514287250198786,0.00604111468278354,0,0.451,0.043,0.506,0.1302
"9352",0.03125,0.514287250198786,0.00604111468278354,0,0.451,0.043,0.506,0.1302
"9353",1,0.514287250198786,0.00604111468278354,0,0.451,0.043,0.506,0.1302
"9354",0.015625,0.514287250198786,0.00604111468278354,0,0.451,0.043,0.506,0.1302
"9355",1,0.514287250198786,0.00604111468278354,0,0.451,0.043,0.506,0.1302
"9356",0.04296875,0.514287250198786,0.00604111468278354,0,0.451,0.043,0.506,0.1302
"9357",1,0.514287250198786,0.00604111468278354,0,0.451,0.043,0.506,0.1302
"9358",1,0.514287250198786,0.00604111468278354,0,0.451,0.043,0.506,0.1302
"9359",0.01171875,0.514287250198786,0.00604111468278354,0,0.451,0.043,0.506,0.1302
"9360",0.0390625,0.514287250198786,0.00604111468278354,0,0.451,0.043,0.506,0.1302
"9361",0.0078125,0.514287250198786,0.00604111468278354,0,0.451,0.043,0.506,0.1302
"9362",1,0.514287250198786,0.00604111468278354,0,0.451,0.043,0.506,0.1302
"9363",0.0078125,0.514287250198786,0.00604111468278354,0,0.451,0.043,0.506,0.1302
"9364",0.046875,0.514287250198786,0.00604111468278354,0,0.451,0.043,0.506,0.1302
"9365",1,0.514287250198786,0.00604111468278354,0,0.451,0.043,0.506,0.1302
"9366",1,0.514287250198786,0.00604111468278354,0,0.451,0.043,0.506,0.1302
"9367",0.05078125,0.514287250198786,0.00604111468278354,0,0.451,0.043,0.506,0.1302
"9368",1,0.514287250198786,0.00604111468278354,0,0.451,0.043,0.506,0.1302
"9369",0.01171875,0.514287250198786,0.00604111468278354,0,0.451,0.043,0.506,0.1302
"9370",0.078125,0.514287250198786,0.00604111468278354,0,0.451,0.043,0.506,0.1302
"9371",1,0.514287250198786,0.00604111468278354,0,0.451,0.043,0.506,0.1302
"9372",1,0.514287250198786,0.00604111468278354,0,0.451,0.043,0.506,0.1302
"9373",0.05078125,0.514287250198786,0.00604111468278354,0,0.451,0.043,0.506,0.1302
"9374",0,0.514287250198786,0.00604111468278354,0,0.451,0.043,0.506,0.1302
"9375",1,0.514287250198786,0.00604111468278354,0,0.451,0.043,0.506,0.1302
"9376",0.0703125,0.514287250198786,0.00604111468278354,0,0.451,0.043,0.506,0.1302
"9377",1,0.514287250198786,0.00604111468278354,0,0.451,0.043,0.506,0.1302
"9378",1,0.514287250198786,0.00604111468278354,0,0.451,0.043,0.506,0.1302
"9379",0.13671875,0.514287250198786,0.00604111468278354,0,0.451,0.043,0.506,0.1302
"9380",0.01171875,0.514287250198786,0.00604111468278354,0,0.451,0.043,0.506,0.1302
"9381",0.03515625,0.514287250198786,0.00604111468278354,0,0.451,0.043,0.506,0.1302
"9382",1,0.514287250198786,0.00604111468278354,0,0.451,0.043,0.506,0.1302
"9383",0.02734375,0.514287250198786,0.00604111468278354,0,0.451,0.043,0.506,0.1302
"9384",1,0.514287250198786,0.00604111468278354,0,0.451,0.043,0.506,0.1302
"9385",0.00390625,0.514287250198786,0.00604111468278354,0,0.451,0.043,0.506,0.1302
"9386",1,0.514287250198786,0.00604111468278354,0,0.451,0.043,0.506,0.1302
"9387",1,0.514287250198786,0.00604111468278354,0,0.451,0.043,0.506,0.1302
"9388",0.01953125,0.514287250198786,0.00604111468278354,0,0.451,0.043,0.506,0.1302
"9389",0.046875,0.514287250198786,0.00604111468278354,0,0.451,0.043,0.506,0.1302
"9390",1,0.514287250198786,0.00604111468278354,0,0.451,0.043,0.506,0.1302
"9391",1,0.514287250198786,0.00604111468278354,0,0.451,0.043,0.506,0.1302
"9392",0.02734375,0.514287250198786,0.00604111468278354,0,0.451,0.043,0.506,0.1302
"9393",0.01171875,0.514287250198786,0.00604111468278354,0,0.451,0.043,0.506,0.1302
"9394",0.01953125,0.514287250198786,0.00604111468278354,0,0.451,0.043,0.506,0.1302
"9395",1,0.514287250198786,0.00604111468278354,0,0.451,0.043,0.506,0.1302
"9396",1,0.514287250198786,0.00604111468278354,0,0.451,0.043,0.506,0.1302
"9397",1,0.514287250198786,0.00604111468278354,0,0.451,0.043,0.506,0.1302
"9398",1,0.514287250198786,0.00604111468278354,0,0.451,0.043,0.506,0.1302
"9399",0.015625,0.514287250198786,0.00604111468278354,0,0.451,0.043,0.506,0.1302
"9400",1,0.514287250198786,0.00604111468278354,0,0.451,0.043,0.506,0.1302
"9401",1,0.514287250198786,0.00604111468278354,0,0.451,0.043,0.506,0.1302
"9402",1,0.514287250198786,0.00604111468278354,0,0.451,0.043,0.506,0.1302
"9403",1,0.514287250198786,0.00604111468278354,0,0.451,0.043,0.506,0.1302
"9404",0.01171875,0.514287250198786,0.00604111468278354,0,0.451,0.043,0.506,0.1302
"9405",1,0.514287250198786,0.00604111468278354,0,0.451,0.043,0.506,0.1302
"9406",0,0.514287250198786,0.00604111468278354,0,0.451,0.043,0.506,0.1302
"9407",1,0.514287250198786,0.00604111468278354,0,0.451,0.043,0.506,0.1302
"9408",0.01171875,0.514287250198786,0.00604111468278354,0,0.451,0.043,0.506,0.1302
"9409",1,0.514287250198786,0.00604111468278354,0,0.451,0.043,0.506,0.1302
"9410",1,0.514287250198786,0.00604111468278354,0,0.451,0.043,0.506,0.1302
"9411",0.0078125,0.514287250198786,0.00604111468278354,0,0.451,0.043,0.506,0.1302
"9412",0.0234375,0.514287250198786,0.00604111468278354,0,0.451,0.043,0.506,0.1302
"9413",1,0.514287250198786,0.00604111468278354,0,0.451,0.043,0.506,0.1302
"9414",1,0.514287250198786,0.00604111468278354,0,0.451,0.043,0.506,0.1302
"9415",1,0.514287250198786,0.00604111468278354,0,0.451,0.043,0.506,0.1302
"9416",0.00390625,0.514287250198786,0.00604111468278354,0,0.451,0.043,0.506,0.1302
"9417",1,0.514287250198786,0.00604111468278354,0,0.451,0.043,0.506,0.1302
"9418",1,0.514287250198786,0.00604111468278354,0,0.451,0.043,0.506,0.1302
"9419",0.140625,0.514287250198786,0.00604111468278354,0,0.451,0.043,0.506,0.1302
"9420",1,0.514287250198786,0.00604111468278354,0,0.451,0.043,0.506,0.1302
"9421",1,0.514287250198786,0.00604111468278354,0,0.451,0.043,0.506,0.1302
"9422",0.01171875,0.514287250198786,0.00604111468278354,0,0.451,0.043,0.506,0.1302
"9423",0.01171875,0.514287250198786,0.00604111468278354,0,0.451,0.043,0.506,0.1302
"9424",0.046875,0.514287250198786,0.00604111468278354,0,0.451,0.043,0.506,0.1302
"9425",1,0.514287250198786,0.00604111468278354,0,0.451,0.043,0.506,0.1302
"9426",1,0.514287250198786,0.00604111468278354,0,0.451,0.043,0.506,0.1302
"9427",1,0.514287250198786,0.00604111468278354,0,0.451,0.043,0.506,0.1302
"9428",1,0.514287250198786,0.00604111468278354,0,0.451,0.043,0.506,0.1302
"9429",1,0.514287250198786,0.00604111468278354,0,0.451,0.043,0.506,0.1302
"9430",0.03515625,0.514287250198786,0.00604111468278354,0,0.451,0.043,0.506,0.1302
"9431",0.02734375,0.514287250198786,0.00604111468278354,0,0.451,0.043,0.506,0.1302
"9432",0.01953125,0.514287250198786,0.00604111468278354,0,0.451,0.043,0.506,0.1302
"9433",1,0.514287250198786,0.00604111468278354,0,0.451,0.043,0.506,0.1302
"9434",1,0.514287250198786,0.00604111468278354,0,0.451,0.043,0.506,0.1302
"9435",1,0.514287250198786,0.00604111468278354,0,0.451,0.043,0.506,0.1302
"9436",1,0.514287250198786,0.00604111468278354,0,0.451,0.043,0.506,0.1302
"9437",1,0.514287250198786,0.00604111468278354,0,0.451,0.043,0.506,0.1302
"9438",1,0.514287250198786,0.00604111468278354,0,0.451,0.043,0.506,0.1302
"9439",1,0.514287250198786,0.00604111468278354,0,0.451,0.043,0.506,0.1302
"9440",1,0.514287250198786,0.00604111468278354,0,0.451,0.043,0.506,0.1302
"9441",0.02734375,0.514287250198786,0.00604111468278354,0,0.451,0.043,0.506,0.1302
"9442",0.01171875,0.514287250198786,0.00604111468278354,0,0.451,0.043,0.506,0.1302
"9443",1,0.514287250198786,0.00604111468278354,0,0.451,0.043,0.506,0.1302
"9444",0.17578125,0.514287250198786,0.00604111468278354,0,0.451,0.043,0.506,0.1302
"9445",1,0.514287250198786,0.00604111468278354,0,0.451,0.043,0.506,0.1302
"9446",1,0.514287250198786,0.00604111468278354,0,0.451,0.043,0.506,0.1302
"9447",1,0.514287250198786,0.00604111468278354,0,0.451,0.043,0.506,0.1302
"9448",1,0.514287250198786,0.00604111468278354,0,0.451,0.043,0.506,0.1302
"9449",1,0.514287250198786,0.00604111468278354,0,0.451,0.043,0.506,0.1302
"9450",1,0.514287250198786,0.00604111468278354,0,0.451,0.043,0.506,0.1302
"9451",1,0.514287250198786,0.00604111468278354,0,0.451,0.043,0.506,0.1302
"9452",1,0.514287250198786,0.00604111468278354,0,0.451,0.043,0.506,0.1302
"9453",0.0234375,0.514287250198786,0.00604111468278354,0,0.451,0.043,0.506,0.1302
"9454",0.01171875,0.514287250198786,0.00604111468278354,0,0.451,0.043,0.506,0.1302
"9455",1,0.514287250198786,0.00604111468278354,0,0.451,0.043,0.506,0.1302
"9456",0.00390625,0.514287250198786,0.00604111468278354,0,0.451,0.043,0.506,0.1302
"9457",0.015625,0.514287250198786,0.00604111468278354,0,0.451,0.043,0.506,0.1302
"9458",0.015625,0.514287250198786,0.00604111468278354,0,0.451,0.043,0.506,0.1302
"9459",1,0.514287250198786,0.00604111468278354,0,0.451,0.043,0.506,0.1302
"9460",1,0.514287250198786,0.00604111468278354,0,0.451,0.043,0.506,0.1302
"9461",0.0078125,0.514287250198786,0.00604111468278354,0,0.451,0.043,0.506,0.1302
"9462",1,0.514287250198786,0.00604111468278354,0,0.451,0.043,0.506,0.1302
"9463",1,0.514287250198786,0.00604111468278354,0,0.451,0.043,0.506,0.1302
"9464",0.07421875,0.514287250198786,0.00604111468278354,0,0.451,0.043,0.506,0.1302
"9465",0.0390625,0.514287250198786,0.00604111468278354,0,0.451,0.043,0.506,0.1302
"9466",1,0.514287250198786,0.00604111468278354,0,0.451,0.043,0.506,0.1302
"9467",1,0.514287250198786,0.00604111468278354,0,0.451,0.043,0.506,0.1302
"9468",0.0234375,0.514287250198786,0.00604111468278354,0,0.451,0.043,0.506,0.1302
"9469",1,0.514287250198786,0.00604111468278354,0,0.451,0.043,0.506,0.1302
"9470",1,0.514287250198786,0.00604111468278354,0,0.451,0.043,0.506,0.1302
"9471",1,0.514287250198786,0.00604111468278354,0,0.451,0.043,0.506,0.1302
"9472",1,0.514287250198786,0.00604111468278354,0,0.451,0.043,0.506,0.1302
"9473",0.09375,0.514287250198786,0.00604111468278354,0,0.451,0.043,0.506,0.1302
"9474",0.078125,0.514287250198786,0.00604111468278354,0,0.451,0.043,0.506,0.1302
"9475",0.015625,0.514287250198786,0.00604111468278354,0,0.451,0.043,0.506,0.1302
"9476",1,0.514287250198786,0.00604111468278354,0,0.451,0.043,0.506,0.1302
"9477",0.03125,0.514287250198786,0.00604111468278354,0,0.451,0.043,0.506,0.1302
"9478",0.02734375,0.514287250198786,0.00604111468278354,0,0.451,0.043,0.506,0.1302
"9479",1,0.514287250198786,0.00604111468278354,0,0.451,0.043,0.506,0.1302
"9480",1,0.514287250198786,0.00604111468278354,0,0.451,0.043,0.506,0.1302
"9481",0,0.514287250198786,0.00604111468278354,0,0.451,0.043,0.506,0.1302
"9482",0.02734375,0.514287250198786,0.00604111468278354,0,0.451,0.043,0.506,0.1302
"9483",1,0.514287250198786,0.00604111468278354,0,0.451,0.043,0.506,0.1302
"9484",0.00390625,0.514287250198786,0.00604111468278354,0,0.451,0.043,0.506,0.1302
"9485",0.11328125,0.514287250198786,0.00604111468278354,0,0.451,0.043,0.506,0.1302
"9486",1,0.514287250198786,0.00604111468278354,0,0.451,0.043,0.506,0.1302
"9487",1,0.514287250198786,0.00604111468278354,0,0.451,0.043,0.506,0.1302
"9488",1,0.514287250198786,0.00604111468278354,0,0.451,0.043,0.506,0.1302
"9489",1,0.514287250198786,0.00604111468278354,0,0.451,0.043,0.506,0.1302
"9490",1,0.514287250198786,0.00604111468278354,0,0.451,0.043,0.506,0.1302
"9491",0.01953125,0.514287250198786,0.00604111468278354,0,0.451,0.043,0.506,0.1302
"9492",0.13671875,0.514287250198786,0.00604111468278354,0,0.451,0.043,0.506,0.1302
"9493",0.5,0.514287250198786,0.00604111468278354,0,0.451,0.043,0.506,0.1302
"9494",1,0.514287250198786,0.00604111468278354,0,0.451,0.043,0.506,0.1302
"9495",0.2578125,0.514287250198786,0.00604111468278354,0,0.451,0.043,0.506,0.1302
"9496",1,0.514287250198786,0.00604111468278354,0,0.451,0.043,0.506,0.1302
"9497",0.01171875,0.514287250198786,0.00604111468278354,0,0.451,0.043,0.506,0.1302
"9498",0.0078125,0.514287250198786,0.00604111468278354,0,0.451,0.043,0.506,0.1302
"9499",0.04296875,0.514287250198786,0.00604111468278354,0,0.451,0.043,0.506,0.1302
"9500",1,0.514287250198786,0.00604111468278354,0,0.451,0.043,0.506,0.1302
"9501",1,0.514287250198786,0.00604111468278354,0,0.451,0.043,0.506,0.1302
"9502",0.0859375,0.514287250198786,0.00604111468278354,0,0.451,0.043,0.506,0.1302
"9503",0.0078125,0.514287250198786,0.00604111468278354,0,0.451,0.043,0.506,0.1302
"9504",0.00390625,0.514287250198786,0.00604111468278354,0,0.451,0.043,0.506,0.1302
"9505",1,0.514287250198786,0.00604111468278354,0,0.451,0.043,0.506,0.1302
"9506",0.00390625,0.514287250198786,0.00604111468278354,0,0.451,0.043,0.506,0.1302
"9507",0.0234375,0.514287250198786,0.00604111468278354,0,0.451,0.043,0.506,0.1302
"9508",1,0.514287250198786,0.00604111468278354,0,0.451,0.043,0.506,0.1302
"9509",0.0703125,0.514287250198786,0.00604111468278354,0,0.451,0.043,0.506,0.1302
"9510",0.0859375,0.514287250198786,0.00604111468278354,0,0.451,0.043,0.506,0.1302
"9511",0.04296875,0.514287250198786,0.00604111468278354,0,0.451,0.043,0.506,0.1302
"9512",0.01171875,0.514287250198786,0.00604111468278354,0,0.451,0.043,0.506,0.1302
"9513",0.08203125,0.514287250198786,0.00604111468278354,0,0.451,0.043,0.506,0.1302
"9514",0.00390625,0.514287250198786,0.00604111468278354,0,0.451,0.043,0.506,0.1302
"9515",1,0.514287250198786,0.00604111468278354,0,0.451,0.043,0.506,0.1302
"9516",0.0078125,0.514287250198786,0.00604111468278354,0,0.451,0.043,0.506,0.1302
"9517",1,0.514287250198786,0.00604111468278354,0,0.451,0.043,0.506,0.1302
"9518",0.00390625,0.514287250198786,0.00604111468278354,0,0.451,0.043,0.506,0.1302
"9519",1,0.514287250198786,0.00604111468278354,0,0.451,0.043,0.506,0.1302
"9520",0.01171875,0.514287250198786,0.00604111468278354,0,0.451,0.043,0.506,0.1302
"9521",0.0078125,0.514287250198786,0.00604111468278354,0,0.451,0.043,0.506,0.1302
"9522",1,0.514287250198786,0.00604111468278354,0,0.451,0.043,0.506,0.1302
"9523",1,0.514287250198786,0.00604111468278354,0,0.451,0.043,0.506,0.1302
"9524",1,0.514287250198786,0.00604111468278354,0,0.451,0.043,0.506,0.1302
"9525",1,0.514287250198786,0.00604111468278354,0,0.451,0.043,0.506,0.1302
"9526",0.0078125,0.514287250198786,0.00604111468278354,0,0.451,0.043,0.506,0.1302
"9527",1,0.514287250198786,0.00604111468278354,0,0.451,0.043,0.506,0.1302
"9528",1,0.514287250198786,0.00604111468278354,0,0.451,0.043,0.506,0.1302
"9529",1,0.514287250198786,0.00604111468278354,0,0.451,0.043,0.506,0.1302
"9530",0.04296875,0.514287250198786,0.00604111468278354,0,0.451,0.043,0.506,0.1302
"9531",0.0234375,0.514287250198786,0.00604111468278354,0,0.451,0.043,0.506,0.1302
"9532",1,0.514287250198786,0.00604111468278354,0,0.451,0.043,0.506,0.1302
"9533",0.05078125,0.514287250198786,0.00604111468278354,0,0.451,0.043,0.506,0.1302
"9534",0.05078125,0.514287250198786,0.00604111468278354,0,0.451,0.043,0.506,0.1302
"9535",0,0.514287250198786,0.00604111468278354,0,0.451,0.043,0.506,0.1302
"9536",0.0390625,0.514287250198786,0.00604111468278354,0,0.451,0.043,0.506,0.1302
"9537",0.0234375,0.514287250198786,0.00604111468278354,0,0.451,0.043,0.506,0.1302
"9538",0.015625,0.514287250198786,0.00604111468278354,0,0.451,0.043,0.506,0.1302
"9539",0.015625,0.514287250198786,0.00604111468278354,0,0.451,0.043,0.506,0.1302
"9540",0.01171875,0.514287250198786,0.00604111468278354,0,0.451,0.043,0.506,0.1302
"9541",0.01953125,0.514287250198786,0.00604111468278354,0,0.451,0.043,0.506,0.1302
"9542",1,0.514287250198786,0.00604111468278354,0,0.451,0.043,0.506,0.1302
"9543",0.02734375,0.514287250198786,0.00604111468278354,0,0.451,0.043,0.506,0.1302
"9544",0.01171875,0.514287250198786,0.00604111468278354,0,0.451,0.043,0.506,0.1302
"9545",0.05078125,0.514287250198786,0.00604111468278354,0,0.451,0.043,0.506,0.1302
"9546",0.00390625,0.514287250198786,0.00604111468278354,0,0.451,0.043,0.506,0.1302
"9547",1,0.514287250198786,0.00604111468278354,0,0.451,0.043,0.506,0.1302
"9548",0.0703125,0.514287250198786,0.00604111468278354,0,0.451,0.043,0.506,0.1302
"9549",0.0234375,0.514287250198786,0.00604111468278354,0,0.451,0.043,0.506,0.1302
"9550",1,0.514287250198786,0.00604111468278354,0,0.451,0.043,0.506,0.1302
"9551",1,0.514287250198786,0.00604111468278354,0,0.451,0.043,0.506,0.1302
"9552",0.03515625,0.514287250198786,0.00604111468278354,0,0.451,0.043,0.506,0.1302
"9553",0.15234375,0.514287250198786,0.00604111468278354,0,0.451,0.043,0.506,0.1302
"9554",1,0.514287250198786,0.00604111468278354,0,0.451,0.043,0.506,0.1302
"9555",0.0390625,0.514287250198786,0.00604111468278354,0,0.451,0.043,0.506,0.1302
"9556",0.00390625,0.514287250198786,0.00604111468278354,0,0.451,0.043,0.506,0.1302
"9557",0.046875,0.514287250198786,0.00604111468278354,0,0.451,0.043,0.506,0.1302
"9558",1,0.514287250198786,0.00604111468278354,0,0.451,0.043,0.506,0.1302
"9559",1,0.514287250198786,0.00604111468278354,0,0.451,0.043,0.506,0.1302
"9560",0.0390625,0.514287250198786,0.00604111468278354,0,0.451,0.043,0.506,0.1302
"9561",0.13671875,0.514287250198786,0.00604111468278354,0,0.451,0.043,0.506,0.1302
"9562",0.01171875,0.514287250198786,0.00604111468278354,0,0.451,0.043,0.506,0.1302
"9563",0.01953125,0.514287250198786,0.00604111468278354,0,0.451,0.043,0.506,0.1302
"9564",0.0234375,0.514287250198786,0.00604111468278354,0,0.451,0.043,0.506,0.1302
"9565",1,0.514287250198786,0.00604111468278354,0,0.451,0.043,0.506,0.1302
"9566",1,0.514287250198786,0.00604111468278354,0,0.451,0.043,0.506,0.1302
"9567",0.02734375,0.514287250198786,0.00604111468278354,0,0.451,0.043,0.506,0.1302
"9568",1,0.514287250198786,0.00604111468278354,0,0.451,0.043,0.506,0.1302
"9569",1,0.514287250198786,0.00604111468278354,0,0.451,0.043,0.506,0.1302
"9570",0.01953125,0.514287250198786,0.00604111468278354,0,0.451,0.043,0.506,0.1302
"9571",1,0.514287250198786,0.00604111468278354,0,0.451,0.043,0.506,0.1302
"9572",1,0.514287250198786,0.00604111468278354,0,0.451,0.043,0.506,0.1302
"9573",0.01171875,0.514287250198786,0.00604111468278354,0,0.451,0.043,0.506,0.1302
"9574",0.015625,0.514287250198786,0.00604111468278354,0,0.451,0.043,0.506,0.1302
"9575",1,0.514287250198786,0.00604111468278354,0,0.451,0.043,0.506,0.1302
"9576",1,0.514287250198786,0.00604111468278354,0,0.451,0.043,0.506,0.1302
"9577",0.01171875,0.514287250198786,0.00604111468278354,0,0.451,0.043,0.506,0.1302
"9578",0.1484375,0.514287250198786,0.00604111468278354,0,0.451,0.043,0.506,0.1302
"9579",0.046875,0.514287250198786,0.00604111468278354,0,0.451,0.043,0.506,0.1302
"9580",0.03125,0.514287250198786,0.00604111468278354,0,0.451,0.043,0.506,0.1302
"9581",1,0.514287250198786,0.00604111468278354,0,0.451,0.043,0.506,0.1302
"9582",1,0.514287250198786,0.00604111468278354,0,0.451,0.043,0.506,0.1302
"9583",1,0.514287250198786,0.00604111468278354,0,0.451,0.043,0.506,0.1302
"9584",1,0.514287250198786,0.00604111468278354,0,0.451,0.043,0.506,0.1302
"9585",0.015625,0.514287250198786,0.00604111468278354,0,0.451,0.043,0.506,0.1302
"9586",1,0.514287250198786,0.00604111468278354,0,0.451,0.043,0.506,0.1302
"9587",0.0234375,0.514287250198786,0.00604111468278354,0,0.451,0.043,0.506,0.1302
"9588",0.0234375,0.514287250198786,0.00604111468278354,0,0.451,0.043,0.506,0.1302
"9589",0.01171875,0.514287250198786,0.00604111468278354,0,0.451,0.043,0.506,0.1302
"9590",1,0.514287250198786,0.00604111468278354,0,0.451,0.043,0.506,0.1302
"9591",0.046875,0.514287250198786,0.00604111468278354,0,0.451,0.043,0.506,0.1302
"9592",1,0.514287250198786,0.00604111468278354,0,0.451,0.043,0.506,0.1302
"9593",0.015625,0.514287250198786,0.00604111468278354,0,0.451,0.043,0.506,0.1302
"9594",0.0546875,0.514287250198786,0.00604111468278354,0,0.451,0.043,0.506,0.1302
"9595",0,0.514287250198786,0.00604111468278354,0,0.451,0.043,0.506,0.1302
"9596",1,0.514287250198786,0.00604111468278354,0,0.451,0.043,0.506,0.1302
"9597",0.05859375,0.514287250198786,0.00604111468278354,0,0.451,0.043,0.506,0.1302
"9598",1,0.514287250198786,0.00604111468278354,0,0.451,0.043,0.506,0.1302
"9599",1,0.514287250198786,0.00604111468278354,0,0.451,0.043,0.506,0.1302
"9600",0.39453125,0.514287250198786,0.00604111468278354,0,0.451,0.043,0.506,0.1302
"9601",0.01953125,0.514287250198786,0.00604111468278354,0,0.451,0.043,0.506,0.1302
"9602",1,0.514287250198786,0.00604111468278354,0,0.451,0.043,0.506,0.1302
"9603",1,0.514287250198786,0.00604111468278354,0,0.451,0.043,0.506,0.1302
"9604",0.0625,0.514287250198786,0.00604111468278354,0,0.451,0.043,0.506,0.1302
"9605",1,0.514287250198786,0.00604111468278354,0,0.451,0.043,0.506,0.1302
"9606",1,0.514287250198786,0.00604111468278354,0,0.451,0.043,0.506,0.1302
"9607",0.0703125,0.514287250198786,0.00604111468278354,0,0.451,0.043,0.506,0.1302
"9608",1,0.514287250198786,0.00604111468278354,0,0.451,0.043,0.506,0.1302
"9609",0.015625,0.514287250198786,0.00604111468278354,0,0.451,0.043,0.506,0.1302
"9610",0.00390625,0.514287250198786,0.00604111468278354,0,0.451,0.043,0.506,0.1302
"9611",1,0.514287250198786,0.00604111468278354,0,0.451,0.043,0.506,0.1302
"9612",0.0234375,0.514287250198786,0.00604111468278354,0,0.451,0.043,0.506,0.1302
"9613",0.015625,0.514287250198786,0.00604111468278354,0,0.451,0.043,0.506,0.1302
"9614",0.04296875,0.514287250198786,0.00604111468278354,0,0.451,0.043,0.506,0.1302
"9615",0.01953125,0.514287250198786,0.00604111468278354,0,0.451,0.043,0.506,0.1302
"9616",0.00390625,0.514287250198786,0.00604111468278354,0,0.451,0.043,0.506,0.1302
"9617",1,0.514287250198786,0.00604111468278354,0,0.451,0.043,0.506,0.1302
"9618",0.046875,0.514287250198786,0.00604111468278354,0,0.451,0.043,0.506,0.1302
"9619",0.078125,0.514287250198786,0.00604111468278354,0,0.451,0.043,0.506,0.1302
"9620",1,0.514287250198786,0.00604111468278354,0,0.451,0.043,0.506,0.1302
"9621",1,0.514287250198786,0.00604111468278354,0,0.451,0.043,0.506,0.1302
"9622",1,0.514287250198786,0.00604111468278354,0,0.451,0.043,0.506,0.1302
"9623",0.0390625,0.514287250198786,0.00604111468278354,0,0.451,0.043,0.506,0.1302
"9624",0,0.514287250198786,0.00604111468278354,0,0.451,0.043,0.506,0.1302
"9625",0.015625,0.514287250198786,0.00604111468278354,0,0.451,0.043,0.506,0.1302
"9626",1,0.514287250198786,0.00604111468278354,0,0.451,0.043,0.506,0.1302
"9627",0.00390625,0.514287250198786,0.00604111468278354,0,0.451,0.043,0.506,0.1302
"9628",1,0.514287250198786,0.00604111468278354,0,0.451,0.043,0.506,0.1302
"9629",0.0625,0.514287250198786,0.00604111468278354,0,0.451,0.043,0.506,0.1302
"9630",1,0.514287250198786,0.00604111468278354,0,0.451,0.043,0.506,0.1302
"9631",1,0.514287250198786,0.00604111468278354,0,0.451,0.043,0.506,0.1302
"9632",0.50390625,0.514287250198786,0.00604111468278354,0,0.451,0.043,0.506,0.1302
"9633",0.00390625,0.514287250198786,0.00604111468278354,0,0.451,0.043,0.506,0.1302
"9634",0,0.514287250198786,0.00604111468278354,0,0.451,0.043,0.506,0.1302
"9635",0.0234375,0.514287250198786,0.00604111468278354,0,0.451,0.043,0.506,0.1302
"9636",1,0.514287250198786,0.00604111468278354,0,0.451,0.043,0.506,0.1302
"9637",0.02734375,0.514287250198786,0.00604111468278354,0,0.451,0.043,0.506,0.1302
"9638",1,0.514287250198786,0.00604111468278354,0,0.451,0.043,0.506,0.1302
"9639",0.07421875,0.514287250198786,0.00604111468278354,0,0.451,0.043,0.506,0.1302
"9640",0.015625,0.514287250198786,0.00604111468278354,0,0.451,0.043,0.506,0.1302
"9641",0.015625,0.514287250198786,0.00604111468278354,0,0.451,0.043,0.506,0.1302
"9642",0.01171875,0.514287250198786,0.00604111468278354,0,0.451,0.043,0.506,0.1302
"9643",0.0078125,0.514287250198786,0.00604111468278354,0,0.451,0.043,0.506,0.1302
"9644",1,0.514287250198786,0.00604111468278354,0,0.451,0.043,0.506,0.1302
"9645",1,0.514287250198786,0.00604111468278354,0,0.451,0.043,0.506,0.1302
"9646",0.02734375,0.514287250198786,0.00604111468278354,0,0.451,0.043,0.506,0.1302
"9647",1,0.514287250198786,0.00604111468278354,0,0.451,0.043,0.506,0.1302
"9648",1,0.514287250198786,0.00604111468278354,0,0.451,0.043,0.506,0.1302
"9649",1,0.514287250198786,0.00604111468278354,0,0.451,0.043,0.506,0.1302
"9650",1,0.514287250198786,0.00604111468278354,0,0.451,0.043,0.506,0.1302
"9651",1,0.514287250198786,0.00604111468278354,0,0.451,0.043,0.506,0.1302
"9652",0.015625,0.514287250198786,0.00604111468278354,0,0.451,0.043,0.506,0.1302
"9653",1,0.514287250198786,0.00604111468278354,0,0.451,0.043,0.506,0.1302
"9654",1,0.514287250198786,0.00604111468278354,0,0.451,0.043,0.506,0.1302
"9655",0.01171875,0.514287250198786,0.00604111468278354,0,0.451,0.043,0.506,0.1302
"9656",0.25390625,0.514287250198786,0.00604111468278354,0,0.451,0.043,0.506,0.1302
"9657",0.015625,0.514287250198786,0.00604111468278354,0,0.451,0.043,0.506,0.1302
"9658",0.12890625,0.514287250198786,0.00604111468278354,0,0.451,0.043,0.506,0.1302
"9659",1,0.514287250198786,0.00604111468278354,0,0.451,0.043,0.506,0.1302
"9660",1,0.514287250198786,0.00604111468278354,0,0.451,0.043,0.506,0.1302
"9661",0.01171875,0.514287250198786,0.00604111468278354,0,0.451,0.043,0.506,0.1302
"9662",0.1796875,0.514287250198786,0.00604111468278354,0,0.451,0.043,0.506,0.1302
"9663",0.05078125,0.514287250198786,0.00604111468278354,0,0.451,0.043,0.506,0.1302
"9664",1,0.514287250198786,0.00604111468278354,0,0.451,0.043,0.506,0.1302
"9665",0.0234375,0.514287250198786,0.00604111468278354,0,0.451,0.043,0.506,0.1302
"9666",1,0.514287250198786,0.00604111468278354,0,0.451,0.043,0.506,0.1302
"9667",0,0.514287250198786,0.00604111468278354,0,0.451,0.043,0.506,0.1302
"9668",0,0.514287250198786,0.00604111468278354,0,0.451,0.043,0.506,0.1302
"9669",0.0234375,0.514287250198786,0.00604111468278354,0,0.451,0.043,0.506,0.1302
"9670",1,0.514287250198786,0.00604111468278354,0,0.451,0.043,0.506,0.1302
"9671",1,0.514287250198786,0.00604111468278354,0,0.451,0.043,0.506,0.1302
"9672",0.0390625,0.514287250198786,0.00604111468278354,0,0.451,0.043,0.506,0.1302
"9673",0.0078125,0.514287250198786,0.00604111468278354,0,0.451,0.043,0.506,0.1302
"9674",1,0.514287250198786,0.00604111468278354,0,0.451,0.043,0.506,0.1302
"9675",0.03125,0.514287250198786,0.00604111468278354,0,0.451,0.043,0.506,0.1302
"9676",0.0546875,0.514287250198786,0.00604111468278354,0,0.451,0.043,0.506,0.1302
"9677",1,0.514287250198786,0.00604111468278354,0,0.451,0.043,0.506,0.1302
"9678",1,0.514287250198786,0.00604111468278354,0,0.451,0.043,0.506,0.1302
"9679",1,0.514287250198786,0.00604111468278354,0,0.451,0.043,0.506,0.1302
"9680",1,0.514287250198786,0.00604111468278354,0,0.451,0.043,0.506,0.1302
"9681",0.0078125,0.514287250198786,0.00604111468278354,0,0.451,0.043,0.506,0.1302
"9682",1,0.514287250198786,0.00604111468278354,0,0.451,0.043,0.506,0.1302
"9683",0.02734375,0.514287250198786,0.00604111468278354,0,0.451,0.043,0.506,0.1302
"9684",0.04296875,0.514287250198786,0.00604111468278354,0,0.451,0.043,0.506,0.1302
"9685",1,0.514287250198786,0.00604111468278354,0,0.451,0.043,0.506,0.1302
"9686",0.0390625,0.514287250198786,0.00604111468278354,0,0.451,0.043,0.506,0.1302
"9687",1,0.514287250198786,0.00604111468278354,0,0.451,0.043,0.506,0.1302
"9688",1,0.514287250198786,0.00604111468278354,0,0.451,0.043,0.506,0.1302
"9689",0.5078125,0.514287250198786,0.00604111468278354,0,0.451,0.043,0.506,0.1302
"9690",0.046875,0.514287250198786,0.00604111468278354,0,0.451,0.043,0.506,0.1302
"9691",0.02734375,0.514287250198786,0.00604111468278354,0,0.451,0.043,0.506,0.1302
"9692",0.015625,0.514287250198786,0.00604111468278354,0,0.451,0.043,0.506,0.1302
"9693",0.03125,0.514287250198786,0.00604111468278354,0,0.451,0.043,0.506,0.1302
"9694",0.06640625,0.514287250198786,0.00604111468278354,0,0.451,0.043,0.506,0.1302
"9695",0.046875,0.514287250198786,0.00604111468278354,0,0.451,0.043,0.506,0.1302
"9696",1,0.514287250198786,0.00604111468278354,0,0.451,0.043,0.506,0.1302
"9697",1,0.514287250198786,0.00604111468278354,0,0.451,0.043,0.506,0.1302
"9698",1,0.514287250198786,0.00604111468278354,0,0.451,0.043,0.506,0.1302
"9699",0,0.514287250198786,0.00604111468278354,0,0.451,0.043,0.506,0.1302
"9700",0.03515625,0.514287250198786,0.00604111468278354,0,0.451,0.043,0.506,0.1302
"9701",1,0.514287250198786,0.00604111468278354,0,0.451,0.043,0.506,0.1302
"9702",1,0.514287250198786,0.00604111468278354,0,0.451,0.043,0.506,0.1302
"9703",0.00390625,0.514287250198786,0.00604111468278354,0,0.451,0.043,0.506,0.1302
"9704",0.0078125,0.514287250198786,0.00604111468278354,0,0.451,0.043,0.506,0.1302
"9705",0.03515625,0.514287250198786,0.00604111468278354,0,0.451,0.043,0.506,0.1302
"9706",1,0.514287250198786,0.00604111468278354,0,0.451,0.043,0.506,0.1302
"9707",0.015625,0.514287250198786,0.00604111468278354,0,0.451,0.043,0.506,0.1302
"9708",1,0.514287250198786,0.00604111468278354,0,0.451,0.043,0.506,0.1302
"9709",0.140625,0.514287250198786,0.00604111468278354,0,0.451,0.043,0.506,0.1302
"9710",1,0.514287250198786,0.00604111468278354,0,0.451,0.043,0.506,0.1302
"9711",0.00390625,0.514287250198786,0.00604111468278354,0,0.451,0.043,0.506,0.1302
"9712",0.0078125,0.514287250198786,0.00604111468278354,0,0.451,0.043,0.506,0.1302
"9713",0.07421875,0.514287250198786,0.00604111468278354,0,0.451,0.043,0.506,0.1302
"9714",1,0.514287250198786,0.00604111468278354,0,0.451,0.043,0.506,0.1302
"9715",1,0.514287250198786,0.00604111468278354,0,0.451,0.043,0.506,0.1302
"9716",0.00390625,0.514287250198786,0.00604111468278354,0,0.451,0.043,0.506,0.1302
"9717",1,0.514287250198786,0.00604111468278354,0,0.451,0.043,0.506,0.1302
"9718",0.09765625,0.514287250198786,0.00604111468278354,0,0.451,0.043,0.506,0.1302
"9719",1,0.514287250198786,0.00604111468278354,0,0.451,0.043,0.506,0.1302
"9720",1,0.514287250198786,0.00604111468278354,0,0.451,0.043,0.506,0.1302
"9721",0.109375,0.514287250198786,0.00604111468278354,0,0.451,0.043,0.506,0.1302
"9722",1,0.514287250198786,0.00604111468278354,0,0.451,0.043,0.506,0.1302
"9723",0.0234375,0.514287250198786,0.00604111468278354,0,0.451,0.043,0.506,0.1302
"9724",0.015625,0.514287250198786,0.00604111468278354,0,0.451,0.043,0.506,0.1302
"9725",1,0.514287250198786,0.00604111468278354,0,0.451,0.043,0.506,0.1302
"9726",1,0.514287250198786,0.00604111468278354,0,0.451,0.043,0.506,0.1302
"9727",1,0.514287250198786,0.00604111468278354,0,0.451,0.043,0.506,0.1302
"9728",1,0.514287250198786,0.00604111468278354,0,0.451,0.043,0.506,0.1302
"9729",0.0546875,0.514287250198786,0.00604111468278354,0,0.451,0.043,0.506,0.1302
"9730",1,0.514287250198786,0.00604111468278354,0,0.451,0.043,0.506,0.1302
"9731",1,0.514287250198786,0.00604111468278354,0,0.451,0.043,0.506,0.1302
"9732",1,0.514287250198786,0.00604111468278354,0,0.451,0.043,0.506,0.1302
"9733",1,0.514287250198786,0.00604111468278354,0,0.451,0.043,0.506,0.1302
"9734",1,0.514287250198786,0.00604111468278354,0,0.451,0.043,0.506,0.1302
"9735",0.1015625,0.514287250198786,0.00604111468278354,0,0.451,0.043,0.506,0.1302
"9736",1,0.514287250198786,0.00604111468278354,0,0.451,0.043,0.506,0.1302
"9737",1,0.514287250198786,0.00604111468278354,0,0.451,0.043,0.506,0.1302
"9738",1,0.514287250198786,0.00604111468278354,0,0.451,0.043,0.506,0.1302
"9739",1,0.514287250198786,0.00604111468278354,0,0.451,0.043,0.506,0.1302
"9740",0.17578125,0.514287250198786,0.00604111468278354,0,0.451,0.043,0.506,0.1302
"9741",1,0.514287250198786,0.00604111468278354,0,0.451,0.043,0.506,0.1302
"9742",0.0078125,0.514287250198786,0.00604111468278354,0,0.451,0.043,0.506,0.1302
"9743",1,0.514287250198786,0.00604111468278354,0,0.451,0.043,0.506,0.1302
"9744",1,0.514287250198786,0.00604111468278354,0,0.451,0.043,0.506,0.1302
"9745",1,0.514287250198786,0.00604111468278354,0,0.451,0.043,0.506,0.1302
"9746",1,0.514287250198786,0.00604111468278354,0,0.451,0.043,0.506,0.1302
"9747",1,0.514287250198786,0.00604111468278354,0,0.451,0.043,0.506,0.1302
"9748",0.03125,0.514287250198786,0.00604111468278354,0,0.451,0.043,0.506,0.1302
"9749",0.046875,0.514287250198786,0.00604111468278354,0,0.451,0.043,0.506,0.1302
"9750",0.03515625,0.514287250198786,0.00604111468278354,0,0.451,0.043,0.506,0.1302
"9751",1,0.514287250198786,0.00604111468278354,0,0.451,0.043,0.506,0.1302
"9752",0.02734375,0.514287250198786,0.00604111468278354,0,0.451,0.043,0.506,0.1302
"9753",1,0.514287250198786,0.00604111468278354,0,0.451,0.043,0.506,0.1302
"9754",1,0.514287250198786,0.00604111468278354,0,0.451,0.043,0.506,0.1302
"9755",1,0.514287250198786,0.00604111468278354,0,0.451,0.043,0.506,0.1302
"9756",1,0.514287250198786,0.00604111468278354,0,0.451,0.043,0.506,0.1302
"9757",0.0546875,0.514287250198786,0.00604111468278354,0,0.451,0.043,0.506,0.1302
"9758",0.11328125,0.514287250198786,0.00604111468278354,0,0.451,0.043,0.506,0.1302
"9759",0.08203125,0.514287250198786,0.00604111468278354,0,0.451,0.043,0.506,0.1302
"9760",0.01953125,0.514287250198786,0.00604111468278354,0,0.451,0.043,0.506,0.1302
"9761",0.09375,0.514287250198786,0.00604111468278354,0,0.451,0.043,0.506,0.1302
"9762",1,0.514287250198786,0.00604111468278354,0,0.451,0.043,0.506,0.1302
"9763",1,0.514287250198786,0.00604111468278354,0,0.451,0.043,0.506,0.1302
"9764",0.19921875,0.514287250198786,0.00604111468278354,0,0.451,0.043,0.506,0.1302
"9765",0.03515625,0.514287250198786,0.00604111468278354,0,0.451,0.043,0.506,0.1302
"9766",1,0.514287250198786,0.00604111468278354,0,0.451,0.043,0.506,0.1302
"9767",1,0.514287250198786,0.00604111468278354,0,0.451,0.043,0.506,0.1302
"9768",1,0.514287250198786,0.00604111468278354,0,0.451,0.043,0.506,0.1302
"9769",0.01953125,0.514287250198786,0.00604111468278354,0,0.451,0.043,0.506,0.1302
"9770",1,0.514287250198786,0.00604111468278354,0,0.451,0.043,0.506,0.1302
"9771",0.0703125,0.514287250198786,0.00604111468278354,0,0.451,0.043,0.506,0.1302
"9772",1,0.514287250198786,0.00604111468278354,0,0.451,0.043,0.506,0.1302
"9773",0.06640625,0.514287250198786,0.00604111468278354,0,0.451,0.043,0.506,0.1302
"9774",1,0.514287250198786,0.00604111468278354,0,0.451,0.043,0.506,0.1302
"9775",0.02734375,0.514287250198786,0.00604111468278354,0,0.451,0.043,0.506,0.1302
"9776",1,0.514287250198786,0.00604111468278354,0,0.451,0.043,0.506,0.1302
"9777",0.12890625,0.514287250198786,0.00604111468278354,0,0.451,0.043,0.506,0.1302
"9778",0.12890625,0.514287250198786,0.00604111468278354,0,0.451,0.043,0.506,0.1302
"9779",1,0.514287250198786,0.00604111468278354,0,0.451,0.043,0.506,0.1302
"9780",1,0.514287250198786,0.00604111468278354,0,0.451,0.043,0.506,0.1302
"9781",1,0.514287250198786,0.00604111468278354,0,0.451,0.043,0.506,0.1302
"9782",0.015625,0.514287250198786,0.00604111468278354,0,0.451,0.043,0.506,0.1302
"9783",1,0.514287250198786,0.00604111468278354,0,0.451,0.043,0.506,0.1302
"9784",0.015625,0.514287250198786,0.00604111468278354,0,0.451,0.043,0.506,0.1302
"9785",1,0.514287250198786,0.00604111468278354,0,0.451,0.043,0.506,0.1302
"9786",0.0234375,0.514287250198786,0.00604111468278354,0,0.451,0.043,0.506,0.1302
"9787",1,0.514287250198786,0.00604111468278354,0,0.451,0.043,0.506,0.1302
"9788",0.01171875,0.514287250198786,0.00604111468278354,0,0.451,0.043,0.506,0.1302
"9789",1,0.514287250198786,0.00604111468278354,0,0.451,0.043,0.506,0.1302
"9790",1,0.514287250198786,0.00604111468278354,0,0.451,0.043,0.506,0.1302
"9791",0.01953125,0.514287250198786,0.00604111468278354,0,0.451,0.043,0.506,0.1302
"9792",1,0.514287250198786,0.00604111468278354,0,0.451,0.043,0.506,0.1302
"9793",0.01171875,0.514287250198786,0.00604111468278354,0,0.451,0.043,0.506,0.1302
"9794",0.01953125,0.514287250198786,0.00604111468278354,0,0.451,0.043,0.506,0.1302
"9795",0.0078125,0.514287250198786,0.00604111468278354,0,0.451,0.043,0.506,0.1302
"9796",1,0.514287250198786,0.00604111468278354,0,0.451,0.043,0.506,0.1302
"9797",0.015625,0.514287250198786,0.00604111468278354,0,0.451,0.043,0.506,0.1302
"9798",1,0.514287250198786,0.00604111468278354,0,0.451,0.043,0.506,0.1302
"9799",1,0.514287250198786,0.00604111468278354,0,0.451,0.043,0.506,0.1302
"9800",0.0078125,0.514287250198786,0.00604111468278354,0,0.451,0.043,0.506,0.1302
"9801",1,0.514287250198786,0.00604111468278354,0,0.451,0.043,0.506,0.1302
"9802",0.0078125,0.514287250198786,0.00604111468278354,0,0.451,0.043,0.506,0.1302
"9803",0.05078125,0.514287250198786,0.00604111468278354,0,0.451,0.043,0.506,0.1302
"9804",1,0.514287250198786,0.00604111468278354,0,0.451,0.043,0.506,0.1302
"9805",0,0.514287250198786,0.00604111468278354,0,0.451,0.043,0.506,0.1302
"9806",0.0078125,0.514287250198786,0.00604111468278354,0,0.451,0.043,0.506,0.1302
"9807",1,0.514287250198786,0.00604111468278354,0,0.451,0.043,0.506,0.1302
"9808",0.01953125,0.514287250198786,0.00604111468278354,0,0.451,0.043,0.506,0.1302
"9809",0.51953125,0.514287250198786,0.00604111468278354,0,0.451,0.043,0.506,0.1302
"9810",1,0.514287250198786,0.00604111468278354,0,0.451,0.043,0.506,0.1302
"9811",0.03515625,0.514287250198786,0.00604111468278354,0,0.451,0.043,0.506,0.1302
"9812",0.01171875,0.514287250198786,0.00604111468278354,0,0.451,0.043,0.506,0.1302
"9813",1,0.514287250198786,0.00604111468278354,0,0.451,0.043,0.506,0.1302
"9814",1,0.514287250198786,0.00604111468278354,0,0.451,0.043,0.506,0.1302
"9815",0.00390625,0.514287250198786,0.00604111468278354,0,0.451,0.043,0.506,0.1302
"9816",1,0.514287250198786,0.00604111468278354,0,0.451,0.043,0.506,0.1302
"9817",1,0.514287250198786,0.00604111468278354,0,0.451,0.043,0.506,0.1302
"9818",0.09375,0.514287250198786,0.00604111468278354,0,0.451,0.043,0.506,0.1302
"9819",0.1328125,0.514287250198786,0.00604111468278354,0,0.451,0.043,0.506,0.1302
"9820",0.00390625,0.514287250198786,0.00604111468278354,0,0.451,0.043,0.506,0.1302
"9821",1,0.514287250198786,0.00604111468278354,0,0.451,0.043,0.506,0.1302
"9822",0,0.514287250198786,0.00604111468278354,0,0.451,0.043,0.506,0.1302
"9823",1,0.514287250198786,0.00604111468278354,0,0.451,0.043,0.506,0.1302
"9824",0,0.514287250198786,0.00604111468278354,0,0.451,0.043,0.506,0.1302
"9825",1,0.514287250198786,0.00604111468278354,0,0.451,0.043,0.506,0.1302
"9826",1,0.514287250198786,0.00604111468278354,0,0.451,0.043,0.506,0.1302
"9827",0.00390625,0.514287250198786,0.00604111468278354,0,0.451,0.043,0.506,0.1302
"9828",1,0.514287250198786,0.00604111468278354,0,0.451,0.043,0.506,0.1302
"9829",0.00390625,0.514287250198786,0.00604111468278354,0,0.451,0.043,0.506,0.1302
"9830",0.0234375,0.514287250198786,0.00604111468278354,0,0.451,0.043,0.506,0.1302
"9831",1,0.514287250198786,0.00604111468278354,0,0.451,0.043,0.506,0.1302
"9832",1,0.514287250198786,0.00604111468278354,0,0.451,0.043,0.506,0.1302
"9833",0.00390625,0.514287250198786,0.00604111468278354,0,0.451,0.043,0.506,0.1302
"9834",0.0390625,0.514287250198786,0.00604111468278354,0,0.451,0.043,0.506,0.1302
"9835",1,0.514287250198786,0.00604111468278354,0,0.451,0.043,0.506,0.1302
"9836",1,0.514287250198786,0.00604111468278354,0,0.451,0.043,0.506,0.1302
"9837",0.01171875,0.514287250198786,0.00604111468278354,0,0.451,0.043,0.506,0.1302
"9838",1,0.514287250198786,0.00604111468278354,0,0.451,0.043,0.506,0.1302
"9839",0.03515625,0.514287250198786,0.00604111468278354,0,0.451,0.043,0.506,0.1302
"9840",1,0.514287250198786,0.00604111468278354,0,0.451,0.043,0.506,0.1302
"9841",0.0078125,0.514287250198786,0.00604111468278354,0,0.451,0.043,0.506,0.1302
"9842",0.0546875,0.514287250198786,0.00604111468278354,0,0.451,0.043,0.506,0.1302
"9843",1,0.514287250198786,0.00604111468278354,0,0.451,0.043,0.506,0.1302
"9844",1,0.514287250198786,0.00604111468278354,0,0.451,0.043,0.506,0.1302
"9845",0.078125,0.514287250198786,0.00604111468278354,0,0.451,0.043,0.506,0.1302
"9846",0.0390625,0.514287250198786,0.00604111468278354,0,0.451,0.043,0.506,0.1302
"9847",0.07421875,0.514287250198786,0.00604111468278354,0,0.451,0.043,0.506,0.1302
"9848",1,0.514287250198786,0.00604111468278354,0,0.451,0.043,0.506,0.1302
"9849",0.0390625,0.514287250198786,0.00604111468278354,0,0.451,0.043,0.506,0.1302
"9850",0.00390625,0.514287250198786,0.00604111468278354,0,0.451,0.043,0.506,0.1302
"9851",0.015625,0.514287250198786,0.00604111468278354,0,0.451,0.043,0.506,0.1302
"9852",1,0.514287250198786,0.00604111468278354,0,0.451,0.043,0.506,0.1302
"9853",0.12890625,0.514287250198786,0.00604111468278354,0,0.451,0.043,0.506,0.1302
"9854",1,0.514287250198786,0.00604111468278354,0,0.451,0.043,0.506,0.1302
"9855",1,0.514287250198786,0.00604111468278354,0,0.451,0.043,0.506,0.1302
"9856",0.0234375,0.514287250198786,0.00604111468278354,0,0.451,0.043,0.506,0.1302
"9857",1,0.514287250198786,0.00604111468278354,0,0.451,0.043,0.506,0.1302
"9858",0.03125,0.514287250198786,0.00604111468278354,0,0.451,0.043,0.506,0.1302
"9859",1,0.514287250198786,0.00604111468278354,0,0.451,0.043,0.506,0.1302
"9860",1,0.514287250198786,0.00604111468278354,0,0.451,0.043,0.506,0.1302
"9861",0.01953125,0.514287250198786,0.00604111468278354,0,0.451,0.043,0.506,0.1302
"9862",0.046875,0.514287250198786,0.00604111468278354,0,0.451,0.043,0.506,0.1302
"9863",0.015625,0.514287250198786,0.00604111468278354,0,0.451,0.043,0.506,0.1302
"9864",1,0.514287250198786,0.00604111468278354,0,0.451,0.043,0.506,0.1302
"9865",0.0859375,0.514287250198786,0.00604111468278354,0,0.451,0.043,0.506,0.1302
"9866",0.01171875,0.514287250198786,0.00604111468278354,0,0.451,0.043,0.506,0.1302
"9867",1,0.514287250198786,0.00604111468278354,0,0.451,0.043,0.506,0.1302
"9868",1,0.514287250198786,0.00604111468278354,0,0.451,0.043,0.506,0.1302
"9869",1,0.514287250198786,0.00604111468278354,0,0.451,0.043,0.506,0.1302
"9870",1,0.514287250198786,0.00604111468278354,0,0.451,0.043,0.506,0.1302
"9871",0.0078125,0.514287250198786,0.00604111468278354,0,0.451,0.043,0.506,0.1302
"9872",0.0234375,0.514287250198786,0.00604111468278354,0,0.451,0.043,0.506,0.1302
"9873",0.05859375,0.514287250198786,0.00604111468278354,0,0.451,0.043,0.506,0.1302
"9874",0.0234375,0.514287250198786,0.00604111468278354,0,0.451,0.043,0.506,0.1302
"9875",1,0.514287250198786,0.00604111468278354,0,0.451,0.043,0.506,0.1302
"9876",1,0.514287250198786,0.00604111468278354,0,0.451,0.043,0.506,0.1302
"9877",1,0.514287250198786,0.00604111468278354,0,0.451,0.043,0.506,0.1302
"9878",1,0.514287250198786,0.00604111468278354,0,0.451,0.043,0.506,0.1302
"9879",0.00390625,0.514287250198786,0.00604111468278354,0,0.451,0.043,0.506,0.1302
"9880",1,0.514287250198786,0.00604111468278354,0,0.451,0.043,0.506,0.1302
"9881",0.0546875,0.514287250198786,0.00604111468278354,0,0.451,0.043,0.506,0.1302
"9882",0.02734375,0.514287250198786,0.00604111468278354,0,0.451,0.043,0.506,0.1302
"9883",0.015625,0.514287250198786,0.00604111468278354,0,0.451,0.043,0.506,0.1302
"9884",0.08203125,0.514287250198786,0.00604111468278354,0,0.451,0.043,0.506,0.1302
"9885",0.01953125,0.514287250198786,0.00604111468278354,0,0.451,0.043,0.506,0.1302
"9886",0.04296875,0.514287250198786,0.00604111468278354,0,0.451,0.043,0.506,0.1302
"9887",1,0.514287250198786,0.00604111468278354,0,0.451,0.043,0.506,0.1302
"9888",0.03125,0.514287250198786,0.00604111468278354,0,0.451,0.043,0.506,0.1302
"9889",0.0390625,0.514287250198786,0.00604111468278354,0,0.451,0.043,0.506,0.1302
"9890",0.03515625,0.514287250198786,0.00604111468278354,0,0.451,0.043,0.506,0.1302
"9891",1,0.514287250198786,0.00604111468278354,0,0.451,0.043,0.506,0.1302
"9892",1,0.514287250198786,0.00604111468278354,0,0.451,0.043,0.506,0.1302
"9893",1,0.514287250198786,0.00604111468278354,0,0.451,0.043,0.506,0.1302
"9894",1,0.514287250198786,0.00604111468278354,0,0.451,0.043,0.506,0.1302
"9895",0.03515625,0.514287250198786,0.00604111468278354,0,0.451,0.043,0.506,0.1302
"9896",1,0.514287250198786,0.00604111468278354,0,0.451,0.043,0.506,0.1302
"9897",1,0.514287250198786,0.00604111468278354,0,0.451,0.043,0.506,0.1302
"9898",1,0.514287250198786,0.00604111468278354,0,0.451,0.043,0.506,0.1302
"9899",0.08203125,0.514287250198786,0.00604111468278354,0,0.451,0.043,0.506,0.1302
"9900",0.05078125,0.514287250198786,0.00604111468278354,0,0.451,0.043,0.506,0.1302
"9901",1,0.514287250198786,0.00604111468278354,0,0.451,0.043,0.506,0.1302
"9902",1,0.514287250198786,0.00604111468278354,0,0.451,0.043,0.506,0.1302
"9903",0.01953125,0.514287250198786,0.00604111468278354,0,0.451,0.043,0.506,0.1302
"9904",1,0.514287250198786,0.00604111468278354,0,0.451,0.043,0.506,0.1302
"9905",0.1875,0.514287250198786,0.00604111468278354,0,0.451,0.043,0.506,0.1302
"9906",0.0078125,0.514287250198786,0.00604111468278354,0,0.451,0.043,0.506,0.1302
"9907",0.03125,0.514287250198786,0.00604111468278354,0,0.451,0.043,0.506,0.1302
"9908",1,0.514287250198786,0.00604111468278354,0,0.451,0.043,0.506,0.1302
"9909",1,0.514287250198786,0.00604111468278354,0,0.451,0.043,0.506,0.1302
"9910",1,0.514287250198786,0.00604111468278354,0,0.451,0.043,0.506,0.1302
"9911",0,0.514287250198786,0.00604111468278354,0,0.451,0.043,0.506,0.1302
"9912",1,0.514287250198786,0.00604111468278354,0,0.451,0.043,0.506,0.1302
"9913",0.03515625,0.514287250198786,0.00604111468278354,0,0.451,0.043,0.506,0.1302
"9914",1,0.514287250198786,0.00604111468278354,0,0.451,0.043,0.506,0.1302
"9915",0.07421875,0.514287250198786,0.00604111468278354,0,0.451,0.043,0.506,0.1302
"9916",1,0.514287250198786,0.00604111468278354,0,0.451,0.043,0.506,0.1302
"9917",0.0078125,0.514287250198786,0.00604111468278354,0,0.451,0.043,0.506,0.1302
"9918",0.0390625,0.514287250198786,0.00604111468278354,0,0.451,0.043,0.506,0.1302
"9919",1,0.514287250198786,0.00604111468278354,0,0.451,0.043,0.506,0.1302
"9920",0.125,0.514287250198786,0.00604111468278354,0,0.451,0.043,0.506,0.1302
"9921",0.01953125,0.514287250198786,0.00604111468278354,0,0.451,0.043,0.506,0.1302
"9922",0.01953125,0.514287250198786,0.00604111468278354,0,0.451,0.043,0.506,0.1302
"9923",0.03125,0.514287250198786,0.00604111468278354,0,0.451,0.043,0.506,0.1302
"9924",0.015625,0.514287250198786,0.00604111468278354,0,0.451,0.043,0.506,0.1302
"9925",1,0.514287250198786,0.00604111468278354,0,0.451,0.043,0.506,0.1302
"9926",0.015625,0.514287250198786,0.00604111468278354,0,0.451,0.043,0.506,0.1302
"9927",0.0078125,0.514287250198786,0.00604111468278354,0,0.451,0.043,0.506,0.1302
"9928",1,0.514287250198786,0.00604111468278354,0,0.451,0.043,0.506,0.1302
"9929",0.0625,0.514287250198786,0.00604111468278354,0,0.451,0.043,0.506,0.1302
"9930",1,0.514287250198786,0.00604111468278354,0,0.451,0.043,0.506,0.1302
"9931",1,0.514287250198786,0.00604111468278354,0,0.451,0.043,0.506,0.1302
"9932",0.5078125,0.514287250198786,0.00604111468278354,0,0.451,0.043,0.506,0.1302
"9933",1,0.514287250198786,0.00604111468278354,0,0.451,0.043,0.506,0.1302
"9934",0.00390625,0.514287250198786,0.00604111468278354,0,0.451,0.043,0.506,0.1302
"9935",1,0.514287250198786,0.00604111468278354,0,0.451,0.043,0.506,0.1302
"9936",1,0.514287250198786,0.00604111468278354,0,0.451,0.043,0.506,0.1302
"9937",1,0.514287250198786,0.00604111468278354,0,0.451,0.043,0.506,0.1302
"9938",0.13671875,0.514287250198786,0.00604111468278354,0,0.451,0.043,0.506,0.1302
"9939",0.03515625,0.514287250198786,0.00604111468278354,0,0.451,0.043,0.506,0.1302
"9940",1,0.514287250198786,0.00604111468278354,0,0.451,0.043,0.506,0.1302
"9941",1,0.514287250198786,0.00604111468278354,0,0.451,0.043,0.506,0.1302
"9942",1,0.514287250198786,0.00604111468278354,0,0.451,0.043,0.506,0.1302
"9943",0.0390625,0.514287250198786,0.00604111468278354,0,0.451,0.043,0.506,0.1302
"9944",1,0.514287250198786,0.00604111468278354,0,0.451,0.043,0.506,0.1302
"9945",0.05859375,0.514287250198786,0.00604111468278354,0,0.451,0.043,0.506,0.1302
"9946",0.02734375,0.514287250198786,0.00604111468278354,0,0.451,0.043,0.506,0.1302
"9947",0,0.514287250198786,0.00604111468278354,0,0.451,0.043,0.506,0.1302
"9948",0.078125,0.514287250198786,0.00604111468278354,0,0.451,0.043,0.506,0.1302
"9949",1,0.514287250198786,0.00604111468278354,0,0.451,0.043,0.506,0.1302
"9950",1,0.514287250198786,0.00604111468278354,0,0.451,0.043,0.506,0.1302
"9951",1,0.514287250198786,0.00604111468278354,0,0.451,0.043,0.506,0.1302
"9952",0.0078125,0.514287250198786,0.00604111468278354,0,0.451,0.043,0.506,0.1302
"9953",0.01171875,0.514287250198786,0.00604111468278354,0,0.451,0.043,0.506,0.1302
"9954",0.05078125,0.514287250198786,0.00604111468278354,0,0.451,0.043,0.506,0.1302
"9955",1,0.514287250198786,0.00604111468278354,0,0.451,0.043,0.506,0.1302
"9956",1,0.514287250198786,0.00604111468278354,0,0.451,0.043,0.506,0.1302
"9957",1,0.514287250198786,0.00604111468278354,0,0.451,0.043,0.506,0.1302
"9958",1,0.514287250198786,0.00604111468278354,0,0.451,0.043,0.506,0.1302
"9959",1,0.514287250198786,0.00604111468278354,0,0.451,0.043,0.506,0.1302
"9960",1,0.514287250198786,0.00604111468278354,0,0.451,0.043,0.506,0.1302
"9961",1,0.514287250198786,0.00604111468278354,0,0.451,0.043,0.506,0.1302
"9962",1,0.514287250198786,0.00604111468278354,0,0.451,0.043,0.506,0.1302
"9963",0.01171875,0.514287250198786,0.00604111468278354,0,0.451,0.043,0.506,0.1302
"9964",1,0.514287250198786,0.00604111468278354,0,0.451,0.043,0.506,0.1302
"9965",0,0.514287250198786,0.00604111468278354,0,0.451,0.043,0.506,0.1302
"9966",0.06640625,0.514287250198786,0.00604111468278354,0,0.451,0.043,0.506,0.1302
"9967",0.09765625,0.514287250198786,0.00604111468278354,0,0.451,0.043,0.506,0.1302
"9968",1,0.514287250198786,0.00604111468278354,0,0.451,0.043,0.506,0.1302
"9969",1,0.514287250198786,0.00604111468278354,0,0.451,0.043,0.506,0.1302
"9970",1,0.514287250198786,0.00604111468278354,0,0.451,0.043,0.506,0.1302
"9971",1,0.514287250198786,0.00604111468278354,0,0.451,0.043,0.506,0.1302
"9972",0.25390625,0.514287250198786,0.00604111468278354,0,0.451,0.043,0.506,0.1302
"9973",0.00390625,0.514287250198786,0.00604111468278354,0,0.451,0.043,0.506,0.1302
"9974",1,0.514287250198786,0.00604111468278354,0,0.451,0.043,0.506,0.1302
"9975",1,0.514287250198786,0.00604111468278354,0,0.451,0.043,0.506,0.1302
"9976",1,0.514287250198786,0.00604111468278354,0,0.451,0.043,0.506,0.1302
"9977",1,0.514287250198786,0.00604111468278354,0,0.451,0.043,0.506,0.1302
"9978",1,0.514287250198786,0.00604111468278354,0,0.451,0.043,0.506,0.1302
"9979",0.140625,0.514287250198786,0.00604111468278354,0,0.451,0.043,0.506,0.1302
"9980",1,0.514287250198786,0.00604111468278354,0,0.451,0.043,0.506,0.1302
"9981",1,0.514287250198786,0.00604111468278354,0,0.451,0.043,0.506,0.1302
"9982",1,0.514287250198786,0.00604111468278354,0,0.451,0.043,0.506,0.1302
"9983",0.06640625,0.514287250198786,0.00604111468278354,0,0.451,0.043,0.506,0.1302
"9984",0.015625,0.514287250198786,0.00604111468278354,0,0.451,0.043,0.506,0.1302
"9985",1,0.514287250198786,0.00604111468278354,0,0.451,0.043,0.506,0.1302
"9986",0.125,0.514287250198786,0.00604111468278354,0,0.451,0.043,0.506,0.1302
"9987",0.09765625,0.514287250198786,0.00604111468278354,0,0.451,0.043,0.506,0.1302
"9988",1,0.514287250198786,0.00604111468278354,0,0.451,0.043,0.506,0.1302
"9989",1,0.514287250198786,0.00604111468278354,0,0.451,0.043,0.506,0.1302
"9990",0.046875,0.514287250198786,0.00604111468278354,0,0.451,0.043,0.506,0.1302
"9991",0.00390625,0.514287250198786,0.00604111468278354,0,0.451,0.043,0.506,0.1302
"9992",1,0.514287250198786,0.00604111468278354,0,0.451,0.043,0.506,0.1302
"9993",1,0.514287250198786,0.00604111468278354,0,0.451,0.043,0.506,0.1302
"9994",1,0.514287250198786,0.00604111468278354,0,0.451,0.043,0.506,0.1302
"9995",0.03515625,0.514287250198786,0.00604111468278354,0,0.451,0.043,0.506,0.1302
"9996",1,0.514287250198786,0.00604111468278354,0,0.451,0.043,0.506,0.1302
"9997",1,0.514287250198786,0.00604111468278354,0,0.451,0.043,0.506,0.1302
"9998",1,0.514287250198786,0.00604111468278354,0,0.451,0.043,0.506,0.1302
"9999",1,0.514287250198786,0.00604111468278354,0,0.451,0.043,0.506,0.1302
"10000",1,0.514287250198786,0.00604111468278354,0,0.451,0.043,0.506,0.1302
