      prob.meio   prob.mito euploid mosaic aneuploid
1   0.217553479 0.029894802    0.48   0.17      0.35
2   0.012601188 0.097840825    0.23   0.53      0.24
3   0.277588126 0.144490434    0.02   0.37      0.61
4   0.235341662 0.148996763    0.11   0.38      0.51
5   0.542462083 0.087039931    0.16   0.19      0.65
6   0.316435691 0.222294275    0.02   0.31      0.67
7   0.538259690 0.074319364    0.16   0.27      0.57
8   0.106516583 0.198752719    0.04   0.44      0.52
9   0.651990526 0.005261412    0.32   0.02      0.66
10  0.429219093 0.120014867    0.15   0.33      0.52
11  0.080964366 0.044388484    0.43   0.35      0.22
12  0.208198277 0.081095809    0.29   0.39      0.32
13  0.008047385 0.218386060    0.00   0.37      0.63
14  0.208773650 0.243463628    0.01   0.31      0.68
15  0.263151150 0.077382517    0.19   0.38      0.43
16  0.212398670 0.052656555    0.30   0.36      0.34
17  0.174166006 0.131581474    0.13   0.39      0.48
18  0.165724857 0.048885173    0.42   0.35      0.23
19  0.333657702 0.004685549    0.66   0.04      0.30
20  0.612175568 0.075265661    0.17   0.18      0.65
21  0.522492490 0.036718775    0.29   0.11      0.60
22  0.163234252 0.208699833    0.00   0.38      0.62
23  0.309237812 0.072161835    0.20   0.45      0.35
24  0.266996146 0.102090485    0.14   0.45      0.41
25  0.076241239 0.066744498    0.33   0.46      0.21
26  0.429905081 0.055953773    0.22   0.33      0.45
27  0.314603145 0.190501299    0.03   0.31      0.66
28  0.295047110 0.116967662    0.10   0.43      0.47
29  0.535509828 0.010322689    0.39   0.07      0.54
30  0.461922915 0.105909690    0.11   0.25      0.64
31  0.089635059 0.103454577    0.23   0.39      0.38
32  0.011255620 0.276510256    0.00   0.33      0.67
33  0.299921147 0.095959340    0.21   0.31      0.48
34  0.198787867 0.103456250    0.23   0.38      0.39
35  0.079814955 0.156027989    0.03   0.46      0.51
36  0.077030585 0.256603647    0.00   0.34      0.66
37  0.442660457 0.159037020    0.02   0.30      0.68
38  0.188208157 0.115835515    0.16   0.39      0.45
39  0.173237688 0.065660775    0.24   0.41      0.35
40  0.548489240 0.027083015    0.30   0.14      0.56
41  0.144258565 0.078552322    0.23   0.49      0.28
42  0.505152388 0.174409902    0.03   0.30      0.67
43  0.215083397 0.135429125    0.06   0.44      0.50
44  0.201339697 0.159110717    0.07   0.36      0.57
45  0.017956499 0.127780143    0.14   0.46      0.40
46  0.507160722 0.077170895    0.17   0.28      0.55
47  0.588639867 0.059033388    0.16   0.23      0.61
48  0.264112308 0.153360482    0.05   0.38      0.57
49  0.121897688 0.144340651    0.05   0.52      0.43
50  0.244220289 0.064777522    0.34   0.35      0.31
51  0.515742399 0.006357129    0.47   0.03      0.50
52  0.039686312 0.198865339    0.01   0.40      0.59
53  0.425431494 0.093832944    0.13   0.22      0.65
54  0.338695449 0.096066846    0.20   0.34      0.46
55  0.556936254 0.102731443    0.11   0.26      0.63
56  0.318089356 0.048441222    0.35   0.25      0.40
57  0.472847153 0.174480241    0.03   0.30      0.67
58  0.377012128 0.147465560    0.05   0.32      0.63
59  0.278338493 0.016222503    0.50   0.19      0.31
60  0.586048705 0.069604588    0.14   0.30      0.56
61  0.655459766 0.022873750    0.23   0.09      0.68
62  0.203926613 0.181606691    0.01   0.36      0.63
63  0.426263883 0.041256273    0.37   0.14      0.49
64  0.419821726 0.149198241    0.03   0.33      0.64
65  0.651302360 0.093104512    0.11   0.22      0.67
66  0.162308993 0.002963330    0.78   0.04      0.18
67  0.306969421 0.043305424    0.28   0.35      0.37
68  0.414244846 0.033316275    0.36   0.22      0.42
69  0.150577715 0.156001833    0.09   0.33      0.58
70  0.147123786 0.094582493    0.20   0.38      0.42
71  0.078799010 0.127212936    0.13   0.47      0.40
72  0.227655649 0.086249912    0.24   0.34      0.42
73  0.241619709 0.145857671    0.05   0.50      0.45
74  0.369315536 0.071580098    0.20   0.34      0.46
75  0.447301512 0.113190890    0.11   0.38      0.51
76  0.118806370 0.249763800    0.02   0.32      0.66
77  0.156321574 0.121663378    0.11   0.46      0.43
78  0.034106481 0.092420536    0.29   0.45      0.26
79  0.365168154 0.167316197    0.02   0.38      0.60
80  0.086284023 0.227104347    0.01   0.36      0.63
81  0.324831056 0.023667748    0.42   0.17      0.41
82  0.202711476 0.113718141    0.15   0.40      0.45
83  0.054538675 0.133922877    0.10   0.54      0.36
84  0.067994774 0.067110729    0.40   0.38      0.22
85  0.410275367 0.158450076    0.05   0.28      0.67
86  0.051099189 0.152779853    0.10   0.52      0.38
87  0.166040223 0.146598122    0.08   0.39      0.53
88  0.259880124 0.224246648    0.01   0.31      0.68
89  0.375285920 0.037950228    0.42   0.23      0.35
90  0.268441033 0.142946550    0.06   0.31      0.63
91  0.082307567 0.078524592    0.28   0.36      0.36
92  0.389085573 0.134040755    0.11   0.33      0.56
93  0.275912554 0.060210797    0.37   0.32      0.31
94  0.373535238 0.190339877    0.03   0.41      0.56
95  0.504142514 0.051560440    0.29   0.20      0.51
96  0.149951936 0.087579750    0.28   0.44      0.28
97  0.271377805 0.026080840    0.41   0.25      0.34
98  0.328326782 0.028816909    0.44   0.19      0.37
99  0.454012431 0.118376495    0.07   0.30      0.63
100 0.384517515 0.120303885    0.09   0.28      0.63
