      prob.meio   prob.mito euploid mosaic aneuploid
1   0.290564180 0.035140659    0.34   0.38      0.28
2   0.376015329 0.150128210    0.03   0.29      0.68
3   0.359890238 0.084863294    0.18   0.28      0.54
4   0.454864632 0.032203109    0.29   0.14      0.57
5   0.455954996 0.074292060    0.26   0.29      0.45
6   0.173234864 0.178066705    0.05   0.44      0.51
7   0.322536033 0.037387859    0.37   0.26      0.37
8   0.470957996 0.014201413    0.34   0.07      0.59
9   0.190216476 0.066432094    0.34   0.34      0.32
10  0.133057882 0.009920386    0.70   0.12      0.18
11  0.216272256 0.009595368    0.63   0.13      0.24
12  0.303199532 0.028038261    0.39   0.24      0.37
13  0.237966447 0.033318711    0.42   0.30      0.28
14  0.349589457 0.042187824    0.34   0.21      0.45
15  0.626045859 0.003642255    0.32   0.03      0.65
16  0.234575495 0.003627508    0.67   0.06      0.27
17  0.493291405 0.075148852    0.09   0.23      0.68
18  0.122533939 0.026580395    0.60   0.21      0.19
19  0.091552018 0.143197226    0.15   0.43      0.42
20  0.460580967 0.132015899    0.11   0.27      0.62
21  0.571035641 0.056004714    0.25   0.14      0.61
22  0.283283525 0.138684877    0.11   0.33      0.56
23  0.250339438 0.206227814    0.01   0.33      0.66
24  0.001874544 0.138063879    0.09   0.46      0.45
25  0.330293837 0.106279062    0.12   0.31      0.57
26  0.174676389 0.095898133    0.28   0.37      0.35
27  0.515838007 0.160815343    0.04   0.28      0.68
28  0.356784717 0.173696442    0.04   0.30      0.66
29  0.414206026 0.098939971    0.10   0.31      0.59
30  0.291716661 0.044490109    0.32   0.34      0.34
31  0.294287344 0.038628871    0.46   0.26      0.28
32  0.605642879 0.089038327    0.13   0.24      0.63
33  0.545963086 0.020355618    0.24   0.19      0.57
34  0.227149095 0.207915803    0.02   0.33      0.65
35  0.231802061 0.071840630    0.25   0.39      0.36
36  0.347265484 0.044155563    0.27   0.26      0.47
37  0.245682600 0.005318915    0.76   0.05      0.19
38  0.447503006 0.068735429    0.26   0.24      0.50
39  0.435811914 0.148301678    0.06   0.32      0.62
40  0.420552277 0.090885065    0.20   0.26      0.54
41  0.422771632 0.146521293    0.06   0.32      0.62
42  0.230118140 0.159753471    0.06   0.32      0.62
43  0.444568312 0.029863190    0.39   0.14      0.47
44  0.240419786 0.244963401    0.01   0.34      0.65
45  0.256800630 0.167754370    0.03   0.34      0.63
46  0.462607809 0.014295329    0.45   0.13      0.42
47  0.421959713 0.164906113    0.10   0.23      0.67
48  0.516512913 0.037594447    0.30   0.12      0.58
49  0.566038101 0.061931496    0.24   0.20      0.56
50  0.161103927 0.023007034    0.60   0.19      0.21
51  0.445659959 0.018672352    0.43   0.13      0.44
52  0.143522006 0.066231706    0.44   0.30      0.26
53  0.369609016 0.193152862    0.02   0.32      0.66
54  0.465408553 0.031988164    0.33   0.19      0.48
55  0.061071729 0.098743957    0.21   0.44      0.35
56  0.357314828 0.021120477    0.43   0.21      0.36
57  0.195277686 0.154627609    0.05   0.37      0.58
58  0.503824412 0.133042326    0.05   0.27      0.68
59  0.360288227 0.002679813    0.65   0.02      0.33
60  0.574466216 0.159803505    0.07   0.25      0.68
61  0.504002934 0.091828110    0.11   0.27      0.62
62  0.355808112 0.160499163    0.04   0.29      0.67
63  0.567396232 0.048682111    0.18   0.18      0.64
64  0.473200538 0.003905263    0.53   0.02      0.45
65  0.448248665 0.019935176    0.46   0.13      0.41
66  0.521685730 0.007025195    0.37   0.04      0.59
67  0.628771930 0.016471036    0.34   0.08      0.58
68  0.406122053 0.001797243    0.66   0.01      0.33
69  0.462810873 0.025661876    0.35   0.19      0.46
70  0.294933665 0.001957320    0.71   0.01      0.28
71  0.395182940 0.161891842    0.04   0.31      0.65
72  0.387186512 0.082690406    0.18   0.32      0.50
73  0.169482148 0.008455973    0.69   0.13      0.18
74  0.406822916 0.017328505    0.49   0.12      0.39
75  0.710737002 0.041977842    0.16   0.16      0.68
76  0.239502612 0.121104140    0.13   0.33      0.54
77  0.270634754 0.045366366    0.33   0.28      0.39
78  0.292781613 0.148092644    0.06   0.42      0.52
79  0.341447926 0.034339565    0.37   0.26      0.37
80  0.420616743 0.014654747    0.46   0.09      0.45
81  0.626690140 0.100558950    0.12   0.22      0.66
82  0.184666984 0.131342162    0.08   0.45      0.47
83  0.302199794 0.182861730    0.01   0.36      0.63
84  0.040831287 0.254566134    0.02   0.33      0.65
85  0.215542304 0.214360827    0.03   0.30      0.67
86  0.572582178 0.092844618    0.14   0.22      0.64
87  0.229197378 0.236006941    0.02   0.35      0.63
88  0.240204854 0.015953885    0.61   0.16      0.23
89  0.500431911 0.095806051    0.12   0.25      0.63
90  0.412160259 0.079740104    0.23   0.27      0.50
91  0.382194602 0.044917715    0.26   0.21      0.53
92  0.464158663 0.102694785    0.12   0.28      0.60
93  0.212279494 0.018317512    0.63   0.19      0.18
94  0.351555011 0.001711718    0.60   0.00      0.40
95  0.482556415 0.082201719    0.10   0.37      0.53
96  0.451324377 0.111203166    0.11   0.30      0.59
97  0.347912985 0.204656458    0.01   0.39      0.60
98  0.113218769 0.201245619    0.04   0.33      0.63
99  0.487160965 0.091646833    0.16   0.22      0.62
100 0.265794151 0.156007566    0.05   0.40      0.55
