       prob.meio    prob.mito euploid mosaic aneuploid
1   0.2791385900 0.0883267771    0.22   0.29      0.49
2   0.4588446287 0.1092569467    0.11   0.34      0.55
3   0.3472240833 0.1236155431    0.12   0.40      0.48
4   0.2752184842 0.1286776585    0.17   0.31      0.52
5   0.5553385406 0.0470727808    0.19   0.22      0.59
6   0.2302059559 0.2224241539    0.03   0.36      0.61
7   0.2674655267 0.1947994214    0.04   0.34      0.62
8   0.5511501930 0.1014589202    0.05   0.30      0.65
9   0.0385305253 0.1557781869    0.07   0.49      0.44
10  0.1290532462 0.0630554669    0.38   0.36      0.26
11  0.0002516857 0.1179284744    0.19   0.53      0.28
12  0.3583132944 0.1012425041    0.16   0.29      0.55
13  0.1420002442 0.0795513757    0.30   0.39      0.31
14  0.2060814751 0.1836091944    0.05   0.37      0.58
15  0.5411209455 0.0871345429    0.14   0.26      0.60
16  0.1075103870 0.1782048629    0.07   0.34      0.59
17  0.3435983218 0.1285964295    0.10   0.26      0.64
18  0.1357462618 0.0483379858    0.47   0.30      0.23
19  0.1721405527 0.1493995250    0.07   0.42      0.51
20  0.5142424267 0.0066255564    0.40   0.06      0.54
21  0.2994850888 0.1199956869    0.15   0.39      0.46
22  0.0789720519 0.0846185412    0.21   0.49      0.30
23  0.2177291403 0.1217391402    0.12   0.46      0.42
24  0.4361139575 0.0267162879    0.36   0.10      0.54
25  0.0162441104 0.0780405884    0.29   0.45      0.26
26  0.6343443526 0.0279247831    0.24   0.14      0.62
27  0.1875873159 0.1929425006    0.07   0.40      0.53
28  0.1679754225 0.0425252335    0.51   0.29      0.20
29  0.3521403091 0.0209258681    0.49   0.15      0.36
30  0.0352024511 0.1972679726    0.04   0.52      0.44
31  0.4696597049 0.0794758082    0.14   0.25      0.61
32  0.5875438417 0.1346386184    0.09   0.25      0.66
33  0.4909425615 0.0995832894    0.18   0.29      0.53
34  0.3781927684 0.0343248073    0.37   0.24      0.39
35  0.3699517509 0.0273662356    0.47   0.17      0.36
36  0.0943545357 0.0698011820    0.20   0.45      0.35
37  0.2151646786 0.0574379363    0.33   0.37      0.30
38  0.4876964001 0.0535318393    0.16   0.23      0.61
39  0.0145501043 0.1898102080    0.05   0.48      0.47
40  0.4621160135 0.1044342932    0.06   0.31      0.63
41  0.0079865206 0.0820479414    0.28   0.51      0.21
42  0.2123461694 0.0397195509    0.41   0.37      0.22
43  0.4004451600 0.0860675285    0.14   0.39      0.47
44  0.1871733335 0.2393003947    0.00   0.35      0.65
45  0.0724238029 0.1326772557    0.13   0.49      0.38
46  0.4828024874 0.0721729468    0.11   0.24      0.65
47  0.1289608309 0.1719685472    0.04   0.33      0.63
48  0.1497387877 0.0510060261    0.36   0.38      0.26
49  0.0073404610 0.2337801598    0.02   0.37      0.61
50  0.5031716565 0.0155030447    0.36   0.09      0.55
51  0.5046594811 0.0086112658    0.41   0.09      0.50
52  0.3200069207 0.1669805979    0.04   0.32      0.64
53  0.1779940047 0.0686003249    0.28   0.41      0.31
54  0.1762368011 0.0257050490    0.59   0.17      0.24
55  0.0455393768 0.0834147271    0.28   0.45      0.27
56  0.5256927910 0.1082767465    0.11   0.27      0.62
57  0.3078220261 0.1411026809    0.06   0.45      0.49
58  0.2237999446 0.0685949086    0.33   0.37      0.30
59  0.1858691615 0.0215441906    0.47   0.25      0.28
60  0.6891144535 0.0030547457    0.31   0.03      0.66
61  0.1894195848 0.0911683717    0.18   0.44      0.38
62  0.0125624677 0.1660298291    0.04   0.46      0.50
63  0.1915675218 0.0913997293    0.24   0.48      0.28
64  0.4317158135 0.0364535681    0.28   0.28      0.44
65  0.5331814319 0.0880345074    0.15   0.22      0.63
66  0.0914914277 0.0472510520    0.44   0.36      0.20
67  0.4182874113 0.1140606233    0.10   0.31      0.59
68  0.4498812901 0.0389489909    0.39   0.14      0.47
69  0.2982943326 0.0025530651    0.67   0.02      0.31
70  0.0106107083 0.1673999385    0.07   0.46      0.47
71  0.3880359267 0.0995740858    0.12   0.30      0.58
72  0.3143397768 0.0325914766    0.44   0.22      0.34
73  0.1921552562 0.0689044807    0.25   0.40      0.35
74  0.0413014563 0.1665655700    0.07   0.45      0.48
75  0.2309671817 0.0840691815    0.16   0.37      0.47
76  0.3943049945 0.0314858414    0.37   0.21      0.42
77  0.5703507955 0.1208073818    0.10   0.27      0.63
78  0.3627720592 0.1826580015    0.02   0.34      0.64
79  0.5167188509 0.1430054943    0.04   0.34      0.62
80  0.2037628661 0.1174245994    0.11   0.49      0.40
81  0.4757752407 0.0025802720    0.40   0.04      0.56
82  0.4134348580 0.1646034825    0.05   0.37      0.58
83  0.4535462221 0.0417487700    0.30   0.23      0.47
84  0.4339017181 0.1163552343    0.15   0.28      0.57
85  0.3341263742 0.1158280873    0.18   0.34      0.48
86  0.1046455437 0.1205122264    0.17   0.45      0.38
87  0.1944773083 0.1764910379    0.04   0.39      0.57
88  0.4480805644 0.1353520032    0.09   0.31      0.60
89  0.3296956506 0.0062944284    0.61   0.09      0.30
90  0.0446640020 0.1040307141    0.19   0.55      0.26
91  0.6484365498 0.0670748334    0.13   0.23      0.64
92  0.5553539156 0.0004756027    0.43   0.00      0.57
93  0.0815567530 0.2036125592    0.01   0.44      0.55
94  0.6704469693 0.0064902417    0.33   0.04      0.63
95  0.6872075601 0.0231499139    0.26   0.09      0.65
96  0.2576070344 0.0068817183    0.63   0.13      0.24
97  0.1086172983 0.1651272897    0.09   0.44      0.47
98  0.3217359439 0.0679384442    0.25   0.32      0.43
99  0.6550101645 0.0316288804    0.33   0.06      0.61
100 0.0490898602 0.1546417270    0.04   0.50      0.46
