     prob.meio   prob.mito euploid mosaic aneuploid
1   0.47738189 0.088690859    0.14   0.30      0.56
2   0.44551637 0.113535926    0.12   0.28      0.60
3   0.20490075 0.016303172    0.53   0.17      0.30
4   0.31750666 0.170880243    0.05   0.34      0.61
5   0.28746122 0.016320992    0.54   0.18      0.28
6   0.48270927 0.067974998    0.18   0.28      0.54
7   0.03974349 0.214891535    0.03   0.41      0.56
8   0.34177338 0.127837897    0.07   0.36      0.57
9   0.24240464 0.027357347    0.51   0.27      0.22
10  0.40629374 0.051277504    0.30   0.29      0.41
11  0.37226985 0.078798302    0.21   0.31      0.48
12  0.23247442 0.109017116    0.17   0.41      0.42
13  0.17502500 0.084414924    0.28   0.42      0.30
14  0.22503566 0.076603488    0.21   0.41      0.38
15  0.37186475 0.025919047    0.45   0.15      0.40
16  0.31155228 0.013279366    0.57   0.11      0.32
17  0.20133105 0.094029055    0.18   0.38      0.44
18  0.48231178 0.101172217    0.13   0.22      0.65
19  0.40716366 0.029712519    0.43   0.21      0.36
20  0.34676802 0.025443576    0.46   0.18      0.36
21  0.41439545 0.148470563    0.06   0.33      0.61
22  0.41959326 0.106198794    0.14   0.27      0.59
23  0.59353937 0.019295176    0.36   0.09      0.55
24  0.64866819 0.092078559    0.09   0.22      0.69
25  0.59687973 0.023892318    0.28   0.18      0.54
26  0.24485049 0.152625464    0.05   0.44      0.51
27  0.62910340 0.004142344    0.35   0.02      0.63
28  0.39096014 0.071392757    0.20   0.30      0.50
29  0.53888969 0.093607561    0.13   0.20      0.67
30  0.58659078 0.030420227    0.27   0.10      0.63
31  0.57775870 0.036280431    0.28   0.11      0.61
32  0.38576501 0.075973762    0.24   0.28      0.48
33  0.32630469 0.016792831    0.54   0.13      0.33
34  0.24099570 0.097886303    0.16   0.34      0.50
35  0.25431124 0.032088772    0.47   0.20      0.33
36  0.24126565 0.132431237    0.09   0.40      0.51
37  0.62240291 0.040106538    0.20   0.13      0.67
38  0.46149119 0.007073379    0.48   0.04      0.48
39  0.23131507 0.189126221    0.03   0.35      0.62
40  0.13812121 0.126473668    0.14   0.45      0.41
41  0.02916301 0.166623747    0.07   0.38      0.55
42  0.18439926 0.180521776    0.04   0.34      0.62
43  0.13055741 0.090813417    0.26   0.41      0.33
44  0.21993193 0.010481942    0.69   0.10      0.21
45  0.31583708 0.121174387    0.14   0.37      0.49
46  0.04142747 0.168296831    0.05   0.43      0.52
47  0.13885282 0.188324037    0.03   0.38      0.59
48  0.09175198 0.132915735    0.10   0.44      0.46
49  0.32026161 0.056870635    0.29   0.41      0.30
50  0.52200603 0.042352219    0.28   0.18      0.54
51  0.52863270 0.036865152    0.30   0.20      0.50
52  0.47177632 0.154912641    0.04   0.29      0.67
53  0.25082115 0.035244822    0.44   0.25      0.31
54  0.30412539 0.031968041    0.42   0.19      0.39
55  0.56299175 0.094222908    0.15   0.21      0.64
56  0.19134505 0.166438195    0.05   0.42      0.53
57  0.50482900 0.058052063    0.19   0.18      0.63
58  0.17713127 0.121682512    0.16   0.44      0.40
59  0.31180374 0.007992932    0.66   0.09      0.25
60  0.53540924 0.021697533    0.35   0.15      0.50
61  0.22940583 0.182125186    0.04   0.38      0.58
62  0.30903862 0.002617315    0.66   0.02      0.32
63  0.22142278 0.096865890    0.23   0.40      0.37
64  0.19713353 0.069328600    0.33   0.39      0.28
65  0.27918611 0.142598900    0.08   0.42      0.50
66  0.50171280 0.084974742    0.15   0.28      0.57
67  0.49069263 0.088821768    0.17   0.29      0.54
68  0.46976370 0.077721154    0.20   0.24      0.56
69  0.58650708 0.024149333    0.34   0.14      0.52
70  0.38414282 0.163813287    0.06   0.36      0.58
71  0.27368818 0.024439174    0.53   0.15      0.32
72  0.33425923 0.045959402    0.39   0.31      0.30
73  0.58339047 0.059575189    0.17   0.19      0.64
74  0.24033541 0.165849966    0.06   0.36      0.58
75  0.26011029 0.040127253    0.35   0.31      0.34
76  0.06405153 0.152284905    0.07   0.40      0.53
77  0.24542336 0.074246677    0.21   0.44      0.35
78  0.13624769 0.194624494    0.02   0.39      0.59
79  0.10183010 0.113322618    0.15   0.44      0.41
80  0.12853570 0.031193413    0.55   0.23      0.22
81  0.27577123 0.116436817    0.09   0.40      0.51
82  0.15936826 0.200702395    0.01   0.38      0.61
83  0.32138581 0.136531525    0.06   0.29      0.65
84  0.65705607 0.029247920    0.23   0.12      0.65
85  0.26961018 0.094222379    0.18   0.32      0.50
86  0.20724087 0.078581200    0.17   0.43      0.40
87  0.10686622 0.098641689    0.24   0.43      0.33
88  0.45107808 0.081926313    0.14   0.31      0.55
89  0.19120687 0.148182855    0.09   0.44      0.47
90  0.01918556 0.280178885    0.02   0.36      0.62
91  0.59997537 0.028222375    0.24   0.11      0.65
92  0.55530312 0.134047493    0.06   0.31      0.63
93  0.55096636 0.041875790    0.21   0.16      0.63
94  0.75000823 0.053946236    0.19   0.13      0.68
95  0.60655721 0.072191347    0.11   0.26      0.63
96  0.14904972 0.148550270    0.07   0.34      0.59
97  0.51863930 0.059419925    0.17   0.22      0.61
98  0.27281235 0.143721465    0.08   0.41      0.51
99  0.59647756 0.043881195    0.22   0.14      0.64
100 0.38574266 0.018551498    0.42   0.14      0.44
