      prob.meio    prob.mito euploid mosaic aneuploid
1   0.347704854 6.204006e-02    0.29   0.24      0.47
2   0.674952875 4.569395e-05    0.38   0.00      0.62
3   0.694616359 9.399542e-02    0.13   0.24      0.63
4   0.463529756 5.391172e-02    0.16   0.20      0.64
5   0.417297955 3.591972e-02    0.37   0.16      0.47
6   0.337666458 3.305086e-02    0.36   0.18      0.46
7   0.062771197 7.377953e-02    0.30   0.48      0.22
8   0.198400113 1.175657e-01    0.09   0.41      0.50
9   0.449560621 6.859149e-02    0.21   0.29      0.50
10  0.067819945 1.124446e-01    0.14   0.43      0.43
11  0.700501152 6.485706e-02    0.14   0.11      0.75
12  0.171953853 1.054088e-01    0.17   0.44      0.39
13  0.533576577 6.620322e-02    0.10   0.20      0.70
14  0.291085134 1.113079e-01    0.12   0.42      0.46
15  0.321811685 1.488420e-01    0.06   0.42      0.52
16  0.173619614 1.372301e-01    0.10   0.49      0.41
17  0.596910635 5.531753e-02    0.18   0.17      0.65
18  0.485779598 6.190267e-02    0.24   0.20      0.56
19  0.540514751 8.316590e-02    0.16   0.20      0.64
20  0.450499903 2.160413e-02    0.46   0.05      0.49
21  0.172376016 1.127766e-01    0.14   0.45      0.41
22  0.599749813 5.073381e-02    0.21   0.15      0.64
23  0.011194862 9.815935e-02    0.31   0.46      0.23
24  0.795801104 2.360427e-02    0.20   0.03      0.77
25  0.285876773 4.422418e-02    0.40   0.22      0.38
26  0.290726553 4.592701e-02    0.33   0.24      0.43
27  0.687134878 3.933468e-02    0.21   0.07      0.72
28  0.177865454 1.125675e-01    0.09   0.42      0.49
29  0.125517586 4.882901e-02    0.45   0.34      0.21
30  0.700596140 2.878886e-02    0.19   0.08      0.73
31  0.102586255 9.689713e-02    0.13   0.51      0.36
32  0.609322523 3.644643e-02    0.20   0.11      0.69
33  0.167059896 3.168001e-02    0.58   0.21      0.21
34  0.356930776 1.510331e-02    0.38   0.13      0.49
35  0.675588007 3.589494e-02    0.22   0.12      0.66
36  0.737605192 7.698628e-03    0.27   0.04      0.69
37  0.171448542 6.850205e-02    0.28   0.40      0.32
38  0.656440556 4.106379e-02    0.22   0.10      0.68
39  0.710855395 7.063445e-02    0.13   0.13      0.74
40  0.250713582 3.401393e-02    0.46   0.22      0.32
41  0.025146585 8.713749e-02    0.32   0.48      0.20
42  0.428941192 6.917333e-04    0.49   0.01      0.50
43  0.110380190 8.320828e-02    0.24   0.45      0.31
44  0.570451355 7.633200e-02    0.08   0.26      0.66
45  0.197542911 1.343206e-01    0.17   0.38      0.45
46  0.650026978 3.173306e-02    0.20   0.08      0.72
47  0.113932620 3.549756e-02    0.50   0.24      0.26
48  0.323072562 5.978610e-02    0.22   0.28      0.50
49  0.173457053 9.494210e-02    0.22   0.38      0.40
50  0.759849849 1.616915e-02    0.20   0.04      0.76
51  0.133318512 1.462099e-01    0.08   0.39      0.53
52  0.068245695 2.663369e-02    0.64   0.24      0.12
53  0.229024399 9.980476e-02    0.19   0.38      0.43
54  0.242426482 1.566670e-02    0.61   0.12      0.27
55  0.156143178 1.045008e-01    0.24   0.39      0.37
56  0.340900447 1.057719e-01    0.17   0.34      0.49
57  0.235048603 1.561957e-01    0.05   0.35      0.60
58  0.026087346 7.198675e-02    0.31   0.50      0.19
59  0.546179459 8.832138e-02    0.12   0.16      0.72
60  0.167912946 1.491512e-01    0.06   0.40      0.54
61  0.403179780 8.533337e-02    0.17   0.38      0.45
62  0.302532716 1.479361e-01    0.06   0.36      0.58
63  0.449239718 1.664512e-01    0.05   0.31      0.64
64  0.117342030 1.054789e-01    0.16   0.48      0.36
65  0.251230121 1.619373e-01    0.08   0.36      0.56
66  0.395736089 4.007541e-02    0.30   0.21      0.49
67  0.446288781 9.076041e-02    0.23   0.25      0.52
68  0.139208431 3.002489e-02    0.50   0.26      0.24
69  0.116395426 6.064229e-02    0.33   0.43      0.24
70  0.305745706 1.186627e-01    0.11   0.41      0.48
71  0.429581278 5.559821e-02    0.33   0.20      0.47
72  0.707778797 7.941867e-02    0.11   0.15      0.74
73  0.189977290 4.868696e-02    0.42   0.34      0.24
74  0.289605004 1.531961e-01    0.09   0.40      0.51
75  0.022451312 1.223613e-01    0.15   0.47      0.38
76  0.183089807 4.584855e-02    0.41   0.35      0.24
77  0.341313133 1.084531e-01    0.10   0.32      0.58
78  0.269670010 5.212622e-02    0.29   0.41      0.30
79  0.220087313 1.608967e-02    0.65   0.14      0.21
80  0.081088753 1.105575e-01    0.15   0.47      0.38
81  0.414130111 8.782925e-02    0.13   0.27      0.60
82  0.563613857 2.202503e-02    0.25   0.15      0.60
83  0.715916608 5.904315e-02    0.15   0.09      0.76
84  0.366004099 1.293193e-01    0.07   0.27      0.66
85  0.325562073 4.400499e-02    0.38   0.34      0.28
86  0.585492460 1.666429e-02    0.37   0.12      0.51
87  0.095596767 5.811014e-02    0.37   0.43      0.20
88  0.617272305 5.969951e-02    0.20   0.21      0.59
89  0.276706928 1.576140e-01    0.07   0.36      0.57
90  0.455481978 4.374271e-03    0.45   0.00      0.55
91  0.009389869 1.024742e-01    0.19   0.44      0.37
92  0.562889787 1.056310e-02    0.43   0.10      0.47
93  0.667911812 4.441560e-02    0.22   0.13      0.65
94  0.484624686 4.843874e-02    0.28   0.27      0.45
95  0.411674785 7.821475e-03    0.52   0.04      0.44
96  0.453478257 1.040127e-01    0.14   0.16      0.70
97  0.397690027 2.392007e-03    0.59   0.02      0.39
98  0.376829172 9.970246e-02    0.18   0.28      0.54
99  0.095631303 1.368736e-01    0.14   0.45      0.41
100 0.325548933 1.277375e-01    0.10   0.37      0.53
