     prob.meio   prob.mito euploid mosaic aneuploid
1   0.40601634 0.001525294    0.58   0.07      0.35
2   0.22821937 0.129331696    0.14   0.39      0.47
3   0.31800344 0.030585558    0.50   0.18      0.32
4   0.50167092 0.083361508    0.13   0.26      0.61
5   0.54710098 0.071562134    0.16   0.25      0.59
6   0.19625308 0.028542334    0.48   0.25      0.27
7   0.53437561 0.046256194    0.21   0.15      0.64
8   0.03767618 0.152664788    0.12   0.45      0.43
9   0.24604713 0.092287614    0.18   0.42      0.40
10  0.76950367 0.057452113    0.14   0.12      0.74
11  0.32212929 0.119567579    0.07   0.41      0.52
12  0.56855098 0.050997478    0.24   0.21      0.55
13  0.39046164 0.148966478    0.06   0.32      0.62
14  0.68201251 0.012705415    0.25   0.05      0.70
15  0.13657474 0.038387364    0.56   0.24      0.20
16  0.39990186 0.179764856    0.06   0.31      0.63
17  0.67886428 0.032808973    0.14   0.14      0.72
18  0.08412873 0.188578122    0.08   0.37      0.55
19  0.23907454 0.156639091    0.07   0.41      0.52
20  0.43119643 0.044084181    0.41   0.15      0.44
21  0.01385961 0.057069642    0.42   0.40      0.18
22  0.40863826 0.092027396    0.19   0.25      0.56
23  0.44382252 0.141351570    0.05   0.31      0.64
24  0.38451118 0.073714374    0.20   0.25      0.55
25  0.18719971 0.130426813    0.16   0.40      0.44
26  0.33087304 0.079884117    0.21   0.31      0.48
27  0.19515064 0.087622752    0.28   0.41      0.31
28  0.53625681 0.026995160    0.37   0.07      0.56
29  0.23718028 0.026977298    0.58   0.16      0.26
30  0.55356894 0.127013524    0.07   0.25      0.68
31  0.76600279 0.009273769    0.20   0.04      0.76
32  0.30059431 0.088631777    0.20   0.31      0.49
33  0.42819044 0.075694605    0.19   0.30      0.51
34  0.44298400 0.083975086    0.16   0.27      0.57
35  0.70269120 0.001253446    0.27   0.01      0.72
36  0.45546506 0.043936021    0.19   0.30      0.51
37  0.50980666 0.096643078    0.12   0.25      0.63
38  0.14380648 0.068731270    0.31   0.39      0.30
39  0.44793744 0.113765690    0.17   0.26      0.57
40  0.20443196 0.014424224    0.67   0.16      0.17
41  0.05270763 0.086060442    0.33   0.46      0.21
42  0.41266225 0.035829196    0.22   0.25      0.53
43  0.11195904 0.051031831    0.39   0.38      0.23
44  0.50063762 0.036606657    0.36   0.17      0.47
45  0.47183400 0.127742240    0.09   0.27      0.64
46  0.52249297 0.002338670    0.42   0.01      0.57
47  0.18805456 0.037776164    0.42   0.38      0.20
48  0.29980515 0.115819110    0.11   0.40      0.49
49  0.16648756 0.062239286    0.36   0.39      0.25
50  0.25008658 0.045402260    0.41   0.27      0.32
51  0.35583101 0.086140597    0.16   0.34      0.50
52  0.55687461 0.045605784    0.19   0.14      0.67
53  0.12193485 0.111562382    0.15   0.45      0.40
54  0.08376811 0.043684471    0.56   0.28      0.16
55  0.27023026 0.085086988    0.23   0.43      0.34
56  0.23284490 0.050076575    0.37   0.38      0.25
57  0.14189173 0.037574526    0.56   0.23      0.21
58  0.41381632 0.149636987    0.07   0.27      0.66
59  0.23191728 0.139621115    0.08   0.42      0.50
60  0.43916691 0.103158970    0.10   0.28      0.62
61  0.73804283 0.017180436    0.16   0.10      0.74
62  0.48760886 0.027811375    0.33   0.19      0.48
63  0.04154018 0.088183275    0.27   0.51      0.22
64  0.16681876 0.104366950    0.19   0.35      0.46
65  0.52255892 0.030947220    0.27   0.19      0.54
66  0.66915710 0.029758367    0.21   0.14      0.65
67  0.37919673 0.063981186    0.18   0.28      0.54
68  0.14922282 0.086687022    0.21   0.41      0.38
69  0.53152020 0.057956727    0.22   0.19      0.59
70  0.34885159 0.005138364    0.53   0.05      0.42
71  0.16034834 0.069950191    0.27   0.39      0.34
72  0.63949043 0.015083854    0.26   0.02      0.72
73  0.54031936 0.008645477    0.45   0.05      0.50
74  0.57335316 0.098934970    0.15   0.24      0.61
75  0.35170571 0.045811980    0.29   0.27      0.44
76  0.01779630 0.046336700    0.54   0.37      0.09
77  0.61200554 0.073959467    0.13   0.23      0.64
78  0.28332003 0.044338875    0.37   0.28      0.35
79  0.31704703 0.072187604    0.23   0.37      0.40
80  0.25188952 0.059228542    0.32   0.32      0.36
81  0.36244489 0.076280829    0.24   0.31      0.45
82  0.09595806 0.100767031    0.16   0.41      0.43
83  0.49130177 0.018774391    0.38   0.17      0.45
84  0.71890198 0.033094237    0.18   0.14      0.68
85  0.08618917 0.195155954    0.06   0.40      0.54
86  0.71035771 0.055204153    0.17   0.09      0.74
87  0.27867066 0.060647230    0.27   0.30      0.43
88  0.57195787 0.030660316    0.22   0.14      0.64
89  0.19866209 0.058541531    0.30   0.37      0.33
90  0.55087521 0.126043164    0.07   0.25      0.68
91  0.30052636 0.101092291    0.15   0.42      0.43
92  0.11968441 0.173141525    0.07   0.41      0.52
93  0.71533579 0.049263157    0.14   0.12      0.74
94  0.64573940 0.047781053    0.16   0.15      0.69
95  0.29542438 0.035918103    0.52   0.18      0.30
96  0.08932499 0.108448334    0.21   0.51      0.28
97  0.34682328 0.022105068    0.47   0.17      0.36
98  0.34330165 0.162830517    0.05   0.38      0.57
99  0.51792434 0.043616434    0.25   0.21      0.54
100 0.41722584 0.071036925    0.22   0.32      0.46
