      prob.meio   prob.mito euploid mosaic aneuploid
1   0.371968552 0.101982816    0.16   0.37      0.47
2   0.035361645 0.242316142    0.00   0.39      0.61
3   0.139911058 0.186909082    0.05   0.41      0.54
4   0.358660620 0.167684753    0.04   0.41      0.55
5   0.085583359 0.095169182    0.29   0.39      0.32
6   0.574029160 0.091835382    0.08   0.21      0.71
7   0.092710498 0.236167329    0.00   0.35      0.65
8   0.683748031 0.075932537    0.19   0.13      0.68
9   0.589173508 0.013214125    0.36   0.09      0.55
10  0.352021084 0.025283709    0.50   0.12      0.38
11  0.106734103 0.214424887    0.01   0.40      0.59
12  0.210192469 0.051355529    0.31   0.35      0.34
13  0.189473127 0.013737133    0.65   0.14      0.21
14  0.058815437 0.118127538    0.20   0.37      0.43
15  0.459932490 0.031434861    0.39   0.17      0.44
16  0.419333601 0.058334919    0.26   0.24      0.50
17  0.617538048 0.126231065    0.05   0.25      0.70
18  0.269521555 0.194578391    0.00   0.36      0.64
19  0.421751085 0.021718278    0.42   0.17      0.41
20  0.075755859 0.044937908    0.49   0.33      0.18
21  0.422870291 0.025638231    0.38   0.16      0.46
22  0.523682709 0.030954747    0.23   0.14      0.63
23  0.401994484 0.024614341    0.43   0.19      0.38
24  0.214158763 0.154709933    0.06   0.46      0.48
25  0.296656709 0.043418969    0.37   0.26      0.37
26  0.545762384 0.063788557    0.22   0.19      0.59
27  0.058406278 0.137843856    0.11   0.44      0.45
28  0.539700612 0.159823176    0.02   0.30      0.68
29  0.223301086 0.074200793    0.27   0.34      0.39
30  0.228619139 0.056073436    0.39   0.34      0.27
31  0.295600873 0.144887350    0.07   0.37      0.56
32  0.628068288 0.108289461    0.07   0.23      0.70
33  0.042499393 0.189636955    0.05   0.42      0.53
34  0.090788372 0.083823849    0.30   0.42      0.28
35  0.436860864 0.119770770    0.11   0.40      0.49
36  0.021599009 0.231290925    0.01   0.40      0.59
37  0.039395581 0.218553314    0.02   0.37      0.61
38  0.549257192 0.012218700    0.34   0.11      0.55
39  0.285447508 0.055766119    0.21   0.31      0.48
40  0.193889636 0.095037773    0.15   0.42      0.43
41  0.535342529 0.033439567    0.31   0.23      0.46
42  0.684503894 0.072957974    0.15   0.17      0.68
43  0.308309704 0.089178464    0.22   0.36      0.42
44  0.282511460 0.180180428    0.04   0.39      0.57
45  0.653814642 0.067542049    0.10   0.22      0.68
46  0.315571815 0.110750927    0.18   0.35      0.47
47  0.187145210 0.082255756    0.23   0.39      0.38
48  0.104371567 0.031443040    0.54   0.27      0.19
49  0.288367820 0.057446878    0.30   0.32      0.38
50  0.478344770 0.060099095    0.26   0.20      0.54
51  0.088940676 0.188884537    0.01   0.43      0.56
52  0.222899304 0.034084392    0.44   0.28      0.28
53  0.393880386 0.126544784    0.11   0.26      0.63
54  0.421234854 0.077679753    0.11   0.26      0.63
55  0.142698069 0.018871457    0.70   0.14      0.16
56  0.078969692 0.232254029    0.00   0.36      0.64
57  0.234236476 0.108009902    0.23   0.42      0.35
58  0.492400825 0.117605924    0.06   0.28      0.66
59  0.556137507 0.146633581    0.11   0.26      0.63
60  0.280732605 0.156045834    0.05   0.39      0.56
61  0.138581203 0.102032753    0.14   0.41      0.45
62  0.210590967 0.215969196    0.00   0.38      0.62
63  0.262329413 0.119694867    0.18   0.38      0.44
64  0.001349989 0.192953852    0.06   0.45      0.49
65  0.345347003 0.185561515    0.02   0.32      0.66
66  0.456635720 0.066186506    0.22   0.24      0.54
67  0.122815816 0.212267068    0.00   0.42      0.58
68  0.559736533 0.048129576    0.20   0.18      0.62
69  0.351971039 0.088598768    0.13   0.34      0.53
70  0.669879719 0.027449682    0.31   0.09      0.60
71  0.561636673 0.138413661    0.04   0.30      0.66
72  0.406351643 0.158046685    0.04   0.27      0.69
73  0.095609870 0.188836382    0.01   0.44      0.55
74  0.325548212 0.122416921    0.09   0.47      0.44
75  0.498879951 0.015741525    0.44   0.12      0.44
76  0.303813417 0.168471368    0.04   0.39      0.57
77  0.166938415 0.206666743    0.01   0.32      0.67
78  0.250920495 0.167556241    0.04   0.37      0.59
79  0.333347261 0.090582907    0.14   0.39      0.47
80  0.074439667 0.197900563    0.07   0.31      0.62
81  0.437345782 0.033212362    0.31   0.21      0.48
82  0.373605612 0.007277732    0.51   0.06      0.43
83  0.478029223 0.175826485    0.04   0.27      0.69
84  0.625113586 0.005073674    0.34   0.01      0.65
85  0.367244921 0.183746874    0.01   0.34      0.65
86  0.182169674 0.128081711    0.14   0.46      0.40
87  0.249415428 0.168222718    0.06   0.26      0.68
88  0.183467383 0.179401830    0.05   0.41      0.54
89  0.082818397 0.036692896    0.46   0.33      0.21
90  0.684403611 0.004275294    0.33   0.02      0.65
91  0.348583988 0.102342932    0.18   0.33      0.49
92  0.361667599 0.059133566    0.25   0.28      0.47
93  0.411449814 0.083774340    0.15   0.25      0.60
94  0.046248858 0.106666572    0.23   0.45      0.32
95  0.003415385 0.177089385    0.07   0.42      0.51
96  0.324031438 0.098203231    0.15   0.35      0.50
97  0.185474649 0.006086067    0.73   0.08      0.19
98  0.335596193 0.052791942    0.25   0.30      0.45
99  0.643829646 0.066653099    0.19   0.21      0.60
100 0.085241783 0.243270283    0.01   0.41      0.58
