      prob.meio   prob.mito euploid mosaic aneuploid
1   0.372744599 0.084438474    0.16   0.29      0.55
2   0.044446394 0.213744325    0.00   0.38      0.62
3   0.516833025 0.006707304    0.41   0.03      0.56
4   0.061662211 0.146981931    0.10   0.43      0.47
5   0.258339951 0.033281425    0.39   0.25      0.36
6   0.200527776 0.027301854    0.54   0.20      0.26
7   0.484809949 0.016823739    0.29   0.13      0.58
8   0.264822929 0.101097987    0.12   0.40      0.48
9   0.261890407 0.195810925    0.02   0.36      0.62
10  0.188218915 0.099872123    0.16   0.45      0.39
11  0.547584340 0.044697322    0.27   0.17      0.56
12  0.503140813 0.055517353    0.25   0.16      0.59
13  0.359283912 0.070144370    0.17   0.27      0.56
14  0.017284598 0.250968982    0.00   0.34      0.66
15  0.613984027 0.057600492    0.24   0.10      0.66
16  0.561212383 0.105053251    0.07   0.25      0.68
17  0.373093113 0.138435946    0.07   0.35      0.58
18  0.481106097 0.069141527    0.14   0.26      0.60
19  0.489733622 0.049451028    0.29   0.26      0.45
20  0.477416418 0.150230236    0.03   0.39      0.58
21  0.382468670 0.101851249    0.09   0.36      0.55
22  0.388802838 0.083943740    0.25   0.20      0.55
23  0.677946431 0.036020871    0.19   0.17      0.64
24  0.067988364 0.085633593    0.32   0.40      0.28
25  0.584640275 0.197539416    0.03   0.29      0.68
26  0.466837004 0.001724449    0.55   0.02      0.43
27  0.461799330 0.054106907    0.34   0.22      0.44
28  0.680976321 0.144079957    0.08   0.25      0.67
29  0.052094874 0.198243758    0.00   0.41      0.59
30  0.410931432 0.074299017    0.20   0.21      0.59
31  0.216541948 0.040445730    0.53   0.23      0.24
32  0.378454395 0.151633127    0.03   0.36      0.61
33  0.707074218 0.073472196    0.17   0.14      0.69
34  0.226270559 0.068827401    0.25   0.36      0.39
35  0.120019734 0.198732739    0.03   0.36      0.61
36  0.143845794 0.078031360    0.28   0.40      0.32
37  0.462937228 0.127315765    0.06   0.26      0.68
38  0.336374440 0.089373733    0.13   0.40      0.47
39  0.015327412 0.225476424    0.00   0.41      0.59
40  0.453813736 0.147168486    0.05   0.32      0.63
41  0.420490505 0.071379206    0.21   0.21      0.58
42  0.238355591 0.091565381    0.15   0.42      0.43
43  0.237128647 0.065445347    0.33   0.34      0.33
44  0.074894286 0.208440791    0.03   0.39      0.58
45  0.133609664 0.203326831    0.02   0.32      0.66
46  0.416270497 0.118762399    0.11   0.33      0.56
47  0.276877699 0.165944303    0.05   0.36      0.59
48  0.519211542 0.002356224    0.44   0.02      0.54
49  0.594214673 0.070199572    0.12   0.18      0.70
50  0.282775158 0.110033577    0.16   0.28      0.56
51  0.569655775 0.087184263    0.10   0.23      0.67
52  0.157682421 0.009880507    0.72   0.12      0.16
53  0.146372773 0.222961383    0.00   0.35      0.65
54  0.484157984 0.063129623    0.23   0.16      0.61
55  0.212030241 0.144424089    0.06   0.46      0.48
56  0.390583993 0.180226072    0.02   0.34      0.64
57  0.613970263 0.070107367    0.18   0.20      0.62
58  0.063719558 0.104248091    0.20   0.42      0.38
59  0.240963959 0.035524505    0.42   0.25      0.33
60  0.619039041 0.018592740    0.33   0.06      0.61
61  0.186727284 0.014680394    0.61   0.17      0.22
62  0.551378261 0.103724647    0.07   0.29      0.64
63  0.084302442 0.167257935    0.08   0.41      0.51
64  0.227446351 0.117572351    0.12   0.44      0.44
65  0.141093679 0.101765465    0.14   0.46      0.40
66  0.319434337 0.152211594    0.08   0.36      0.56
67  0.244586823 0.033863618    0.35   0.36      0.29
68  0.206959373 0.025478140    0.49   0.29      0.22
69  0.425734246 0.011178603    0.38   0.07      0.55
70  0.394861912 0.020691201    0.47   0.10      0.43
71  0.490542626 0.142844653    0.05   0.26      0.69
72  0.079773479 0.100844876    0.19   0.41      0.40
73  0.386003870 0.045211911    0.24   0.32      0.44
74  0.332520580 0.178345149    0.05   0.38      0.57
75  0.099190170 0.040028896    0.44   0.34      0.22
76  0.428766757 0.035542625    0.39   0.18      0.43
77  0.715043141 0.058620422    0.16   0.14      0.70
78  0.142703498 0.145866885    0.08   0.42      0.50
79  0.288522018 0.070191931    0.23   0.30      0.47
80  0.096273531 0.123605048    0.18   0.41      0.41
81  0.147114517 0.013178908    0.67   0.15      0.18
82  0.391583761 0.021475752    0.47   0.13      0.40
83  0.372982829 0.123451810    0.12   0.36      0.52
84  0.605016632 0.049511330    0.20   0.14      0.66
85  0.186274550 0.137511172    0.08   0.44      0.48
86  0.207952191 0.088520325    0.20   0.33      0.47
87  0.107791658 0.214218806    0.04   0.27      0.69
88  0.058235456 0.205708350    0.04   0.41      0.55
89  0.362574998 0.122199643    0.10   0.35      0.55
90  0.178069125 0.221197993    0.00   0.34      0.66
91  0.638883955 0.069738217    0.21   0.13      0.66
92  0.277359735 0.088512823    0.11   0.41      0.48
93  0.514838727 0.015568359    0.42   0.10      0.48
94  0.008238365 0.115664750    0.19   0.44      0.37
95  0.374148865 0.098541898    0.15   0.30      0.55
96  0.273611778 0.001013994    0.71   0.04      0.25
97  0.216974884 0.040265657    0.44   0.28      0.28
98  0.142778772 0.251402575    0.00   0.35      0.65
99  0.608887025 0.105175607    0.07   0.28      0.65
100 0.415483053 0.118202014    0.06   0.35      0.59
