     prob.meio    prob.mito euploid mosaic aneuploid
1   0.59973202 5.016782e-02    0.25   0.16      0.59
2   0.12917994 8.213941e-02    0.33   0.38      0.29
3   0.08952391 1.581465e-01    0.07   0.35      0.58
4   0.60113683 6.512423e-03    0.37   0.06      0.57
5   0.25171017 8.760268e-02    0.20   0.38      0.42
6   0.49548856 5.680486e-02    0.23   0.18      0.59
7   0.41377799 1.869798e-02    0.37   0.19      0.44
8   0.48272995 4.922476e-02    0.26   0.13      0.61
9   0.68140130 6.876910e-02    0.21   0.13      0.66
10  0.25960198 1.185339e-01    0.13   0.29      0.58
11  0.54723931 1.266237e-01    0.07   0.28      0.65
12  0.08377447 2.225084e-01    0.03   0.40      0.57
13  0.31995752 5.889810e-02    0.28   0.26      0.46
14  0.61065461 4.041672e-02    0.19   0.20      0.61
15  0.23650386 6.205529e-02    0.27   0.37      0.36
16  0.59606397 2.680900e-02    0.33   0.08      0.59
17  0.51654593 1.832702e-02    0.31   0.14      0.55
18  0.53062128 2.491759e-02    0.30   0.11      0.59
19  0.38677071 1.003089e-01    0.20   0.29      0.51
20  0.21392465 1.485320e-01    0.13   0.41      0.46
21  0.20591490 1.397076e-01    0.09   0.38      0.53
22  0.27599015 4.006512e-02    0.42   0.24      0.34
23  0.24259092 1.521352e-01    0.06   0.41      0.53
24  0.46537892 1.139721e-01    0.11   0.31      0.58
25  0.72133459 1.232042e-03    0.36   0.02      0.62
26  0.43319344 7.027527e-05    0.51   0.00      0.49
27  0.47892030 6.111811e-02    0.20   0.23      0.57
28  0.35952031 1.442354e-01    0.09   0.31      0.60
29  0.30117425 1.142988e-01    0.12   0.42      0.46
30  0.43892599 5.912997e-03    0.53   0.07      0.40
31  0.61588581 8.907294e-02    0.14   0.18      0.68
32  0.18776448 9.550719e-02    0.21   0.39      0.40
33  0.10431425 2.185942e-01    0.05   0.34      0.61
34  0.32520992 1.991991e-02    0.51   0.14      0.35
35  0.47496296 8.081339e-02    0.11   0.22      0.67
36  0.22951159 7.767519e-02    0.23   0.41      0.36
37  0.59963157 4.982949e-02    0.21   0.16      0.63
38  0.13498018 4.134062e-02    0.48   0.26      0.26
39  0.33044645 3.892348e-02    0.37   0.25      0.38
40  0.18151173 2.023786e-02    0.62   0.16      0.22
41  0.27127077 1.550393e-01    0.05   0.36      0.59
42  0.49324590 1.052461e-01    0.13   0.22      0.65
43  0.52862307 7.281950e-02    0.17   0.25      0.58
44  0.74103973 4.516600e-02    0.18   0.15      0.67
45  0.42791465 4.143334e-02    0.25   0.24      0.51
46  0.55757734 1.291000e-02    0.31   0.07      0.62
47  0.45704821 5.679708e-02    0.28   0.22      0.50
48  0.34609971 9.991436e-04    0.64   0.02      0.34
49  0.29201049 6.567766e-02    0.26   0.27      0.47
50  0.44838225 3.493814e-02    0.30   0.26      0.44
51  0.30137235 3.820775e-02    0.35   0.25      0.40
52  0.54955352 1.004249e-01    0.12   0.22      0.66
53  0.58479912 5.042691e-03    0.50   0.03      0.47
54  0.55193437 6.687493e-02    0.16   0.20      0.64
55  0.38240194 6.269759e-02    0.20   0.31      0.49
56  0.31828012 1.249190e-02    0.50   0.11      0.39
57  0.28230323 2.223951e-02    0.46   0.22      0.32
58  0.52943180 1.640615e-02    0.35   0.10      0.55
59  0.58855455 3.141259e-02    0.24   0.12      0.64
60  0.47388516 1.035710e-01    0.10   0.29      0.61
61  0.35207713 4.622492e-03    0.58   0.04      0.38
62  0.44055280 8.918005e-02    0.09   0.35      0.56
63  0.30953537 1.135899e-02    0.59   0.07      0.34
64  0.34943088 1.241763e-01    0.08   0.28      0.64
65  0.58755613 5.148452e-02    0.20   0.20      0.60
66  0.36131029 3.153391e-03    0.61   0.02      0.37
67  0.32438700 4.012741e-03    0.64   0.05      0.31
68  0.34222874 7.056192e-02    0.15   0.34      0.51
69  0.32474925 1.215483e-01    0.14   0.38      0.48
70  0.17257551 4.728286e-02    0.41   0.35      0.24
71  0.42785432 5.387721e-02    0.30   0.26      0.44
72  0.25231058 1.577004e-01    0.07   0.43      0.50
73  0.22782728 1.212255e-01    0.12   0.37      0.51
74  0.64241946 1.080153e-02    0.35   0.09      0.56
75  0.49266999 4.753663e-02    0.19   0.35      0.46
76  0.36883223 5.084085e-02    0.28   0.26      0.46
77  0.18019721 4.063488e-02    0.43   0.30      0.27
78  0.31574609 7.777543e-02    0.21   0.28      0.51
79  0.58818354 6.649952e-02    0.16   0.25      0.59
80  0.27758092 6.731144e-02    0.20   0.35      0.45
81  0.17842413 8.891303e-02    0.22   0.41      0.37
82  0.41695779 4.507881e-02    0.24   0.22      0.54
83  0.27131391 6.062410e-02    0.31   0.28      0.41
84  0.14062099 1.896972e-01    0.05   0.36      0.59
85  0.53615537 9.518897e-02    0.08   0.27      0.65
86  0.25400086 1.194228e-01    0.15   0.42      0.43
87  0.53778958 9.045710e-02    0.10   0.25      0.65
88  0.40832958 1.325280e-01    0.08   0.40      0.52
89  0.46453065 1.007373e-01    0.12   0.30      0.58
90  0.55805820 1.208589e-01    0.12   0.25      0.63
91  0.38624836 1.146703e-01    0.07   0.34      0.59
92  0.47106658 4.858146e-02    0.24   0.23      0.53
93  0.19204737 1.278894e-01    0.12   0.44      0.44
94  0.31640195 4.918409e-02    0.38   0.31      0.31
95  0.21639672 1.361093e-01    0.17   0.42      0.41
96  0.21714505 2.152108e-02    0.54   0.27      0.19
97  0.56325995 3.876891e-02    0.23   0.16      0.61
98  0.52607153 6.226244e-02    0.19   0.31      0.50
99  0.32705556 2.193515e-02    0.50   0.16      0.34
100 0.34533709 6.544240e-02    0.25   0.35      0.40
