      prob.meio    prob.mito euploid mosaic aneuploid
1   0.238956889 0.1191472656    0.12   0.36      0.52
2   0.732817219 0.0081862994    0.22   0.03      0.75
3   0.450260567 0.0075850135    0.57   0.04      0.39
4   0.001348989 0.2335954329    0.05   0.35      0.60
5   0.388541308 0.1335126385    0.06   0.30      0.64
6   0.248485371 0.0145038350    0.57   0.16      0.27
7   0.698559888 0.0209615738    0.26   0.05      0.69
8   0.615379534 0.0056911281    0.36   0.04      0.60
9   0.302468697 0.0708577116    0.29   0.28      0.43
10  0.124948040 0.0569080613    0.32   0.47      0.21
11  0.820011468 0.0076555181    0.23   0.04      0.73
12  0.020980944 0.1358844507    0.16   0.50      0.34
13  0.020229492 0.1745193908    0.08   0.41      0.51
14  0.621713013 0.0679372372    0.15   0.20      0.65
15  0.269579006 0.0705716265    0.25   0.32      0.43
16  0.272751953 0.1682270512    0.06   0.30      0.64
17  0.186659770 0.0581167827    0.30   0.36      0.34
18  0.275700866 0.1297155679    0.13   0.35      0.52
19  0.559757962 0.0445660893    0.32   0.13      0.55
20  0.461661507 0.0038651240    0.37   0.07      0.56
21  0.490634228 0.0403784127    0.24   0.15      0.61
22  0.214705518 0.1103038690    0.16   0.40      0.44
23  0.414292126 0.1714710507    0.04   0.29      0.67
24  0.452635201 0.1281336476    0.07   0.30      0.63
25  0.022917514 0.0905508632    0.31   0.47      0.22
26  0.110634094 0.0439156971    0.47   0.38      0.15
27  0.519252533 0.0741527062    0.25   0.26      0.49
28  0.448479153 0.0008966469    0.52   0.01      0.47
29  0.751619217 0.0745025738    0.09   0.16      0.75
30  0.295441441 0.1262579502    0.08   0.32      0.60
31  0.744503532 0.0224688074    0.20   0.07      0.73
32  0.392669528 0.0819754396    0.20   0.34      0.46
33  0.008758482 0.0633475520    0.36   0.48      0.16
34  0.153807959 0.1595143648    0.05   0.44      0.51
35  0.640049521 0.0652071098    0.18   0.13      0.69
36  0.434303211 0.1153010828    0.06   0.32      0.62
37  0.198559669 0.0930292793    0.25   0.48      0.27
38  0.615333944 0.0614789024    0.12   0.17      0.71
39  0.253592682 0.1238247091    0.08   0.41      0.51
40  0.549049407 0.0929027796    0.08   0.20      0.72
41  0.009940139 0.1124862258    0.14   0.51      0.35
42  0.212584781 0.0384673374    0.39   0.30      0.31
43  0.326948332 0.1788132885    0.05   0.31      0.64
44  0.398098338 0.1330737025    0.06   0.33      0.61
45  0.084764898 0.0720045266    0.28   0.49      0.23
46  0.031102962 0.1476088369    0.07   0.46      0.47
47  0.006145094 0.0467608084    0.50   0.38      0.12
48  0.401627957 0.1463162187    0.08   0.41      0.51
49  0.749897490 0.0040141393    0.22   0.01      0.77
50  0.387709175 0.0778612001    0.11   0.33      0.56
51  0.330159754 0.0690482908    0.22   0.27      0.51
52  0.216011812 0.0267994786    0.48   0.26      0.26
53  0.377994493 0.1431744767    0.08   0.27      0.65
54  0.683095265 0.1033679827    0.10   0.17      0.73
55  0.569374928 0.0587129577    0.17   0.23      0.60
56  0.325774178 0.1477588557    0.05   0.26      0.69
57  0.247250207 0.0951741994    0.18   0.38      0.44
58  0.432313888 0.1165547976    0.07   0.29      0.64
59  0.485553725 0.0223866219    0.40   0.10      0.50
60  0.242703402 0.1473293228    0.10   0.38      0.52
61  0.256313138 0.1171824632    0.12   0.41      0.47
62  0.700320541 0.0427077275    0.16   0.08      0.76
63  0.487095351 0.0636010610    0.18   0.22      0.60
64  0.418043099 0.0357268723    0.31   0.14      0.55
65  0.364614450 0.0592410688    0.28   0.30      0.42
66  0.516657706 0.0751518486    0.20   0.22      0.58
67  0.107162789 0.1874093136    0.04   0.45      0.51
68  0.250770433 0.0650803081    0.28   0.34      0.38
69  0.464327063 0.0952194424    0.15   0.25      0.60
70  0.244013843 0.1508074314    0.06   0.46      0.48
71  0.491797276 0.0745510361    0.18   0.21      0.61
72  0.196986001 0.0667601214    0.40   0.28      0.32
73  0.020607785 0.0834882881    0.26   0.53      0.21
74  0.609500756 0.0239283394    0.23   0.10      0.67
75  0.057314626 0.1018260219    0.14   0.53      0.33
76  0.283278862 0.0070628030    0.68   0.07      0.25
77  0.733685780 0.0187414242    0.16   0.08      0.76
78  0.329652996 0.0555073004    0.29   0.25      0.46
79  0.361113918 0.0849138028    0.17   0.35      0.48
80  0.357664937 0.1299165860    0.10   0.30      0.60
81  0.058873020 0.0441323153    0.52   0.29      0.19
82  0.468677876 0.1434727623    0.07   0.27      0.66
83  0.451838565 0.1118181683    0.10   0.35      0.55
84  0.491249336 0.1372985477    0.06   0.27      0.67
85  0.566510914 0.1171581077    0.11   0.21      0.68
86  0.300030071 0.1707834932    0.02   0.37      0.61
87  0.321431918 0.0700662467    0.27   0.23      0.50
88  0.282987621 0.0478647423    0.38   0.29      0.33
89  0.399085138 0.1817779632    0.03   0.32      0.65
90  0.480689780 0.0726443643    0.14   0.24      0.62
91  0.354080814 0.0392331814    0.37   0.18      0.45
92  0.499781257 0.1262611970    0.08   0.25      0.67
93  0.366489212 0.0232837135    0.49   0.11      0.40
94  0.213664083 0.2122535284    0.03   0.33      0.64
95  0.227578860 0.0909555263    0.19   0.42      0.39
96  0.061393711 0.1030516978    0.22   0.47      0.31
97  0.181782625 0.0527858632    0.29   0.31      0.40
98  0.149004498 0.0465166150    0.40   0.36      0.24
99  0.701820307 0.0812841344    0.09   0.16      0.75
100 0.454335747 0.0757339222    0.17   0.30      0.53
