     prob.meio   prob.mito euploid mosaic aneuploid
1   0.33456397 0.015485439    0.53   0.15      0.32
2   0.22633422 0.050974799    0.29   0.41      0.30
3   0.19210326 0.138913281    0.08   0.42      0.50
4   0.22029356 0.060257774    0.27   0.38      0.35
5   0.20141970 0.007926858    0.66   0.11      0.23
6   0.54790111 0.113795594    0.08   0.22      0.70
7   0.25499526 0.069567789    0.26   0.34      0.40
8   0.50094106 0.148150867    0.06   0.32      0.62
9   0.25975274 0.181132572    0.01   0.31      0.68
10  0.10766889 0.246021569    0.00   0.34      0.66
11  0.47585547 0.080234697    0.15   0.23      0.62
12  0.22979909 0.120137388    0.13   0.34      0.53
13  0.23857040 0.056580326    0.32   0.36      0.32
14  0.12911734 0.201613979    0.04   0.42      0.54
15  0.05601665 0.172180883    0.04   0.37      0.59
16  0.17777362 0.137928982    0.11   0.46      0.43
17  0.41466991 0.098515622    0.18   0.30      0.52
18  0.26263924 0.081867792    0.24   0.43      0.33
19  0.60362195 0.043149588    0.22   0.15      0.63
20  0.13358614 0.132808663    0.10   0.43      0.47
21  0.18245789 0.007844678    0.73   0.09      0.18
22  0.40719837 0.024145665    0.33   0.14      0.53
23  0.39491598 0.143513802    0.06   0.37      0.57
24  0.26275331 0.085070809    0.25   0.40      0.35
25  0.37513532 0.094797157    0.09   0.31      0.60
26  0.39182476 0.168177581    0.06   0.28      0.66
27  0.57796572 0.004743056    0.56   0.03      0.41
28  0.23033468 0.211261235    0.02   0.37      0.61
29  0.11278337 0.256721354    0.01   0.38      0.61
30  0.60365825 0.011143942    0.25   0.07      0.68
31  0.00827052 0.236034927    0.01   0.36      0.63
32  0.66135352 0.031729963    0.23   0.12      0.65
33  0.39334398 0.203981732    0.01   0.32      0.67
34  0.66190315 0.094220149    0.08   0.24      0.68
35  0.57346560 0.020670707    0.35   0.13      0.52
36  0.43496004 0.035803267    0.32   0.19      0.49
37  0.19587087 0.052664003    0.36   0.26      0.38
38  0.32973390 0.123876170    0.12   0.34      0.54
39  0.35533066 0.217834214    0.02   0.30      0.68
40  0.15053215 0.158736418    0.03   0.37      0.60
41  0.14873721 0.053175546    0.36   0.38      0.26
42  0.60525729 0.057282311    0.17   0.18      0.65
43  0.24744796 0.042456126    0.37   0.27      0.36
44  0.38982486 0.135310865    0.09   0.30      0.61
45  0.47414648 0.091726043    0.12   0.25      0.63
46  0.09324468 0.250035244    0.01   0.35      0.64
47  0.59658731 0.050972474    0.16   0.22      0.62
48  0.15378964 0.072274273    0.33   0.40      0.27
49  0.21817680 0.114575810    0.16   0.36      0.48
50  0.59789992 0.058680368    0.14   0.23      0.63
51  0.17843291 0.201907306    0.00   0.35      0.65
52  0.35305688 0.073271224    0.17   0.26      0.57
53  0.50339146 0.082174314    0.07   0.23      0.70
54  0.40568979 0.061711882    0.24   0.27      0.49
55  0.05802960 0.170742212    0.05   0.40      0.55
56  0.39513233 0.073895853    0.25   0.24      0.51
57  0.11878000 0.031992408    0.61   0.24      0.15
58  0.40561880 0.090153285    0.21   0.29      0.50
59  0.38224122 0.075273563    0.18   0.30      0.52
60  0.29915162 0.148439492    0.07   0.33      0.60
61  0.54950094 0.053292349    0.24   0.22      0.54
62  0.33556495 0.106485442    0.16   0.35      0.49
63  0.36199947 0.035225185    0.35   0.26      0.39
64  0.28644407 0.146580290    0.07   0.36      0.57
65  0.21888486 0.026639952    0.56   0.15      0.29
66  0.12813946 0.119457866    0.17   0.36      0.47
67  0.45111052 0.061796032    0.19   0.32      0.49
68  0.29790925 0.232952610    0.00   0.33      0.67
69  0.42685008 0.039351208    0.31   0.19      0.50
70  0.21137208 0.123641145    0.17   0.36      0.47
71  0.45780404 0.010770867    0.50   0.10      0.40
72  0.60557514 0.060277091    0.17   0.14      0.69
73  0.68517811 0.027917003    0.28   0.05      0.67
74  0.08239415 0.184394544    0.05   0.31      0.64
75  0.16346166 0.148552908    0.08   0.40      0.52
76  0.58072337 0.055443980    0.18   0.15      0.67
77  0.19003262 0.068013557    0.28   0.37      0.35
78  0.54233383 0.027611800    0.35   0.16      0.49
79  0.62738684 0.069716615    0.17   0.16      0.67
80  0.08797560 0.092726404    0.19   0.44      0.37
81  0.38395296 0.035451281    0.34   0.24      0.42
82  0.15025267 0.032126787    0.49   0.30      0.21
83  0.27438357 0.182939925    0.02   0.36      0.62
84  0.60640879 0.106369424    0.08   0.22      0.70
85  0.03215839 0.210657206    0.01   0.43      0.56
86  0.65415602 0.122353415    0.06   0.27      0.67
87  0.58049311 0.034715222    0.23   0.13      0.64
88  0.21292497 0.108209016    0.18   0.41      0.41
89  0.18969008 0.040040002    0.49   0.27      0.24
90  0.03817794 0.198627454    0.03   0.38      0.59
91  0.26377479 0.117298305    0.11   0.44      0.45
92  0.33068286 0.087111372    0.20   0.30      0.50
93  0.66659532 0.125439387    0.09   0.21      0.70
94  0.08519169 0.114900566    0.19   0.45      0.36
95  0.11979786 0.215477312    0.01   0.33      0.66
96  0.51514375 0.116815188    0.09   0.31      0.60
97  0.25714631 0.157193090    0.08   0.44      0.48
98  0.16059741 0.138061638    0.07   0.41      0.52
99  0.56892236 0.057796247    0.25   0.16      0.59
100 0.33322831 0.041292126    0.31   0.28      0.41
