     prob.meio    prob.mito euploid mosaic aneuploid
1   0.39075054 0.0756794852    0.19   0.34      0.47
2   0.09623172 0.0558497282    0.41   0.34      0.25
3   0.64992656 0.0019986813    0.37   0.02      0.61
4   0.42642548 0.0710591276    0.25   0.27      0.48
5   0.19492801 0.0609117870    0.23   0.36      0.41
6   0.04511740 0.2169596064    0.01   0.41      0.58
7   0.22500450 0.0617626957    0.40   0.28      0.32
8   0.07310170 0.0321671457    0.62   0.23      0.15
9   0.51697951 0.0717518020    0.14   0.20      0.66
10  0.27120814 0.2246731832    0.00   0.35      0.65
11  0.32894805 0.0461236085    0.26   0.31      0.43
12  0.17398719 0.0415337756    0.50   0.32      0.18
13  0.54277661 0.0215368581    0.31   0.10      0.59
14  0.26764154 0.1621711869    0.05   0.41      0.54
15  0.56908627 0.0422061877    0.26   0.21      0.53
16  0.21198239 0.0361580059    0.48   0.24      0.28
17  0.11335563 0.1515506487    0.06   0.45      0.49
18  0.20159904 0.0360964567    0.38   0.26      0.36
19  0.44438473 0.0703653395    0.12   0.27      0.61
20  0.51741900 0.0298049180    0.25   0.20      0.55
21  0.57272549 0.1341688021    0.04   0.26      0.70
22  0.50244576 0.1174912143    0.09   0.30      0.61
23  0.40678198 0.1294512004    0.09   0.36      0.55
24  0.34816682 0.0252527550    0.40   0.19      0.41
25  0.30944977 0.0233887769    0.52   0.21      0.27
26  0.24963820 0.0387529468    0.43   0.26      0.31
27  0.28991940 0.0067167245    0.52   0.09      0.39
28  0.24095177 0.1974006123    0.04   0.38      0.58
29  0.05213876 0.1876737562    0.03   0.42      0.55
30  0.31802328 0.0810168481    0.16   0.40      0.44
31  0.31801258 0.0564630046    0.30   0.36      0.34
32  0.13431790 0.1702451601    0.06   0.36      0.58
33  0.24890703 0.1117429496    0.09   0.47      0.44
34  0.65512821 0.0533098776    0.20   0.22      0.58
35  0.05951657 0.2724358770    0.02   0.30      0.68
36  0.20360839 0.1479655032    0.08   0.41      0.51
37  0.58839168 0.0527896071    0.16   0.17      0.67
38  0.37910995 0.1896900744    0.04   0.27      0.69
39  0.09427387 0.1399822745    0.14   0.38      0.48
40  0.27515570 0.0429034238    0.39   0.29      0.32
41  0.55246978 0.0771237398    0.12   0.24      0.64
42  0.17277026 0.0476624840    0.41   0.35      0.24
43  0.68932791 0.0212587260    0.28   0.10      0.62
44  0.01994892 0.2725907813    0.01   0.33      0.66
45  0.19550087 0.2011601808    0.03   0.38      0.59
46  0.24106267 0.2012847620    0.00   0.35      0.65
47  0.25650412 0.1255644581    0.10   0.42      0.48
48  0.27070977 0.0474964136    0.28   0.35      0.37
49  0.20043406 0.0091392549    0.60   0.18      0.22
50  0.17232433 0.0136108759    0.72   0.12      0.16
51  0.15665244 0.1877849945    0.02   0.37      0.61
52  0.21114905 0.1719455561    0.03   0.36      0.61
53  0.25105283 0.1275511205    0.10   0.34      0.56
54  0.17010918 0.0851459734    0.29   0.39      0.32
55  0.47344897 0.1463598195    0.03   0.27      0.70
56  0.07791257 0.2348413975    0.02   0.29      0.69
57  0.21792580 0.1661191445    0.05   0.35      0.60
58  0.54554825 0.0029264262    0.42   0.04      0.54
59  0.18469815 0.0410163775    0.44   0.29      0.27
60  0.39656495 0.1676105135    0.06   0.33      0.61
61  0.36118685 0.1059174179    0.14   0.29      0.57
62  0.11302044 0.0342130393    0.48   0.32      0.20
63  0.57544288 0.0545616886    0.23   0.19      0.58
64  0.37316499 0.1608444089    0.04   0.29      0.67
65  0.57987523 0.1685920707    0.05   0.25      0.70
66  0.44784931 0.1436120009    0.07   0.33      0.60
67  0.41761071 0.0978760389    0.12   0.33      0.55
68  0.15523338 0.1592492836    0.05   0.37      0.58
69  0.19066283 0.1292613444    0.10   0.42      0.48
70  0.61507376 0.1208937510    0.09   0.22      0.69
71  0.66674652 0.0660256061    0.16   0.21      0.63
72  0.33658243 0.0714226931    0.21   0.36      0.43
73  0.23002841 0.0663843395    0.26   0.38      0.36
74  0.26701394 0.1387773503    0.11   0.37      0.52
75  0.24808656 0.0833183175    0.35   0.27      0.38
76  0.24274278 0.1909277705    0.02   0.33      0.65
77  0.60199400 0.0193461331    0.29   0.08      0.63
78  0.27449506 0.1235846078    0.11   0.37      0.52
79  0.25117039 0.1521923840    0.06   0.36      0.58
80  0.58661228 0.0004490116    0.48   0.00      0.52
81  0.22767773 0.1626287904    0.04   0.39      0.57
82  0.29050161 0.0204053842    0.46   0.19      0.35
83  0.45687865 0.1452962835    0.07   0.32      0.61
84  0.12649634 0.2111091542    0.01   0.36      0.63
85  0.63393059 0.0886833367    0.14   0.15      0.71
86  0.09371838 0.1998296899    0.01   0.37      0.62
87  0.33390034 0.1351918268    0.08   0.33      0.59
88  0.35169411 0.1797364033    0.04   0.33      0.63
89  0.31107576 0.0611268003    0.24   0.34      0.42
90  0.33363545 0.1496069601    0.08   0.46      0.46
91  0.42938704 0.0146842534    0.44   0.13      0.43
92  0.65757558 0.0567446137    0.14   0.21      0.65
93  0.16128365 0.2343393380    0.02   0.35      0.63
94  0.55596052 0.0368981990    0.26   0.15      0.59
95  0.35404129 0.1131384247    0.11   0.37      0.52
96  0.37768445 0.1391223164    0.07   0.36      0.57
97  0.03574155 0.2814179910    0.00   0.34      0.66
98  0.39707229 0.1199447599    0.10   0.32      0.58
99  0.24587676 0.1222739585    0.09   0.42      0.49
100 0.60348364 0.0803741431    0.12   0.24      0.64
