     prob.meio    prob.mito euploid mosaic aneuploid
1   0.21712345 0.1336519762    0.08   0.43      0.49
2   0.62723708 0.0647427186    0.15   0.23      0.62
3   0.39855015 0.1556355120    0.06   0.36      0.58
4   0.12481353 0.1636352534    0.11   0.38      0.51
5   0.42874279 0.0537609039    0.25   0.24      0.51
6   0.67603045 0.0918234957    0.10   0.23      0.67
7   0.10403357 0.1706852890    0.04   0.35      0.61
8   0.62696968 0.0298518925    0.22   0.12      0.66
9   0.61042531 0.0470402613    0.16   0.19      0.65
10  0.44287641 0.0745838492    0.19   0.25      0.56
11  0.41389568 0.0746017906    0.12   0.34      0.54
12  0.38692625 0.0838138743    0.19   0.33      0.48
13  0.59608215 0.1096657086    0.06   0.27      0.67
14  0.32195436 0.0874307002    0.17   0.36      0.47
15  0.27375085 0.1497211708    0.07   0.39      0.54
16  0.33871775 0.1761106045    0.04   0.31      0.65
17  0.09759711 0.2059456748    0.02   0.40      0.58
18  0.35626127 0.0751888321    0.26   0.34      0.40
19  0.51109083 0.0764922905    0.14   0.30      0.56
20  0.44903979 0.0970753147    0.10   0.24      0.66
21  0.33434652 0.1603301687    0.07   0.38      0.55
22  0.60530331 0.0318305837    0.31   0.07      0.62
23  0.47270601 0.0610812663    0.18   0.25      0.57
24  0.31129515 0.1050844390    0.15   0.37      0.48
25  0.30682427 0.1197746492    0.12   0.36      0.52
26  0.27715315 0.1768537411    0.03   0.33      0.64
27  0.65733760 0.0359104227    0.26   0.17      0.57
28  0.60710805 0.0363021300    0.26   0.20      0.54
29  0.44179160 0.0968152499    0.16   0.27      0.57
30  0.26190922 0.1729233856    0.06   0.39      0.55
31  0.19833317 0.1842328624    0.04   0.35      0.61
32  0.08128269 0.1687662834    0.05   0.39      0.56
33  0.41938769 0.0893227858    0.15   0.30      0.55
34  0.25936997 0.0900305675    0.17   0.34      0.49
35  0.36500981 0.0193408534    0.50   0.10      0.40
36  0.22036466 0.1419350924    0.02   0.38      0.60
37  0.18213247 0.2073035149    0.03   0.37      0.60
38  0.50124528 0.0480776837    0.27   0.18      0.55
39  0.41935827 0.0860220289    0.08   0.37      0.55
40  0.29536529 0.0073957762    0.61   0.09      0.30
41  0.28020679 0.0763307125    0.21   0.34      0.45
42  0.15414954 0.1598025681    0.03   0.42      0.55
43  0.16396615 0.0794153521    0.21   0.40      0.39
44  0.36108314 0.0502776150    0.32   0.37      0.31
45  0.29057004 0.1434275373    0.06   0.34      0.60
46  0.48377714 0.1159928222    0.06   0.28      0.66
47  0.41307406 0.1463719402    0.04   0.36      0.60
48  0.65355203 0.0703890277    0.12   0.23      0.65
49  0.65252864 0.1163792007    0.08   0.24      0.68
50  0.51994476 0.1606824712    0.05   0.29      0.66
51  0.44836061 0.0708924248    0.29   0.24      0.47
52  0.37601316 0.0002309268    0.61   0.00      0.39
53  0.20771025 0.2128710002    0.02   0.36      0.62
54  0.55321040 0.0015938641    0.48   0.01      0.51
55  0.51522896 0.0965399840    0.09   0.30      0.61
56  0.19622035 0.1733230022    0.06   0.36      0.58
57  0.52945395 0.0021849910    0.51   0.03      0.46
58  0.64970745 0.0564930153    0.15   0.18      0.67
59  0.32525891 0.1109116119    0.14   0.35      0.51
60  0.21675215 0.0547125486    0.40   0.32      0.28
61  0.31201989 0.0804637028    0.15   0.28      0.57
62  0.22362237 0.0153541367    0.56   0.14      0.30
63  0.60744808 0.1168479344    0.06   0.28      0.66
64  0.64905441 0.0356276082    0.27   0.09      0.64
65  0.15004495 0.1460395632    0.11   0.45      0.44
66  0.45131682 0.0950321215    0.13   0.29      0.58
67  0.22538000 0.1568045192    0.03   0.42      0.55
68  0.45017905 0.0235659883    0.43   0.14      0.43
69  0.10938117 0.0550297266    0.45   0.31      0.24
70  0.51234345 0.0605075543    0.23   0.25      0.52
71  0.16808015 0.0418653658    0.47   0.31      0.22
72  0.37195842 0.0053289137    0.47   0.05      0.48
73  0.26375756 0.0773016962    0.26   0.39      0.35
74  0.47538942 0.0143877186    0.37   0.08      0.55
75  0.20486614 0.0222145601    0.55   0.20      0.25
76  0.55750018 0.0676620384    0.15   0.23      0.62
77  0.14880488 0.0456242261    0.51   0.30      0.19
78  0.17030712 0.0103365432    0.68   0.13      0.19
79  0.45110948 0.1391053775    0.08   0.34      0.58
80  0.32330843 0.0974229635    0.15   0.36      0.49
81  0.19658081 0.0535877938    0.36   0.36      0.28
82  0.47036501 0.0955888154    0.21   0.27      0.52
83  0.35611756 0.0859654360    0.18   0.34      0.48
84  0.04462153 0.1814763134    0.08   0.37      0.55
85  0.53400521 0.0964134960    0.09   0.32      0.59
86  0.25190397 0.0203325560    0.50   0.21      0.29
87  0.16959399 0.0434500130    0.48   0.32      0.20
88  0.61685461 0.0209755856    0.26   0.11      0.63
89  0.23239148 0.1903882539    0.04   0.39      0.57
90  0.51013461 0.0860845889    0.10   0.23      0.67
91  0.34526980 0.1679403626    0.06   0.31      0.63
92  0.54835110 0.1255345480    0.07   0.25      0.68
93  0.61053773 0.0568407751    0.18   0.17      0.65
94  0.54555906 0.0608865172    0.24   0.24      0.52
95  0.40492368 0.0658615301    0.21   0.33      0.46
96  0.50230591 0.1395813802    0.05   0.35      0.60
97  0.37058198 0.0899341756    0.15   0.32      0.53
98  0.32702553 0.1549057101    0.06   0.36      0.58
99  0.43252344 0.1100379007    0.12   0.28      0.60
100 0.45208390 0.1128014983    0.11   0.28      0.61
