      prob.meio    prob.mito euploid mosaic aneuploid
1   0.161010332 0.2533801412    0.01   0.37      0.62
2   0.093789315 0.1770313943    0.07   0.47      0.46
3   0.491944805 0.0127185329    0.35   0.08      0.57
4   0.558353130 0.0754501964    0.17   0.19      0.64
5   0.164430744 0.1807791074    0.03   0.46      0.51
6   0.368114779 0.0910765617    0.09   0.29      0.62
7   0.552161941 0.0163724038    0.33   0.08      0.59
8   0.379332615 0.0319853404    0.40   0.22      0.38
9   0.001176897 0.1768066634    0.08   0.56      0.36
10  0.433042523 0.0427353478    0.30   0.22      0.48
11  0.447513791 0.1263122468    0.09   0.30      0.61
12  0.373207159 0.0709317126    0.22   0.31      0.47
13  0.186614147 0.0370987509    0.46   0.34      0.20
14  0.121646546 0.1073321458    0.17   0.47      0.36
15  0.111606003 0.1479869348    0.09   0.34      0.57
16  0.063698572 0.1237867461    0.12   0.44      0.44
17  0.372187638 0.0192901641    0.41   0.13      0.46
18  0.178277175 0.1300617680    0.09   0.44      0.47
19  0.512739187 0.0011518702    0.41   0.01      0.58
20  0.030960873 0.1036231099    0.14   0.53      0.33
21  0.308633356 0.1736690989    0.01   0.36      0.63
22  0.418434402 0.0431137744    0.37   0.24      0.39
23  0.180131747 0.1359907326    0.10   0.36      0.54
24  0.322570280 0.0327968067    0.38   0.29      0.33
25  0.039887580 0.1252968137    0.12   0.53      0.35
26  0.347629179 0.0610050843    0.30   0.28      0.42
27  0.226948244 0.0882846708    0.25   0.45      0.30
28  0.098197967 0.1165848123    0.17   0.50      0.33
29  0.015448489 0.1570077017    0.03   0.57      0.40
30  0.188802482 0.0838811169    0.25   0.41      0.34
31  0.444382291 0.0246850473    0.42   0.15      0.43
32  0.652107787 0.0578001735    0.21   0.14      0.65
33  0.139915658 0.0375636190    0.46   0.32      0.22
34  0.198027837 0.1396243321    0.10   0.43      0.47
35  0.335981403 0.0429564673    0.41   0.22      0.37
36  0.116797057 0.0578175981    0.47   0.30      0.23
37  0.279287559 0.1066258468    0.14   0.32      0.54
38  0.387681850 0.0350373297    0.34   0.22      0.44
39  0.043902832 0.1301200713    0.13   0.58      0.29
40  0.105152401 0.0784194169    0.31   0.35      0.34
41  0.449350536 0.1177864731    0.05   0.32      0.63
42  0.162759994 0.2026060140    0.04   0.44      0.52
43  0.288088672 0.0781404921    0.24   0.34      0.42
44  0.498376263 0.0636704797    0.18   0.21      0.61
45  0.323529978 0.1350843790    0.10   0.33      0.57
46  0.475011118 0.1135559727    0.09   0.30      0.61
47  0.563204486 0.0183133762    0.34   0.04      0.62
48  0.240195256 0.0879864523    0.17   0.41      0.42
49  0.318578967 0.1322433506    0.10   0.36      0.54
50  0.101292447 0.1372769885    0.13   0.48      0.39
51  0.467099903 0.0321060319    0.38   0.18      0.44
52  0.277559659 0.1319609422    0.07   0.37      0.56
53  0.507077006 0.0145679982    0.40   0.13      0.47
54  0.395386126 0.0510286163    0.26   0.24      0.50
55  0.073271227 0.1181555174    0.19   0.45      0.36
56  0.524803091 0.0311944839    0.27   0.14      0.59
57  0.272849169 0.0434638869    0.45   0.27      0.28
58  0.009446618 0.1244546894    0.10   0.57      0.33
59  0.583431457 0.0705924835    0.16   0.23      0.61
60  0.074659796 0.1868907765    0.02   0.41      0.57
61  0.568375213 0.0387423548    0.26   0.11      0.63
62  0.281470105 0.1917711128    0.01   0.38      0.61
63  0.024454924 0.0861525552    0.27   0.45      0.28
64  0.548158320 0.0579824371    0.21   0.16      0.63
65  0.236303025 0.0271936462    0.55   0.24      0.21
66  0.322858739 0.0123269258    0.54   0.12      0.34
67  0.423083320 0.0711103566    0.25   0.32      0.43
68  0.042735935 0.1269856007    0.13   0.52      0.35
69  0.014265871 0.2036188145    0.01   0.40      0.59
70  0.213494472 0.1556717055    0.07   0.41      0.52
71  0.206698973 0.1256463160    0.12   0.42      0.46
72  0.187118271 0.1376454728    0.11   0.40      0.49
73  0.633416356 0.0171721813    0.33   0.05      0.62
74  0.509344911 0.0246050626    0.44   0.11      0.45
75  0.444520639 0.0408454132    0.28   0.22      0.50
76  0.250308052 0.0132188480    0.57   0.14      0.29
77  0.249304766 0.1290997935    0.10   0.48      0.42
78  0.267479782 0.1361080937    0.09   0.31      0.60
79  0.254828403 0.1925361326    0.05   0.30      0.65
80  0.220986438 0.2227623931    0.02   0.36      0.62
81  0.302528392 0.0538765404    0.32   0.33      0.35
82  0.599228923 0.0740301856    0.15   0.22      0.63
83  0.234181873 0.0001042762    0.78   0.00      0.22
84  0.357935898 0.0422009004    0.29   0.34      0.37
85  0.203650925 0.1574916593    0.08   0.35      0.57
86  0.479947485 0.0435723425    0.34   0.18      0.48
87  0.329579013 0.1262776623    0.09   0.32      0.59
88  0.075684773 0.1578000118    0.11   0.51      0.38
89  0.548256802 0.0620463283    0.21   0.24      0.55
90  0.377227357 0.0240114538    0.34   0.27      0.39
91  0.053568100 0.2082052166    0.01   0.40      0.59
92  0.378020508 0.0301112807    0.46   0.18      0.36
93  0.155510828 0.1843973047    0.03   0.44      0.53
94  0.579083812 0.0470815108    0.19   0.15      0.66
95  0.531008128 0.0699130867    0.19   0.17      0.64
96  0.483054969 0.0055878502    0.53   0.04      0.43
97  0.242751186 0.0241993736    0.52   0.19      0.29
98  0.016985829 0.1173045293    0.16   0.54      0.30
99  0.460090904 0.0370230677    0.27   0.12      0.61
100 0.454038318 0.1155134200    0.09   0.31      0.60
