       prob.meio   prob.mito euploid mosaic aneuploid
1   0.2946705210 0.078694811    0.28   0.34      0.38
2   0.0463952960 0.198377812    0.03   0.41      0.56
3   0.2843590491 0.115352863    0.09   0.44      0.47
4   0.1394061977 0.121977383    0.11   0.36      0.53
5   0.5377449228 0.017552999    0.30   0.08      0.62
6   0.3038440796 0.122618458    0.18   0.38      0.44
7   0.3584360704 0.171826540    0.06   0.28      0.66
8   0.0011507994 0.187442718    0.02   0.41      0.57
9   0.5641399953 0.097445936    0.09   0.27      0.64
10  0.1866323298 0.041527115    0.40   0.33      0.27
11  0.4181564441 0.100487235    0.09   0.30      0.61
12  0.2253216472 0.154226739    0.06   0.36      0.58
13  0.2254617480 0.097995860    0.16   0.28      0.56
14  0.3287114426 0.056922679    0.33   0.27      0.40
15  0.4358077690 0.113616303    0.10   0.29      0.61
16  0.2017519602 0.056879902    0.32   0.33      0.35
17  0.3039806720 0.034924177    0.48   0.22      0.30
18  0.3009553007 0.026296953    0.40   0.18      0.42
19  0.4781583850 0.029930101    0.29   0.16      0.55
20  0.3305357869 0.049469552    0.36   0.25      0.39
21  0.3424567813 0.125180193    0.09   0.38      0.53
22  0.1076843219 0.099133013    0.16   0.38      0.46
23  0.0954963593 0.109170913    0.20   0.42      0.38
24  0.4208578009 0.071095604    0.22   0.26      0.52
25  0.3857655069 0.078816860    0.21   0.27      0.52
26  0.3655956751 0.195733974    0.03   0.30      0.67
27  0.4078434370 0.051228202    0.32   0.24      0.44
28  0.1367323936 0.057245933    0.37   0.34      0.29
29  0.2676670116 0.190523180    0.03   0.36      0.61
30  0.4215333946 0.051669635    0.28   0.21      0.51
31  0.3762608930 0.008305659    0.50   0.03      0.47
32  0.3864361744 0.166873763    0.03   0.36      0.61
33  0.5952400444 0.093388683    0.09   0.25      0.66
34  0.2865923236 0.169245690    0.04   0.39      0.57
35  0.2832990072 0.199245133    0.02   0.34      0.64
36  0.3842945541 0.012344165    0.55   0.15      0.30
37  0.2413396619 0.177173464    0.07   0.32      0.61
38  0.4545718848 0.078613589    0.11   0.26      0.63
39  0.4820094958 0.106546510    0.10   0.23      0.67
40  0.5271235986 0.007120808    0.34   0.05      0.61
41  0.6071741148 0.020414476    0.28   0.08      0.64
42  0.2593694460 0.001694121    0.67   0.04      0.29
43  0.3255284734 0.162574284    0.06   0.29      0.65
44  0.0627971673 0.249752775    0.02   0.32      0.66
45  0.5881641265 0.034144693    0.24   0.22      0.54
46  0.1469596385 0.087201313    0.24   0.36      0.40
47  0.1524225280 0.079493385    0.17   0.44      0.39
48  0.3499466872 0.157785125    0.06   0.45      0.49
49  0.3267246024 0.215473307    0.01   0.37      0.62
50  0.3357030374 0.106311605    0.15   0.40      0.45
51  0.0007952489 0.272194872    0.02   0.35      0.63
52  0.1238450415 0.226455701    0.02   0.38      0.60
53  0.6549406096 0.012996479    0.26   0.07      0.67
54  0.2645924683 0.027117814    0.45   0.21      0.34
55  0.1512212821 0.099598133    0.17   0.45      0.38
56  0.1924409929 0.030711742    0.51   0.26      0.23
57  0.3392847185 0.141074042    0.10   0.35      0.55
58  0.2387053547 0.008691193    0.65   0.09      0.26
59  0.6046903511 0.095599880    0.12   0.24      0.64
60  0.2840972783 0.163827043    0.04   0.30      0.66
61  0.2609041778 0.038531861    0.42   0.22      0.36
62  0.5265297871 0.047306362    0.18   0.22      0.60
63  0.3624545403 0.022071280    0.44   0.21      0.35
64  0.5087778943 0.100353365    0.10   0.31      0.59
65  0.3741338025 0.153541775    0.05   0.29      0.66
66  0.0561323115 0.207965659    0.02   0.41      0.57
67  0.4253950659 0.059519916    0.28   0.21      0.51
68  0.1758226592 0.143444981    0.11   0.39      0.50
69  0.3653018407 0.022831810    0.37   0.18      0.45
70  0.0648570324 0.121203193    0.23   0.40      0.37
71  0.3755638718 0.004173628    0.56   0.03      0.41
72  0.6550198540 0.011408635    0.29   0.08      0.63
73  0.5040858393 0.047342513    0.18   0.22      0.60
74  0.2377222870 0.016510588    0.51   0.26      0.23
75  0.1914050358 0.083115412    0.20   0.42      0.38
76  0.3323423371 0.042790027    0.35   0.23      0.42
77  0.0961035723 0.164219180    0.05   0.32      0.63
78  0.4504163298 0.039923879    0.24   0.25      0.51
79  0.3106482150 0.078765177    0.20   0.30      0.50
80  0.5092599720 0.102633857    0.09   0.22      0.69
81  0.5227723951 0.064376825    0.12   0.26      0.62
82  0.5116212214 0.114292725    0.12   0.22      0.66
83  0.1576997126 0.074696185    0.33   0.35      0.32
84  0.5163288859 0.007935610    0.46   0.06      0.48
85  0.1404895727 0.071159653    0.30   0.40      0.30
86  0.5908099152 0.039817499    0.18   0.19      0.63
87  0.6061101458 0.128738073    0.10   0.23      0.67
88  0.3436241632 0.002522519    0.63   0.04      0.33
89  0.4172901139 0.049180265    0.27   0.29      0.44
90  0.3305384330 0.126039373    0.10   0.37      0.53
91  0.0991535983 0.129158687    0.16   0.42      0.42
92  0.4977283357 0.069127656    0.16   0.20      0.64
93  0.0401810692 0.251466113    0.01   0.37      0.62
94  0.6333624797 0.026479964    0.29   0.09      0.62
95  0.3679094699 0.123409247    0.07   0.41      0.52
96  0.4297046741 0.129815275    0.02   0.40      0.58
97  0.6344416060 0.029793601    0.30   0.12      0.58
98  0.4084763881 0.057343084    0.23   0.27      0.50
99  0.4100340130 0.143946120    0.07   0.26      0.67
100 0.0116506019 0.178037937    0.05   0.38      0.57
