     prob.meio   prob.mito euploid mosaic aneuploid
1   0.18716205 0.077218794    0.33   0.33      0.34
2   0.12522315 0.115719251    0.17   0.37      0.46
3   0.25703785 0.175183177    0.08   0.31      0.61
4   0.42194954 0.053683345    0.28   0.21      0.51
5   0.58747240 0.141538434    0.09   0.29      0.62
6   0.27029862 0.184657275    0.03   0.39      0.58
7   0.27082532 0.161427711    0.06   0.29      0.65
8   0.46100068 0.209664728    0.03   0.30      0.67
9   0.49239065 0.021366625    0.35   0.16      0.49
10  0.26889048 0.090209468    0.15   0.36      0.49
11  0.42674237 0.100035254    0.18   0.27      0.55
12  0.52099215 0.067624876    0.22   0.20      0.58
13  0.36205696 0.082031565    0.15   0.34      0.51
14  0.60782510 0.037807477    0.29   0.18      0.53
15  0.32803798 0.161596720    0.04   0.35      0.61
16  0.34517540 0.140638211    0.04   0.39      0.57
17  0.01966466 0.172001263    0.11   0.44      0.45
18  0.59986797 0.002887280    0.38   0.00      0.62
19  0.30433569 0.200381927    0.04   0.31      0.65
20  0.45594656 0.156311661    0.07   0.24      0.69
21  0.27834402 0.191724687    0.04   0.30      0.66
22  0.15744291 0.028911761    0.49   0.27      0.24
23  0.43551211 0.010635583    0.50   0.09      0.41
24  0.56234495 0.004807261    0.40   0.01      0.59
25  0.32463058 0.074302521    0.15   0.43      0.42
26  0.41331113 0.093133855    0.15   0.31      0.54
27  0.24375167 0.070309892    0.31   0.37      0.32
28  0.55293343 0.026234230    0.22   0.15      0.63
29  0.27063704 0.040376181    0.43   0.26      0.31
30  0.65004271 0.054448391    0.13   0.19      0.68
31  0.26103120 0.006071512    0.63   0.10      0.27
32  0.36699177 0.113378026    0.13   0.31      0.56
33  0.37507517 0.040045249    0.36   0.21      0.43
34  0.31141980 0.118109224    0.11   0.40      0.49
35  0.28591928 0.120235287    0.11   0.34      0.55
36  0.21559054 0.192556564    0.03   0.35      0.62
37  0.01184618 0.220976086    0.02   0.38      0.60
38  0.42229492 0.018593306    0.45   0.15      0.40
39  0.25349877 0.214011218    0.04   0.33      0.63
40  0.33787986 0.042690050    0.33   0.22      0.45
41  0.22789249 0.163915028    0.04   0.38      0.58
42  0.22071606 0.101768614    0.13   0.40      0.47
43  0.30092151 0.129117843    0.08   0.41      0.51
44  0.10015496 0.191543616    0.04   0.39      0.57
45  0.22059237 0.040216442    0.44   0.27      0.29
46  0.24794256 0.096483239    0.22   0.43      0.35
47  0.24384764 0.014439043    0.58   0.18      0.24
48  0.22861669 0.081831403    0.25   0.29      0.46
49  0.36358647 0.104062318    0.14   0.26      0.60
50  0.17794988 0.043801685    0.53   0.22      0.25
51  0.32927487 0.086150859    0.18   0.36      0.46
52  0.32001458 0.017203281    0.49   0.14      0.37
53  0.21556870 0.067604007    0.26   0.39      0.35
54  0.26354176 0.101891766    0.15   0.40      0.45
55  0.37098983 0.077276708    0.23   0.37      0.40
56  0.19011392 0.025362824    0.46   0.30      0.24
57  0.42953902 0.006454324    0.54   0.03      0.43
58  0.60166437 0.109220385    0.08   0.24      0.68
59  0.54894147 0.068177156    0.16   0.24      0.60
60  0.17113948 0.134741691    0.13   0.37      0.50
61  0.36382811 0.079085555    0.12   0.30      0.58
62  0.52637266 0.084942389    0.13   0.28      0.59
63  0.29307502 0.054003859    0.34   0.34      0.32
64  0.56509387 0.010943195    0.31   0.13      0.56
65  0.46524402 0.147714590    0.03   0.33      0.64
66  0.61733182 0.015555456    0.26   0.11      0.63
67  0.16876300 0.227137616    0.01   0.37      0.62
68  0.32762311 0.182014119    0.02   0.34      0.64
69  0.47552962 0.047802574    0.26   0.24      0.50
70  0.39224360 0.000445267    0.68   0.00      0.32
71  0.45169466 0.108505504    0.13   0.20      0.67
72  0.36839802 0.175795859    0.02   0.36      0.62
73  0.13656158 0.178855786    0.05   0.41      0.54
74  0.53187309 0.090097109    0.18   0.24      0.58
75  0.43937480 0.053392579    0.29   0.25      0.46
76  0.54277658 0.011890257    0.26   0.08      0.66
77  0.34239096 0.135462057    0.08   0.41      0.51
78  0.39955267 0.009285692    0.52   0.13      0.35
79  0.15350932 0.029693908    0.53   0.29      0.18
80  0.24047246 0.144135478    0.11   0.24      0.65
81  0.60461199 0.064992615    0.19   0.15      0.66
82  0.36350723 0.017083274    0.50   0.13      0.37
83  0.51627704 0.034162244    0.29   0.16      0.55
84  0.59828083 0.052490658    0.16   0.19      0.65
85  0.22847910 0.090544458    0.19   0.43      0.38
86  0.29802402 0.036327576    0.42   0.29      0.29
87  0.30703815 0.015624683    0.53   0.08      0.39
88  0.40123269 0.053224199    0.22   0.30      0.48
89  0.47266744 0.068621695    0.16   0.25      0.59
90  0.53950114 0.113796394    0.10   0.21      0.69
91  0.30288516 0.134409773    0.06   0.33      0.61
92  0.35644536 0.055651842    0.22   0.28      0.50
93  0.33426696 0.062092888    0.30   0.33      0.37
94  0.35622830 0.078067085    0.18   0.28      0.54
95  0.28333470 0.161959646    0.03   0.34      0.63
96  0.36080866 0.128443312    0.09   0.33      0.58
97  0.32955248 0.097221009    0.12   0.29      0.59
98  0.19416526 0.136847222    0.14   0.40      0.46
99  0.64572765 0.102991046    0.10   0.23      0.67
100 0.28862668 0.084557403    0.18   0.32      0.50
