     prob.meio   prob.mito euploid mosaic aneuploid
1   0.47161487 0.122351309    0.09   0.29      0.62
2   0.49029019 0.038727269    0.28   0.17      0.55
3   0.37976444 0.085332816    0.13   0.39      0.48
4   0.29640260 0.041832153    0.35   0.25      0.40
5   0.23988111 0.067933491    0.29   0.42      0.29
6   0.43812329 0.059481608    0.33   0.20      0.47
7   0.47740662 0.157211154    0.07   0.30      0.63
8   0.35453425 0.156134673    0.04   0.34      0.62
9   0.31866638 0.110798541    0.19   0.34      0.47
10  0.44981562 0.019171412    0.37   0.13      0.50
11  0.01457290 0.249750617    0.01   0.34      0.65
12  0.26877770 0.145444624    0.05   0.42      0.53
13  0.22338990 0.157888270    0.04   0.40      0.56
14  0.05098049 0.176880661    0.04   0.42      0.54
15  0.03062564 0.173391545    0.08   0.39      0.53
16  0.37511087 0.166854179    0.01   0.32      0.67
17  0.25302896 0.053658050    0.36   0.34      0.30
18  0.45928617 0.028798020    0.33   0.19      0.48
19  0.22709197 0.057542470    0.36   0.33      0.31
20  0.34941823 0.116905426    0.05   0.28      0.67
21  0.20833314 0.130252363    0.09   0.43      0.48
22  0.64286258 0.055657567    0.23   0.17      0.60
23  0.27786634 0.167574921    0.03   0.35      0.62
24  0.24003032 0.069765351    0.30   0.35      0.35
25  0.60543230 0.036477645    0.22   0.17      0.61
26  0.34003315 0.141689251    0.06   0.38      0.56
27  0.34951413 0.185076795    0.02   0.34      0.64
28  0.25303002 0.200636873    0.01   0.36      0.63
29  0.02313129 0.200273583    0.03   0.40      0.57
30  0.26660950 0.003894338    0.70   0.03      0.27
31  0.15612059 0.102497254    0.16   0.43      0.41
32  0.59646896 0.102864987    0.09   0.21      0.70
33  0.39927173 0.021071472    0.35   0.19      0.46
34  0.05904867 0.212792926    0.00   0.40      0.60
35  0.20621090 0.120811312    0.17   0.41      0.42
36  0.35989159 0.040963977    0.39   0.21      0.40
37  0.37513784 0.015136904    0.45   0.09      0.46
38  0.17694603 0.170788539    0.06   0.44      0.50
39  0.52897194 0.017179054    0.29   0.12      0.59
40  0.18228066 0.038062291    0.42   0.28      0.30
41  0.45045886 0.082663235    0.17   0.34      0.49
42  0.14839694 0.035169413    0.47   0.33      0.20
43  0.28744403 0.169320383    0.04   0.42      0.54
44  0.44299430 0.047591199    0.28   0.17      0.55
45  0.30193837 0.169401984    0.05   0.37      0.58
46  0.51229815 0.027909605    0.25   0.14      0.61
47  0.11959872 0.177703471    0.04   0.41      0.55
48  0.42214923 0.130439533    0.09   0.28      0.63
49  0.42356344 0.139815004    0.05   0.32      0.63
50  0.04209328 0.231753655    0.01   0.32      0.67
51  0.44131048 0.121541207    0.09   0.27      0.64
52  0.47933533 0.150211851    0.06   0.30      0.64
53  0.56599219 0.025179588    0.36   0.09      0.55
54  0.48575014 0.117562644    0.08   0.27      0.65
55  0.41390864 0.035519517    0.37   0.20      0.43
56  0.13396855 0.137006771    0.10   0.40      0.50
57  0.23355540 0.181570311    0.02   0.36      0.62
58  0.38005151 0.034757492    0.43   0.13      0.44
59  0.18773526 0.117444758    0.10   0.43      0.47
60  0.26959197 0.107327286    0.08   0.39      0.53
61  0.38618158 0.026992835    0.42   0.17      0.41
62  0.46030699 0.018989805    0.35   0.16      0.49
63  0.17217070 0.169241647    0.05   0.37      0.58
64  0.56668003 0.068742324    0.16   0.23      0.61
65  0.21714571 0.099836070    0.10   0.39      0.51
66  0.22422977 0.083152595    0.23   0.41      0.36
67  0.61615071 0.049853899    0.25   0.14      0.61
68  0.45360645 0.091970384    0.15   0.28      0.57
69  0.44950749 0.017834587    0.41   0.15      0.44
70  0.58885766 0.046986107    0.17   0.22      0.61
71  0.27314156 0.113259322    0.14   0.43      0.43
72  0.35285304 0.004520405    0.61   0.06      0.33
73  0.15990801 0.028383440    0.53   0.28      0.19
74  0.22850014 0.150409013    0.07   0.45      0.48
75  0.26986755 0.152598079    0.06   0.28      0.66
76  0.21445763 0.095192280    0.16   0.42      0.42
77  0.25147716 0.010211248    0.58   0.16      0.26
78  0.21948004 0.088112511    0.18   0.33      0.49
79  0.07742720 0.211482125    0.04   0.43      0.53
80  0.23690542 0.153803787    0.06   0.42      0.52
81  0.52604003 0.130863267    0.06   0.26      0.68
82  0.24885068 0.179027488    0.05   0.39      0.56
83  0.16370718 0.221003749    0.00   0.40      0.60
84  0.57035679 0.031913417    0.34   0.13      0.53
85  0.23538680 0.057907593    0.25   0.38      0.37
86  0.26637852 0.048928314    0.39   0.31      0.30
87  0.33546535 0.041038314    0.40   0.27      0.33
88  0.54706080 0.045337385    0.20   0.20      0.60
89  0.26526932 0.239623426    0.01   0.35      0.64
90  0.15136535 0.170709057    0.05   0.41      0.54
91  0.03292682 0.171804604    0.03   0.39      0.58
92  0.41043653 0.167009090    0.04   0.29      0.67
93  0.28467704 0.196399240    0.02   0.38      0.60
94  0.37158251 0.045149482    0.34   0.28      0.38
95  0.18352889 0.147758918    0.07   0.45      0.48
96  0.30125305 0.143371774    0.04   0.41      0.55
97  0.20413272 0.134583534    0.11   0.40      0.49
98  0.11779901 0.205683055    0.02   0.39      0.59
99  0.36457662 0.028792250    0.31   0.17      0.52
100 0.57796370 0.052052156    0.13   0.28      0.59
