     prob.meio   prob.mito euploid mosaic aneuploid
1   0.19782978 0.041275830    0.44   0.33      0.23
2   0.38378138 0.066184375    0.33   0.32      0.35
3   0.23388941 0.031510632    0.48   0.25      0.27
4   0.35905654 0.078392471    0.24   0.24      0.52
5   0.31039725 0.151089191    0.08   0.31      0.61
6   0.45709882 0.116894246    0.07   0.31      0.62
7   0.26156676 0.017218805    0.65   0.11      0.24
8   0.57285973 0.096290140    0.10   0.20      0.70
9   0.15673275 0.051809246    0.40   0.32      0.28
10  0.31579901 0.133900471    0.08   0.41      0.51
11  0.33079523 0.035751313    0.39   0.21      0.40
12  0.18312702 0.211812305    0.03   0.35      0.62
13  0.19391039 0.014727516    0.66   0.14      0.20
14  0.14822268 0.225068285    0.01   0.35      0.64
15  0.39535999 0.172927874    0.04   0.28      0.68
16  0.53296616 0.101689655    0.13   0.26      0.61
17  0.27201764 0.001410483    0.76   0.01      0.23
18  0.43457946 0.180522913    0.02   0.34      0.64
19  0.61522279 0.001737590    0.36   0.01      0.63
20  0.44414121 0.131953913    0.10   0.24      0.66
21  0.64378441 0.088497822    0.07   0.22      0.71
22  0.23696310 0.161425418    0.04   0.41      0.55
23  0.50945778 0.074244277    0.20   0.22      0.58
24  0.25603781 0.163845873    0.07   0.31      0.62
25  0.31412669 0.028380337    0.45   0.17      0.38
26  0.40093163 0.113371292    0.05   0.34      0.61
27  0.22587051 0.116155646    0.18   0.40      0.42
28  0.07413754 0.036052952    0.48   0.32      0.20
29  0.11813153 0.208486772    0.00   0.44      0.56
30  0.43853540 0.068310676    0.18   0.32      0.50
31  0.51701545 0.058901138    0.23   0.17      0.60
32  0.61145629 0.034668912    0.25   0.09      0.66
33  0.45418765 0.175060355    0.07   0.23      0.70
34  0.19954891 0.037271713    0.40   0.33      0.27
35  0.30209494 0.048258239    0.29   0.33      0.38
36  0.27000874 0.040256898    0.34   0.28      0.38
37  0.57700982 0.066707360    0.17   0.22      0.61
38  0.11755235 0.132293917    0.08   0.41      0.51
39  0.24236256 0.014245871    0.64   0.15      0.21
40  0.42925154 0.009585291    0.48   0.07      0.45
41  0.47568012 0.097159594    0.09   0.28      0.63
42  0.37624941 0.148581042    0.05   0.30      0.65
43  0.42525203 0.127490486    0.04   0.36      0.60
44  0.28583310 0.003790469    0.76   0.07      0.17
45  0.53053496 0.026276020    0.28   0.15      0.57
46  0.69390539 0.067770339    0.13   0.17      0.70
47  0.53959994 0.041303869    0.22   0.19      0.59
48  0.34474767 0.064038644    0.24   0.40      0.36
49  0.11988647 0.080766156    0.28   0.39      0.33
50  0.03434038 0.053665301    0.40   0.38      0.22
51  0.20501078 0.222992984    0.01   0.35      0.64
52  0.41788130 0.048532132    0.37   0.20      0.43
53  0.16691875 0.204456939    0.00   0.37      0.63
54  0.08757650 0.142412148    0.09   0.45      0.46
55  0.51918012 0.104578459    0.07   0.28      0.65
56  0.18071290 0.255310939    0.00   0.36      0.64
57  0.29742760 0.211088094    0.02   0.29      0.69
58  0.49931488 0.147140058    0.11   0.23      0.66
59  0.25498731 0.063490379    0.27   0.40      0.33
60  0.19010401 0.098247850    0.25   0.40      0.35
61  0.15254969 0.050118319    0.31   0.41      0.28
62  0.08172983 0.207111807    0.01   0.42      0.57
63  0.06374988 0.106823646    0.19   0.44      0.37
64  0.46856516 0.097091364    0.10   0.25      0.65
65  0.72474354 0.064380699    0.19   0.18      0.63
66  0.26209445 0.043147192    0.33   0.33      0.34
67  0.60673436 0.005034410    0.39   0.02      0.59
68  0.15146044 0.210450934    0.02   0.31      0.67
69  0.47191282 0.011134404    0.47   0.06      0.47
70  0.42524478 0.027224204    0.39   0.14      0.47
71  0.62151333 0.025025709    0.24   0.13      0.63
72  0.42216222 0.113151201    0.13   0.24      0.63
73  0.32584639 0.106371266    0.15   0.37      0.48
74  0.42924200 0.167959908    0.02   0.34      0.64
75  0.39126022 0.143799476    0.04   0.32      0.64
76  0.31538045 0.049299916    0.31   0.29      0.40
77  0.19862075 0.197603415    0.08   0.33      0.59
78  0.26806581 0.058688434    0.29   0.37      0.34
79  0.14971883 0.068758669    0.36   0.33      0.31
80  0.16540398 0.189337146    0.02   0.33      0.65
81  0.23935883 0.157150598    0.08   0.33      0.59
82  0.28786728 0.215456091    0.00   0.32      0.68
83  0.55529867 0.064222829    0.18   0.29      0.53
84  0.51357660 0.090416291    0.12   0.28      0.60
85  0.16613470 0.045479840    0.41   0.27      0.32
86  0.13291823 0.102239750    0.18   0.45      0.37
87  0.34810051 0.223135057    0.01   0.32      0.67
88  0.55690523 0.114207003    0.10   0.28      0.62
89  0.42094769 0.141952633    0.13   0.31      0.56
90  0.24301448 0.209697102    0.00   0.32      0.68
91  0.52401022 0.110554309    0.09   0.21      0.70
92  0.07529785 0.194668876    0.03   0.44      0.53
93  0.59543633 0.039458588    0.33   0.10      0.57
94  0.41883840 0.166709719    0.01   0.32      0.67
95  0.53061572 0.079424446    0.15   0.23      0.62
96  0.20664291 0.248932180    0.00   0.35      0.65
97  0.41813368 0.115537689    0.07   0.27      0.66
98  0.24520020 0.187631087    0.02   0.35      0.63
99  0.26432682 0.089535425    0.21   0.44      0.35
100 0.60631462 0.031026057    0.20   0.19      0.61
