      prob.meio   prob.mito euploid mosaic aneuploid
1   0.508731709 0.127470384    0.09   0.23      0.68
2   0.251769179 0.020054103    0.54   0.22      0.24
3   0.093510887 0.054640020    0.44   0.41      0.15
4   0.137453594 0.175226967    0.06   0.47      0.47
5   0.554770787 0.010966015    0.36   0.06      0.58
6   0.051813426 0.130951210    0.18   0.47      0.35
7   0.572184152 0.077652672    0.12   0.17      0.71
8   0.250827964 0.055820663    0.41   0.28      0.31
9   0.376053803 0.038977508    0.31   0.24      0.45
10  0.477433980 0.115146593    0.11   0.23      0.66
11  0.765958911 0.002974984    0.22   0.04      0.74
12  0.301627151 0.083860657    0.20   0.37      0.43
13  0.570225714 0.124947574    0.06   0.32      0.62
14  0.808393320 0.002863127    0.24   0.01      0.75
15  0.105653485 0.162749787    0.07   0.45      0.48
16  0.672738414 0.033807392    0.19   0.13      0.68
17  0.609637671 0.119955617    0.09   0.24      0.67
18  0.488711775 0.080519229    0.13   0.25      0.62
19  0.523213839 0.038476194    0.21   0.17      0.62
20  0.457885386 0.126213614    0.05   0.27      0.68
21  0.589836804 0.005307799    0.33   0.04      0.63
22  0.156990615 0.090871015    0.14   0.45      0.41
23  0.288390239 0.018691055    0.44   0.21      0.35
24  0.177712179 0.086844813    0.27   0.34      0.39
25  0.486023881 0.010753353    0.45   0.08      0.47
26  0.077279386 0.120605841    0.16   0.50      0.34
27  0.139417427 0.050710061    0.31   0.41      0.28
28  0.710945332 0.055820743    0.11   0.18      0.71
29  0.163811474 0.094291467    0.21   0.47      0.32
30  0.324165919 0.105791439    0.14   0.32      0.54
31  0.368713925 0.160927126    0.05   0.32      0.63
32  0.664009295 0.026575883    0.16   0.08      0.76
33  0.431943153 0.051076717    0.29   0.27      0.44
34  0.148719068 0.135510741    0.13   0.42      0.45
35  0.189638638 0.017219644    0.68   0.17      0.15
36  0.038300186 0.020653553    0.66   0.25      0.09
37  0.323566453 0.020617743    0.46   0.21      0.33
38  0.457067049 0.175020929    0.08   0.26      0.66
39  0.252325233 0.040364285    0.45   0.25      0.30
40  0.742779196 0.030876519    0.16   0.10      0.74
41  0.379633178 0.066618496    0.28   0.29      0.43
42  0.121943161 0.025653949    0.56   0.28      0.16
43  0.011802711 0.102867691    0.17   0.54      0.29
44  0.420708939 0.087738215    0.10   0.31      0.59
45  0.444262141 0.062138662    0.24   0.27      0.49
46  0.002082013 0.178902495    0.04   0.40      0.56
47  0.007939940 0.038428496    0.52   0.38      0.10
48  0.176072991 0.132807909    0.07   0.39      0.54
49  0.252031020 0.174290238    0.04   0.36      0.60
50  0.326480955 0.140706900    0.07   0.29      0.64
51  0.475056781 0.101795604    0.07   0.28      0.65
52  0.062263301 0.019996399    0.63   0.28      0.09
53  0.201064116 0.027439217    0.50   0.28      0.22
54  0.232563324 0.077280605    0.21   0.32      0.47
55  0.670919187 0.078327666    0.14   0.17      0.69
56  0.723514366 0.043490659    0.15   0.11      0.74
57  0.237713676 0.010628204    0.60   0.14      0.26
58  0.135527531 0.135551444    0.09   0.37      0.54
59  0.627435742 0.010190067    0.31   0.06      0.63
60  0.643339939 0.088488820    0.08   0.27      0.65
61  0.209062419 0.131427039    0.09   0.35      0.56
62  0.092151468 0.070892164    0.30   0.48      0.22
63  0.493331399 0.118872939    0.09   0.29      0.62
64  0.734008157 0.034677458    0.18   0.09      0.73
65  0.550287373 0.169317716    0.06   0.24      0.70
66  0.519114748 0.139711946    0.05   0.28      0.67
67  0.567106197 0.026103241    0.32   0.13      0.55
68  0.468088156 0.024851499    0.35   0.17      0.48
69  0.445464722 0.141298927    0.08   0.24      0.68
70  0.074051328 0.098829221    0.25   0.46      0.29
71  0.211953081 0.079431891    0.25   0.40      0.35
72  0.238117535 0.076812322    0.25   0.44      0.31
73  0.687243633 0.008200159    0.21   0.03      0.76
74  0.503354661 0.017596656    0.33   0.09      0.58
75  0.151356769 0.124853420    0.12   0.48      0.40
76  0.281170611 0.171607576    0.05   0.40      0.55
77  0.481253278 0.125894171    0.09   0.28      0.63
78  0.466695777 0.021794023    0.41   0.17      0.42
79  0.250604481 0.056573572    0.29   0.29      0.42
80  0.294027087 0.062555395    0.29   0.37      0.34
81  0.403229219 0.055942520    0.25   0.25      0.50
82  0.223890941 0.200182621    0.05   0.42      0.53
83  0.322592009 0.113699417    0.18   0.34      0.48
84  0.143129905 0.019101045    0.62   0.16      0.22
85  0.574351069 0.118818089    0.07   0.27      0.66
86  0.024862215 0.162842809    0.08   0.44      0.48
87  0.611346073 0.023440369    0.22   0.09      0.69
88  0.455043133 0.125513261    0.09   0.35      0.56
89  0.161205263 0.047008933    0.48   0.27      0.25
90  0.088384364 0.078377292    0.36   0.39      0.25
91  0.264226643 0.133087937    0.10   0.33      0.57
92  0.695670323 0.122861711    0.08   0.21      0.71
93  0.325233532 0.145993370    0.05   0.35      0.60
94  0.362138765 0.016145799    0.44   0.19      0.37
95  0.433551157 0.030556976    0.34   0.19      0.47
96  0.016458274 0.060831309    0.41   0.43      0.16
97  0.201705316 0.102051084    0.21   0.41      0.38
98  0.640572501 0.007103771    0.25   0.06      0.69
99  0.518926563 0.063457367    0.21   0.22      0.57
100 0.739116308 0.020557911    0.21   0.04      0.75
