     prob.meio   prob.mito euploid mosaic aneuploid
1   0.41107642 0.123756276    0.06   0.24      0.70
2   0.11362492 0.132013302    0.12   0.40      0.48
3   0.15073766 0.134183868    0.11   0.40      0.49
4   0.39576569 0.137498042    0.06   0.30      0.64
5   0.20554299 0.033879506    0.49   0.23      0.28
6   0.63824348 0.095761962    0.15   0.16      0.69
7   0.20477701 0.246548861    0.01   0.33      0.66
8   0.31359354 0.208549324    0.02   0.30      0.68
9   0.59260373 0.030885297    0.15   0.17      0.68
10  0.21738691 0.145057046    0.06   0.40      0.54
11  0.46651234 0.082078114    0.25   0.29      0.46
12  0.54697018 0.012408807    0.29   0.12      0.59
13  0.44139003 0.051147921    0.23   0.30      0.47
14  0.34567608 0.062925195    0.29   0.34      0.37
15  0.35139766 0.087339534    0.11   0.37      0.52
16  0.49974726 0.015459438    0.43   0.05      0.52
17  0.03761233 0.240796462    0.00   0.39      0.61
18  0.44902224 0.034027385    0.31   0.18      0.51
19  0.44493435 0.081461774    0.16   0.26      0.58
20  0.28613476 0.032753117    0.49   0.16      0.35
21  0.20495331 0.220471623    0.00   0.34      0.66
22  0.44926429 0.171982551    0.05   0.29      0.66
23  0.39139856 0.054363770    0.28   0.32      0.40
24  0.60366258 0.032545253    0.23   0.23      0.54
25  0.23074325 0.041082636    0.41   0.32      0.27
26  0.15145742 0.201055039    0.04   0.36      0.60
27  0.47847317 0.053184964    0.16   0.25      0.59
28  0.29498636 0.101374054    0.11   0.41      0.48
29  0.44755547 0.107881428    0.08   0.28      0.64
30  0.51588601 0.088990631    0.12   0.21      0.67
31  0.29385399 0.113793080    0.10   0.44      0.46
32  0.53163514 0.060507506    0.20   0.14      0.66
33  0.30871583 0.022564551    0.51   0.14      0.35
34  0.69811979 0.013964925    0.27   0.06      0.67
35  0.42630022 0.160828564    0.06   0.28      0.66
36  0.55340816 0.110974592    0.10   0.26      0.64
37  0.28375197 0.084045538    0.19   0.39      0.42
38  0.42605973 0.003336720    0.54   0.02      0.44
39  0.53442040 0.070551470    0.16   0.31      0.53
40  0.57977671 0.069891839    0.14   0.18      0.68
41  0.16896572 0.008157399    0.75   0.03      0.22
42  0.13428540 0.227115103    0.01   0.33      0.66
43  0.25866400 0.016236345    0.58   0.15      0.27
44  0.31946788 0.029356355    0.47   0.20      0.33
45  0.08290143 0.162411426    0.06   0.44      0.50
46  0.57610066 0.092243221    0.14   0.30      0.56
47  0.30411380 0.125657127    0.08   0.32      0.60
48  0.09745501 0.127691047    0.14   0.46      0.40
49  0.35556794 0.147810990    0.04   0.33      0.63
50  0.25082029 0.023666277    0.42   0.25      0.33
51  0.52944369 0.125578253    0.12   0.21      0.67
52  0.14403947 0.182299623    0.02   0.37      0.61
53  0.09296481 0.217336351    0.01   0.36      0.63
54  0.32269977 0.090129586    0.12   0.40      0.48
55  0.35518614 0.040188190    0.38   0.27      0.35
56  0.67163193 0.057474666    0.21   0.15      0.64
57  0.20859908 0.131361739    0.13   0.37      0.50
58  0.63219964 0.092152753    0.09   0.23      0.68
59  0.39681332 0.028566857    0.43   0.18      0.39
60  0.57561240 0.086584323    0.13   0.20      0.67
61  0.26952391 0.013637257    0.62   0.09      0.29
62  0.16432479 0.154018720    0.05   0.37      0.58
63  0.24963886 0.066869248    0.35   0.30      0.35
64  0.36445901 0.035619486    0.35   0.25      0.40
65  0.33123712 0.086708727    0.16   0.40      0.44
66  0.29049171 0.041526908    0.37   0.28      0.35
67  0.14706861 0.164269144    0.08   0.38      0.54
68  0.29774054 0.120358544    0.12   0.43      0.45
69  0.14052821 0.174887516    0.04   0.45      0.51
70  0.57319929 0.001157763    0.41   0.01      0.58
71  0.20994087 0.015797093    0.65   0.07      0.28
72  0.62884013 0.081458996    0.09   0.25      0.66
73  0.43952772 0.098977558    0.14   0.30      0.56
74  0.16747823 0.144814014    0.05   0.41      0.54
75  0.19365006 0.024369526    0.49   0.27      0.24
76  0.57306547 0.043278582    0.24   0.13      0.63
77  0.14133301 0.197374840    0.03   0.41      0.56
78  0.18731716 0.124345942    0.09   0.45      0.46
79  0.08229691 0.184472505    0.04   0.41      0.55
80  0.27202097 0.019706272    0.53   0.11      0.36
81  0.39396111 0.158929636    0.03   0.30      0.67
82  0.24714591 0.173513082    0.06   0.33      0.61
83  0.25013948 0.147189044    0.05   0.28      0.67
84  0.50587540 0.020426944    0.32   0.17      0.51
85  0.14523336 0.216409322    0.01   0.32      0.67
86  0.14951224 0.223059602    0.02   0.33      0.65
87  0.35071224 0.198458398    0.04   0.31      0.65
88  0.67088574 0.015145864    0.24   0.10      0.66
89  0.21119719 0.069282839    0.22   0.41      0.37
90  0.19574380 0.047283769    0.37   0.30      0.33
91  0.25141582 0.121187939    0.16   0.37      0.47
92  0.33376301 0.013756558    0.51   0.07      0.42
93  0.18359226 0.020749393    0.59   0.21      0.20
94  0.08012400 0.244342041    0.00   0.40      0.60
95  0.45272856 0.140361377    0.08   0.28      0.64
96  0.37199940 0.002442404    0.54   0.05      0.41
97  0.25717131 0.189643805    0.02   0.33      0.65
98  0.17641407 0.100949115    0.21   0.40      0.39
99  0.43989758 0.010097502    0.49   0.07      0.44
100 0.09409903 0.192200138    0.05   0.39      0.56
