      prob.meio    prob.mito euploid mosaic aneuploid
1   0.362527256 0.1975350096    0.02   0.32      0.66
2   0.373472797 0.0298150824    0.36   0.21      0.43
3   0.366712294 0.0846556195    0.16   0.39      0.45
4   0.490559240 0.1044215015    0.14   0.26      0.60
5   0.463912161 0.1299627698    0.09   0.32      0.59
6   0.564374190 0.1050146522    0.07   0.22      0.71
7   0.517722815 0.1113567788    0.04   0.34      0.62
8   0.012473759 0.2246843721    0.00   0.39      0.61
9   0.578592719 0.0702101863    0.17   0.16      0.67
10  0.104151517 0.2449124602    0.02   0.34      0.64
11  0.631361634 0.1071004181    0.13   0.17      0.70
12  0.121001576 0.2771450162    0.00   0.33      0.67
13  0.376977363 0.0372136761    0.31   0.29      0.40
14  0.333906615 0.1986401409    0.01   0.32      0.67
15  0.234806377 0.0829240493    0.19   0.42      0.39
16  0.218938770 0.1424617860    0.04   0.39      0.57
17  0.400173073 0.0265332276    0.33   0.13      0.54
18  0.383633093 0.1537394002    0.04   0.32      0.64
19  0.430500117 0.1354586098    0.08   0.34      0.58
20  0.532102761 0.0236955613    0.36   0.11      0.53
21  0.190211997 0.2263516670    0.00   0.35      0.65
22  0.682497334 0.0517659159    0.24   0.13      0.63
23  0.328943927 0.0834498245    0.20   0.32      0.48
24  0.296554307 0.1633267617    0.05   0.31      0.64
25  0.598640202 0.0051084189    0.36   0.06      0.58
26  0.292962680 0.0139528471    0.52   0.12      0.36
27  0.563949788 0.1516187529    0.03   0.31      0.66
28  0.727186275 0.0848519809    0.14   0.15      0.71
29  0.357932646 0.1564040049    0.03   0.38      0.59
30  0.033397824 0.2060403682    0.03   0.35      0.62
31  0.636194496 0.0850210183    0.13   0.23      0.64
32  0.484795183 0.1263800065    0.08   0.28      0.64
33  0.345946688 0.0994388550    0.08   0.35      0.57
34  0.185799266 0.1426363327    0.07   0.47      0.46
35  0.027519647 0.1588326439    0.06   0.46      0.48
36  0.486548833 0.1215310963    0.08   0.24      0.68
37  0.202148790 0.2126018154    0.01   0.41      0.58
38  0.251396034 0.1420089900    0.05   0.44      0.51
39  0.050436961 0.2433589557    0.01   0.42      0.57
40  0.323360867 0.1082616439    0.15   0.24      0.61
41  0.347468091 0.0229883830    0.50   0.16      0.34
42  0.531571401 0.0928416408    0.12   0.32      0.56
43  0.663739989 0.0936425561    0.15   0.19      0.66
44  0.280109697 0.2048520390    0.01   0.32      0.67
45  0.454759318 0.0430435170    0.22   0.22      0.56
46  0.092940543 0.0977565730    0.22   0.44      0.34
47  0.262365670 0.2274864931    0.03   0.27      0.70
48  0.111974048 0.1716867771    0.04   0.37      0.59
49  0.551286066 0.0874594699    0.15   0.21      0.64
50  0.522802596 0.1392816619    0.05   0.28      0.67
51  0.421351862 0.0810817359    0.18   0.32      0.50
52  0.270709311 0.0447750587    0.34   0.33      0.33
53  0.199621933 0.0193357926    0.64   0.15      0.21
54  0.149470863 0.2606111746    0.01   0.35      0.64
55  0.137591470 0.1699130915    0.03   0.40      0.57
56  0.270998315 0.1259292434    0.11   0.41      0.48
57  0.071154869 0.2285955930    0.01   0.43      0.56
58  0.157892884 0.1820936019    0.02   0.38      0.60
59  0.026422829 0.1643723797    0.09   0.46      0.45
60  0.618233919 0.0913646705    0.06   0.24      0.70
61  0.601963266 0.0009333142    0.38   0.01      0.61
62  0.546812655 0.0177784432    0.32   0.10      0.58
63  0.005799082 0.1972546438    0.03   0.40      0.57
64  0.273362944 0.1964299423    0.03   0.29      0.68
65  0.504870228 0.0567180316    0.20   0.23      0.57
66  0.653448783 0.0232247622    0.24   0.11      0.65
67  0.634196484 0.0013065157    0.38   0.01      0.61
68  0.498212217 0.0907038394    0.15   0.26      0.59
69  0.621071999 0.0882174522    0.12   0.22      0.66
70  0.008710717 0.2599327625    0.00   0.37      0.63
71  0.277763135 0.1277970036    0.11   0.41      0.48
72  0.677572353 0.0382780053    0.21   0.10      0.69
73  0.311016853 0.1756919515    0.04   0.38      0.58
74  0.354863050 0.0072897808    0.58   0.10      0.32
75  0.203640471 0.2005451608    0.03   0.38      0.59
76  0.130775880 0.1324645476    0.10   0.44      0.46
77  0.435941784 0.0498814823    0.18   0.25      0.57
78  0.323419037 0.1405885129    0.09   0.37      0.54
79  0.138037045 0.1308183931    0.11   0.41      0.48
80  0.017200818 0.2163236844    0.00   0.43      0.57
81  0.089873577 0.1736440347    0.07   0.46      0.47
82  0.268202523 0.0927065068    0.14   0.34      0.52
83  0.008688584 0.2160994897    0.01   0.40      0.59
84  0.257695275 0.0801877840    0.28   0.31      0.41
85  0.478005566 0.1326678602    0.07   0.30      0.63
86  0.471430133 0.1265552843    0.04   0.34      0.62
87  0.279292540 0.0841138053    0.26   0.29      0.45
88  0.225817771 0.0757878067    0.20   0.38      0.42
89  0.526048259 0.0596390998    0.23   0.25      0.52
90  0.162505933 0.1340303654    0.07   0.45      0.48
91  0.661850825 0.1350805133    0.04   0.28      0.68
92  0.134397480 0.0416580753    0.36   0.40      0.24
93  0.409451012 0.0729195259    0.16   0.26      0.58
94  0.257745821 0.0151673744    0.59   0.13      0.28
95  0.504561861 0.0162697397    0.37   0.06      0.57
96  0.441237802 0.0010656223    0.44   0.03      0.53
97  0.389518012 0.0225750895    0.41   0.17      0.42
98  0.758317909 0.0605485537    0.15   0.16      0.69
99  0.288290221 0.0554459379    0.35   0.29      0.36
100 0.274950801 0.1020925473    0.13   0.33      0.54
