     prob.meio    prob.mito euploid mosaic aneuploid
1   0.34922400 0.2108973640    0.04   0.33      0.63
2   0.71857379 0.0287578867    0.19   0.11      0.70
3   0.14917211 0.1804262956    0.01   0.41      0.58
4   0.13281865 0.2015356508    0.03   0.34      0.63
5   0.43325771 0.0713431160    0.20   0.29      0.51
6   0.33076386 0.0501415769    0.34   0.32      0.34
7   0.21755390 0.0810004736    0.27   0.37      0.36
8   0.05649371 0.1680896825    0.06   0.46      0.48
9   0.43766827 0.0242861749    0.42   0.17      0.41
10  0.28619608 0.0534563153    0.42   0.23      0.35
11  0.33300886 0.1339958734    0.09   0.32      0.59
12  0.10721217 0.1952644784    0.04   0.39      0.57
13  0.21414854 0.0131788983    0.61   0.11      0.28
14  0.32132361 0.2129522159    0.02   0.29      0.69
15  0.50889815 0.0626084581    0.23   0.17      0.60
16  0.46184902 0.2250264811    0.01   0.32      0.67
17  0.28228977 0.0154431595    0.59   0.08      0.33
18  0.16200874 0.2248471722    0.02   0.31      0.67
19  0.45346215 0.1219884516    0.07   0.25      0.68
20  0.43512785 0.1561160961    0.06   0.23      0.71
21  0.68549582 0.0123669151    0.30   0.05      0.65
22  0.22706714 0.0567283111    0.34   0.31      0.35
23  0.09516778 0.1213785689    0.15   0.47      0.38
24  0.29492148 0.1007447033    0.13   0.43      0.44
25  0.37050080 0.0129442560    0.56   0.10      0.34
26  0.15517828 0.1072777554    0.14   0.47      0.39
27  0.47004111 0.0525897061    0.23   0.20      0.57
28  0.50787128 0.1777389536    0.03   0.32      0.65
29  0.29677314 0.1083567045    0.13   0.30      0.57
30  0.60201939 0.0038866084    0.37   0.01      0.62
31  0.29521382 0.1426819579    0.07   0.33      0.60
32  0.46924255 0.0150327918    0.41   0.13      0.46
33  0.19016707 0.1741167568    0.04   0.45      0.51
34  0.16879918 0.2442590459    0.00   0.32      0.68
35  0.41391911 0.0091523193    0.57   0.06      0.37
36  0.39452328 0.0069269680    0.52   0.11      0.37
37  0.70810923 0.0396113007    0.23   0.15      0.62
38  0.15090355 0.1593672279    0.04   0.41      0.55
39  0.25836319 0.1200898627    0.08   0.36      0.56
40  0.21468016 0.0216203029    0.58   0.17      0.25
41  0.02551499 0.2573279615    0.00   0.37      0.63
42  0.08244733 0.2200796520    0.03   0.38      0.59
43  0.28034896 0.1961639186    0.04   0.27      0.69
44  0.26989249 0.0006675753    0.74   0.00      0.26
45  0.49413422 0.0553342886    0.23   0.24      0.53
46  0.16035138 0.0993311075    0.18   0.40      0.42
47  0.19001212 0.0033083647    0.69   0.05      0.26
48  0.27937577 0.1705723188    0.04   0.38      0.58
49  0.17722553 0.1940509721    0.02   0.40      0.58
50  0.42619004 0.0204489911    0.41   0.15      0.44
51  0.58621335 0.0762371863    0.14   0.16      0.70
52  0.12683331 0.0696512193    0.29   0.43      0.28
53  0.36487138 0.1716173254    0.02   0.32      0.66
54  0.16322466 0.2247521365    0.02   0.31      0.67
55  0.27451036 0.0050212997    0.61   0.03      0.36
56  0.28387138 0.0995321814    0.12   0.35      0.53
57  0.31918973 0.0513072638    0.33   0.25      0.42
58  0.12498453 0.1277813010    0.11   0.42      0.47
59  0.44473297 0.0351193389    0.29   0.19      0.52
60  0.16704082 0.1101476725    0.17   0.36      0.47
61  0.07692862 0.1031119777    0.18   0.40      0.42
62  0.03862781 0.1618381543    0.10   0.46      0.44
63  0.18359832 0.1873211002    0.02   0.38      0.60
64  0.58551296 0.1350649428    0.06   0.23      0.71
65  0.41142493 0.0982316677    0.13   0.27      0.60
66  0.22448585 0.1593161034    0.08   0.31      0.61
67  0.17766838 0.1625387692    0.03   0.41      0.56
68  0.14973822 0.2359435002    0.01   0.32      0.67
69  0.48325222 0.1498059160    0.07   0.28      0.65
70  0.56787789 0.0138792547    0.35   0.08      0.57
71  0.33616079 0.1279134545    0.11   0.31      0.58
72  0.61695054 0.0412341820    0.20   0.16      0.64
73  0.22309989 0.1876515385    0.01   0.42      0.57
74  0.48509290 0.0531526029    0.22   0.23      0.55
75  0.16597686 0.2242789443    0.00   0.35      0.65
76  0.55838558 0.0818574086    0.12   0.21      0.67
77  0.01454978 0.0942321147    0.28   0.43      0.29
78  0.20307775 0.1737850688    0.01   0.34      0.65
79  0.56491379 0.1178158908    0.09   0.23      0.68
80  0.40319121 0.0618063738    0.30   0.30      0.40
81  0.37063561 0.0223724737    0.41   0.18      0.41
82  0.27120961 0.1903911105    0.01   0.38      0.61
83  0.07985944 0.1839072963    0.04   0.44      0.52
84  0.10441355 0.1758776491    0.08   0.35      0.57
85  0.20331589 0.0243919720    0.54   0.19      0.27
86  0.08020678 0.0430039102    0.45   0.34      0.21
87  0.33975276 0.0023780651    0.58   0.01      0.41
88  0.39067408 0.1730306782    0.05   0.32      0.63
89  0.50062388 0.1281507860    0.09   0.29      0.62
90  0.09008133 0.1611136810    0.07   0.42      0.51
91  0.11229343 0.1075644691    0.13   0.44      0.43
92  0.65589123 0.0435887356    0.19   0.21      0.60
93  0.26907948 0.0083594967    0.64   0.10      0.26
94  0.24396095 0.0108434218    0.64   0.09      0.27
95  0.37415114 0.1750550934    0.02   0.34      0.64
96  0.15172941 0.1468199657    0.06   0.47      0.47
97  0.37348162 0.1183192974    0.09   0.41      0.50
98  0.65735260 0.0367392779    0.24   0.10      0.66
99  0.12373233 0.2068880673    0.01   0.40      0.59
100 0.33778765 0.0978333531    0.16   0.32      0.52
