      prob.meio   prob.mito euploid mosaic aneuploid
1   0.376227145 0.100325842    0.14   0.31      0.55
2   0.392169194 0.038983687    0.26   0.21      0.53
3   0.247226584 0.096399786    0.13   0.45      0.42
4   0.268262899 0.091838032    0.17   0.35      0.48
5   0.172950622 0.094872800    0.12   0.44      0.44
6   0.490533440 0.154499829    0.04   0.39      0.57
7   0.236332588 0.053821386    0.37   0.32      0.31
8   0.243247796 0.008875342    0.61   0.10      0.29
9   0.366687658 0.100461050    0.17   0.36      0.47
10  0.260980168 0.258280223    0.02   0.32      0.66
11  0.282074502 0.053578940    0.31   0.26      0.43
12  0.187912725 0.228027357    0.02   0.30      0.68
13  0.344676176 0.220970603    0.01   0.34      0.65
14  0.121763262 0.075412805    0.30   0.42      0.28
15  0.101745476 0.118833866    0.14   0.44      0.42
16  0.319317519 0.085995822    0.22   0.39      0.39
17  0.388523001 0.051678437    0.22   0.30      0.48
18  0.135713856 0.210322999    0.00   0.35      0.65
19  0.534572977 0.022385746    0.30   0.15      0.55
20  0.303388700 0.038238282    0.39   0.19      0.42
21  0.354364532 0.085118796    0.09   0.41      0.50
22  0.253716565 0.136650274    0.10   0.46      0.44
23  0.468785556 0.049190125    0.21   0.20      0.59
24  0.512301458 0.022173162    0.39   0.12      0.49
25  0.323463362 0.033047063    0.37   0.27      0.36
26  0.005583614 0.209391013    0.00   0.42      0.58
27  0.453122618 0.093784814    0.18   0.25      0.57
28  0.522351830 0.057660074    0.18   0.25      0.57
29  0.207780585 0.145785626    0.08   0.40      0.52
30  0.374572094 0.052812384    0.32   0.21      0.47
31  0.026414317 0.266212059    0.02   0.30      0.68
32  0.234762009 0.148687257    0.06   0.37      0.57
33  0.278308067 0.220873155    0.02   0.30      0.68
34  0.083911444 0.238986155    0.01   0.33      0.66
35  0.414029326 0.196390635    0.01   0.36      0.63
36  0.640638080 0.115143282    0.09   0.28      0.63
37  0.321487272 0.065618147    0.30   0.28      0.42
38  0.175579064 0.087845541    0.20   0.45      0.35
39  0.061829355 0.236623112    0.02   0.39      0.59
40  0.509821089 0.099417840    0.10   0.27      0.63
41  0.340371965 0.038552869    0.36   0.30      0.34
42  0.470783620 0.018173851    0.43   0.12      0.45
43  0.552972805 0.117015721    0.10   0.27      0.63
44  0.140442915 0.161464746    0.05   0.39      0.56
45  0.044495573 0.280199774    0.00   0.35      0.65
46  0.523486273 0.137863261    0.07   0.33      0.60
47  0.288453025 0.009643301    0.58   0.09      0.33
48  0.568946128 0.049626907    0.28   0.11      0.61
49  0.207558090 0.122661300    0.12   0.42      0.46
50  0.313880514 0.130544502    0.09   0.37      0.54
51  0.253788281 0.160921849    0.06   0.41      0.53
52  0.650675236 0.074381582    0.11   0.19      0.70
53  0.511319660 0.108013134    0.10   0.25      0.65
54  0.438068392 0.034220256    0.29   0.18      0.53
55  0.169152539 0.106609941    0.15   0.38      0.47
56  0.267188900 0.138332161    0.05   0.41      0.54
57  0.413032315 0.046451845    0.24   0.22      0.54
58  0.457802402 0.026252615    0.34   0.12      0.54
59  0.331624641 0.071996466    0.24   0.29      0.47
60  0.150972111 0.164627425    0.04   0.39      0.57
61  0.104980220 0.178543520    0.03   0.39      0.58
62  0.084773878 0.193135541    0.04   0.36      0.60
63  0.299517274 0.101445849    0.13   0.35      0.52
64  0.652926782 0.012484947    0.28   0.09      0.63
65  0.563066800 0.091539527    0.12   0.19      0.69
66  0.391510615 0.105919003    0.12   0.25      0.63
67  0.026727014 0.174836336    0.03   0.40      0.57
68  0.077101639 0.108042647    0.16   0.46      0.38
69  0.577565072 0.012040502    0.31   0.08      0.61
70  0.300314304 0.151127911    0.06   0.36      0.58
71  0.332203369 0.004829613    0.65   0.02      0.33
72  0.379251686 0.145651282    0.06   0.27      0.67
73  0.298732476 0.080565901    0.18   0.44      0.38
74  0.223190065 0.063058416    0.26   0.40      0.34
75  0.554714291 0.060812822    0.16   0.25      0.59
76  0.104820851 0.187310385    0.02   0.36      0.62
77  0.596408320 0.099210795    0.13   0.23      0.64
78  0.588157043 0.060973020    0.16   0.20      0.64
79  0.666964188 0.021163657    0.26   0.09      0.65
80  0.115313887 0.161399506    0.08   0.41      0.51
81  0.439038005 0.015112509    0.48   0.14      0.38
82  0.054315334 0.233128916    0.01   0.36      0.63
83  0.248411191 0.021567014    0.52   0.24      0.24
84  0.182916751 0.101775474    0.21   0.37      0.42
85  0.379525212 0.184722870    0.04   0.29      0.67
86  0.473502158 0.084510362    0.15   0.30      0.55
87  0.319122913 0.134095050    0.11   0.34      0.55
88  0.503584729 0.078039903    0.10   0.25      0.65
89  0.047351925 0.147293832    0.07   0.45      0.48
90  0.083940465 0.241290963    0.00   0.34      0.66
91  0.327574037 0.134237275    0.12   0.31      0.57
92  0.086334572 0.185323584    0.06   0.39      0.55
93  0.247157753 0.048465533    0.32   0.27      0.41
94  0.554248249 0.001622718    0.42   0.02      0.56
95  0.381645259 0.104270854    0.13   0.27      0.60
96  0.383889447 0.187307641    0.03   0.43      0.54
97  0.359952273 0.130663673    0.12   0.36      0.52
98  0.492658532 0.136308112    0.08   0.27      0.65
99  0.267510104 0.198679178    0.04   0.37      0.59
100 0.413063896 0.149959733    0.08   0.33      0.59
