     prob.meio    prob.mito euploid mosaic aneuploid
1   0.27912246 0.0155500039    0.63   0.15      0.22
2   0.20367588 0.1495777597    0.05   0.40      0.55
3   0.43183030 0.0926284229    0.13   0.27      0.60
4   0.55339995 0.1006048003    0.07   0.26      0.67
5   0.48669748 0.0175192708    0.29   0.14      0.57
6   0.60895794 0.0005848666    0.35   0.00      0.65
7   0.66177434 0.0408292885    0.15   0.15      0.70
8   0.18027877 0.0915536489    0.24   0.37      0.39
9   0.35602427 0.0195380591    0.39   0.10      0.51
10  0.45768695 0.0025641860    0.51   0.04      0.45
11  0.32624909 0.0618398874    0.23   0.26      0.51
12  0.48991903 0.0505687830    0.22   0.24      0.54
13  0.60200651 0.0421198574    0.20   0.13      0.67
14  0.29102063 0.1795918064    0.05   0.36      0.59
15  0.03020726 0.0721131160    0.39   0.41      0.20
16  0.09747957 0.0209587191    0.64   0.23      0.13
17  0.42072344 0.0788378029    0.18   0.30      0.52
18  0.47384997 0.0443481684    0.27   0.21      0.52
19  0.53299141 0.0727097520    0.21   0.26      0.53
20  0.28835678 0.0397211516    0.39   0.24      0.37
21  0.65619059 0.0403243133    0.25   0.17      0.58
22  0.09036140 0.0691232514    0.31   0.44      0.25
23  0.10451118 0.0509510532    0.45   0.33      0.22
24  0.42328647 0.0695343339    0.19   0.33      0.48
25  0.66377212 0.0119398138    0.37   0.10      0.53
26  0.06018239 0.1189504247    0.13   0.46      0.41
27  0.01547778 0.1255689114    0.12   0.51      0.37
28  0.41019261 0.1296802207    0.08   0.28      0.64
29  0.51478636 0.0428567366    0.26   0.16      0.58
30  0.53498559 0.0767338939    0.15   0.22      0.63
31  0.32908083 0.1245113467    0.09   0.30      0.61
32  0.24348952 0.1653191885    0.06   0.36      0.58
33  0.29861640 0.0265403173    0.53   0.16      0.31
34  0.20038959 0.1255347438    0.13   0.46      0.41
35  0.21394315 0.0879913387    0.24   0.38      0.38
36  0.53996046 0.0671995475    0.16   0.21      0.63
37  0.16551213 0.0754412480    0.22   0.46      0.32
38  0.18693789 0.0152075526    0.61   0.20      0.19
39  0.66446352 0.0508295379    0.18   0.20      0.62
40  0.34075948 0.1093274562    0.15   0.39      0.46
41  0.66878731 0.0283015904    0.29   0.10      0.61
42  0.54183722 0.0969276379    0.12   0.27      0.61
43  0.60327685 0.0439191086    0.21   0.11      0.68
44  0.51661382 0.0607046678    0.21   0.20      0.59
45  0.71532059 0.0229921008    0.17   0.07      0.76
46  0.38470771 0.1079080403    0.11   0.35      0.54
47  0.21901566 0.1270443744    0.08   0.39      0.53
48  0.42757941 0.0468814292    0.24   0.18      0.58
49  0.10270288 0.1146949511    0.14   0.49      0.37
50  0.18242655 0.1262737005    0.11   0.45      0.44
51  0.23798247 0.1109719505    0.14   0.35      0.51
52  0.58851771 0.1132793359    0.07   0.25      0.68
53  0.41744742 0.1257697730    0.09   0.26      0.65
54  0.45538683 0.0657301655    0.27   0.27      0.46
55  0.52667280 0.0416792035    0.19   0.17      0.64
56  0.34618040 0.0446136564    0.37   0.22      0.41
57  0.34148026 0.1118099443    0.12   0.35      0.53
58  0.38023119 0.0956538685    0.18   0.33      0.49
59  0.41201995 0.0124467842    0.52   0.09      0.39
60  0.28427941 0.1232586058    0.12   0.30      0.58
61  0.43893029 0.1505179419    0.11   0.21      0.68
62  0.15888063 0.0285485585    0.60   0.20      0.20
63  0.05241853 0.0252454341    0.65   0.23      0.12
64  0.58656016 0.0799062815    0.17   0.20      0.63
65  0.39960932 0.1405430671    0.10   0.26      0.64
66  0.26244003 0.0261444380    0.43   0.28      0.29
67  0.55038403 0.0432247506    0.21   0.26      0.53
68  0.63523147 0.0230060173    0.28   0.08      0.64
69  0.37969423 0.0059856018    0.58   0.05      0.37
70  0.50241359 0.0734352702    0.16   0.20      0.64
71  0.29235492 0.1365929921    0.07   0.31      0.62
72  0.57663495 0.0205575789    0.32   0.11      0.57
73  0.30803370 0.1357621530    0.09   0.36      0.55
74  0.34407849 0.1053787433    0.11   0.30      0.59
75  0.20617215 0.0653113320    0.30   0.40      0.30
76  0.23491300 0.1555044951    0.07   0.37      0.56
77  0.30379282 0.0134525597    0.59   0.12      0.29
78  0.12327120 0.1470752158    0.09   0.40      0.51
79  0.23943887 0.0331440272    0.43   0.27      0.30
80  0.27877789 0.1207424623    0.12   0.36      0.52
81  0.25803210 0.1276476288    0.11   0.37      0.52
82  0.03328366 0.1098532658    0.17   0.53      0.30
83  0.56488044 0.1569573916    0.06   0.29      0.65
84  0.39126066 0.0597516147    0.22   0.32      0.46
85  0.36763429 0.1421381184    0.06   0.38      0.56
86  0.09752243 0.0646940849    0.33   0.47      0.20
87  0.06852687 0.0322582829    0.55   0.28      0.17
88  0.15335799 0.0653533982    0.29   0.46      0.25
89  0.11017014 0.0835649357    0.28   0.49      0.23
90  0.04860812 0.1073268943    0.16   0.48      0.36
91  0.43089545 0.1066021686    0.13   0.31      0.56
92  0.14437532 0.0581764097    0.20   0.47      0.33
93  0.36557402 0.1268534998    0.06   0.30      0.64
94  0.56632610 0.0006925853    0.38   0.00      0.62
95  0.35583626 0.1377229758    0.06   0.34      0.60
96  0.63540141 0.0566647649    0.13   0.14      0.73
97  0.36190767 0.0810426951    0.23   0.22      0.55
98  0.55351750 0.0072178899    0.38   0.05      0.57
99  0.48179871 0.0304006943    0.28   0.17      0.55
100 0.27566690 0.0323008595    0.44   0.23      0.33
