      prob.meio   prob.mito euploid mosaic aneuploid
1   0.104387339 0.179032889    0.02   0.38      0.60
2   0.438899712 0.018512829    0.35   0.17      0.48
3   0.199051083 0.155945222    0.06   0.39      0.55
4   0.042710897 0.181068418    0.07   0.43      0.50
5   0.333411247 0.146413013    0.07   0.34      0.59
6   0.266122986 0.040969703    0.38   0.30      0.32
7   0.113940680 0.227139577    0.01   0.34      0.65
8   0.001827396 0.108201146    0.25   0.55      0.20
9   0.078032478 0.131439295    0.12   0.48      0.40
10  0.158283310 0.117068412    0.16   0.40      0.44
11  0.139388886 0.231599213    0.00   0.42      0.58
12  0.284140459 0.105425194    0.08   0.46      0.46
13  0.250987113 0.028452038    0.44   0.20      0.36
14  0.631227668 0.046873965    0.22   0.21      0.57
15  0.293412760 0.151357340    0.09   0.41      0.50
16  0.445415821 0.046202320    0.31   0.22      0.47
17  0.202376644 0.113362518    0.16   0.42      0.42
18  0.138338913 0.174000977    0.05   0.38      0.57
19  0.612897461 0.064967226    0.14   0.25      0.61
20  0.079880104 0.193601098    0.04   0.37      0.59
21  0.163624110 0.050396438    0.39   0.40      0.21
22  0.569737691 0.030064040    0.29   0.18      0.53
23  0.255501259 0.117290843    0.09   0.35      0.56
24  0.174605394 0.205160087    0.02   0.34      0.64
25  0.345318676 0.003867056    0.62   0.08      0.30
26  0.373313591 0.146046688    0.06   0.36      0.58
27  0.486887389 0.099955682    0.13   0.31      0.56
28  0.161471061 0.047548181    0.47   0.27      0.26
29  0.049826018 0.089217036    0.28   0.49      0.23
30  0.395921346 0.136337135    0.08   0.29      0.63
31  0.125240671 0.162662977    0.04   0.45      0.51
32  0.532232980 0.041694390    0.26   0.15      0.59
33  0.306458716 0.067007616    0.27   0.33      0.40
34  0.002441564 0.097869641    0.22   0.53      0.25
35  0.332993925 0.067725494    0.24   0.31      0.45
36  0.034098590 0.205598425    0.04   0.45      0.51
37  0.373826486 0.026944535    0.39   0.15      0.46
38  0.378017987 0.063895165    0.17   0.30      0.53
39  0.040475481 0.201705717    0.03   0.48      0.49
40  0.122886839 0.149673074    0.10   0.47      0.43
41  0.475721913 0.103954448    0.15   0.35      0.50
42  0.339859388 0.072435353    0.25   0.34      0.41
43  0.301693268 0.013472412    0.50   0.12      0.38
44  0.328738109 0.025419811    0.55   0.19      0.26
45  0.175178927 0.140019779    0.12   0.37      0.51
46  0.239290837 0.178523788    0.02   0.35      0.63
47  0.172005930 0.138572918    0.07   0.52      0.41
48  0.630079108 0.020081751    0.28   0.08      0.64
49  0.378062507 0.117851827    0.11   0.31      0.58
50  0.359628257 0.017996956    0.61   0.09      0.30
51  0.366584312 0.132651526    0.10   0.25      0.65
52  0.025593715 0.150602291    0.09   0.47      0.44
53  0.272120693 0.081748628    0.29   0.39      0.32
54  0.019962967 0.075330121    0.33   0.45      0.22
55  0.051312915 0.132445470    0.14   0.49      0.37
56  0.518156235 0.018079589    0.40   0.11      0.49
57  0.660110305 0.005021080    0.36   0.07      0.57
58  0.206858618 0.211439945    0.01   0.43      0.56
59  0.243656914 0.121711973    0.08   0.45      0.47
60  0.513832473 0.081681579    0.12   0.26      0.62
61  0.181247820 0.004458160    0.73   0.04      0.23
62  0.141170402 0.189169559    0.05   0.36      0.59
63  0.148476855 0.216429690    0.00   0.35      0.65
64  0.436282621 0.038661426    0.37   0.24      0.39
65  0.512967868 0.060931109    0.22   0.21      0.57
66  0.112674412 0.152380010    0.03   0.48      0.49
67  0.046543551 0.173934332    0.01   0.42      0.57
68  0.432722125 0.073101848    0.19   0.28      0.53
69  0.004027893 0.162759589    0.07   0.57      0.36
70  0.049333381 0.125741447    0.22   0.49      0.29
71  0.550650560 0.044114013    0.27   0.12      0.61
72  0.460105095 0.057872256    0.19   0.25      0.56
73  0.422655182 0.073066561    0.23   0.36      0.41
74  0.318078447 0.154908331    0.06   0.32      0.62
75  0.275995301 0.165326921    0.06   0.32      0.62
76  0.037530893 0.106738310    0.16   0.59      0.25
77  0.540473265 0.017696938    0.28   0.16      0.56
78  0.493741551 0.015099222    0.37   0.13      0.50
79  0.069315914 0.055723472    0.43   0.36      0.21
80  0.000629294 0.109004378    0.19   0.43      0.38
81  0.231375497 0.112170175    0.11   0.43      0.46
82  0.381890049 0.060836208    0.27   0.30      0.43
83  0.110248856 0.256767153    0.00   0.37      0.63
84  0.240865943 0.025977854    0.48   0.23      0.29
85  0.399291284 0.137698326    0.06   0.39      0.55
86  0.290169924 0.169867589    0.04   0.37      0.59
87  0.479896222 0.072623227    0.17   0.19      0.64
88  0.409795929 0.116941158    0.12   0.27      0.61
89  0.345866852 0.015899415    0.57   0.11      0.32
90  0.368392147 0.160132370    0.06   0.39      0.55
91  0.416056457 0.126465750    0.09   0.25      0.66
92  0.004871213 0.163671368    0.05   0.51      0.44
93  0.028220631 0.187561683    0.02   0.41      0.57
94  0.331945952 0.172903793    0.04   0.39      0.57
95  0.317133143 0.036307904    0.35   0.22      0.43
96  0.076147595 0.180823356    0.02   0.40      0.58
97  0.116355932 0.136103182    0.06   0.54      0.40
98  0.147226136 0.066727086    0.39   0.39      0.22
99  0.163072220 0.065120244    0.35   0.42      0.23
100 0.388617580 0.139293012    0.09   0.25      0.66
