      prob.meio   prob.mito euploid mosaic aneuploid
1   0.412744361 0.165849539    0.02   0.32      0.66
2   0.255769877 0.017038517    0.58   0.17      0.25
3   0.207082198 0.165887853    0.07   0.42      0.51
4   0.442307360 0.009431171    0.45   0.07      0.48
5   0.184923688 0.200097131    0.01   0.38      0.61
6   0.415054377 0.176410479    0.00   0.33      0.67
7   0.068421183 0.234476809    0.03   0.36      0.61
8   0.656164403 0.021116653    0.20   0.12      0.68
9   0.444424748 0.119596611    0.07   0.35      0.58
10  0.124387718 0.026818083    0.68   0.16      0.16
11  0.650094772 0.069573232    0.11   0.27      0.62
12  0.397090165 0.037558481    0.40   0.15      0.45
13  0.032986479 0.103531883    0.29   0.38      0.33
14  0.527852478 0.044177242    0.27   0.19      0.54
15  0.415172625 0.096487115    0.12   0.32      0.56
16  0.180687448 0.034510495    0.50   0.25      0.25
17  0.073002799 0.185134922    0.03   0.37      0.60
18  0.125669534 0.224948626    0.02   0.35      0.63
19  0.220872801 0.129218573    0.12   0.47      0.41
20  0.565404103 0.077779646    0.19   0.21      0.60
21  0.549797263 0.028359995    0.31   0.18      0.51
22  0.397417318 0.187979851    0.04   0.27      0.69
23  0.308961994 0.047827056    0.27   0.28      0.45
24  0.028842489 0.270767808    0.02   0.31      0.67
25  0.447970291 0.068685642    0.18   0.28      0.54
26  0.345189305 0.095244614    0.12   0.40      0.48
27  0.277100957 0.100960697    0.11   0.39      0.50
28  0.296061642 0.046773593    0.37   0.30      0.33
29  0.309647758 0.008770539    0.52   0.14      0.34
30  0.182746154 0.089210926    0.20   0.45      0.35
31  0.502561814 0.005097056    0.50   0.03      0.47
32  0.127905767 0.104558785    0.15   0.42      0.43
33  0.346968957 0.112716310    0.07   0.36      0.57
34  0.514206939 0.132991863    0.06   0.26      0.68
35  0.245761175 0.047257156    0.35   0.29      0.36
36  0.224622341 0.047872690    0.51   0.26      0.23
37  0.063075901 0.215682874    0.01   0.40      0.59
38  0.057254945 0.224197941    0.02   0.36      0.62
39  0.049269058 0.229927975    0.02   0.33      0.65
40  0.412543755 0.117637128    0.07   0.32      0.61
41  0.188275510 0.071544109    0.35   0.35      0.30
42  0.037925201 0.172812279    0.04   0.45      0.51
43  0.630392515 0.007951534    0.38   0.07      0.55
44  0.257386232 0.132749005    0.08   0.38      0.54
45  0.465842085 0.184610596    0.01   0.30      0.69
46  0.228607007 0.068795589    0.36   0.39      0.25
47  0.579306503 0.102944073    0.10   0.21      0.69
48  0.233220706 0.039732026    0.32   0.31      0.37
49  0.142029456 0.154389719    0.09   0.45      0.46
50  0.328378781 0.021397355    0.42   0.16      0.42
51  0.086239018 0.019057146    0.63   0.22      0.15
52  0.520318021 0.067472341    0.17   0.21      0.62
53  0.503702565 0.038633608    0.35   0.16      0.49
54  0.138327949 0.047043569    0.44   0.31      0.25
55  0.458589766 0.183092996    0.03   0.30      0.67
56  0.001027100 0.151769098    0.08   0.44      0.48
57  0.001352614 0.245414641    0.00   0.32      0.68
58  0.162486041 0.188381421    0.01   0.38      0.61
59  0.362627792 0.080363713    0.17   0.33      0.50
60  0.239702305 0.112357596    0.11   0.41      0.48
61  0.332867026 0.099005455    0.13   0.35      0.52
62  0.443246904 0.136314273    0.02   0.42      0.56
63  0.243081786 0.163877877    0.05   0.42      0.53
64  0.187307331 0.061864236    0.24   0.41      0.35
65  0.363777403 0.176904832    0.01   0.36      0.63
66  0.427722044 0.200837248    0.03   0.27      0.70
67  0.349392768 0.183449075    0.01   0.30      0.69
68  0.658533219 0.021313678    0.24   0.07      0.69
69  0.363940348 0.128649011    0.06   0.32      0.62
70  0.404619140 0.074792131    0.27   0.19      0.54
71  0.239821485 0.190008522    0.03   0.37      0.60
72  0.381579846 0.141124318    0.05   0.37      0.58
73  0.406465621 0.088657303    0.21   0.24      0.55
74  0.506622560 0.162378900    0.03   0.32      0.65
75  0.486948368 0.194292957    0.07   0.28      0.65
76  0.241142945 0.242468444    0.01   0.32      0.67
77  0.087290064 0.220754224    0.05   0.25      0.70
78  0.410421935 0.188355164    0.01   0.37      0.62
79  0.549063343 0.097166369    0.11   0.29      0.60
80  0.360319284 0.088453821    0.20   0.34      0.46
81  0.419424160 0.003762442    0.47   0.02      0.51
82  0.112503889 0.187742788    0.05   0.40      0.55
83  0.540512065 0.071367658    0.15   0.20      0.65
84  0.463041908 0.112979613    0.07   0.32      0.61
85  0.416401070 0.194544111    0.03   0.27      0.70
86  0.328398200 0.194444781    0.04   0.34      0.62
87  0.472972942 0.007467343    0.40   0.06      0.54
88  0.349462053 0.136677156    0.09   0.38      0.53
89  0.320006904 0.143216990    0.04   0.38      0.58
90  0.346876763 0.115444765    0.11   0.35      0.54
91  0.143866959 0.064692679    0.29   0.40      0.31
92  0.053578009 0.053137769    0.40   0.33      0.27
93  0.339342478 0.129619828    0.10   0.34      0.56
94  0.535308347 0.124668276    0.04   0.34      0.62
95  0.170192218 0.210973138    0.00   0.35      0.65
96  0.115863142 0.196124852    0.03   0.44      0.53
97  0.722087465 0.018265102    0.22   0.11      0.67
98  0.111287833 0.163008116    0.08   0.39      0.53
99  0.022409837 0.130266311    0.18   0.45      0.37
100 0.436956433 0.029043735    0.29   0.21      0.50
