      prob.meio   prob.mito euploid mosaic aneuploid
1   0.593952465 0.005526695    0.34   0.02      0.64
2   0.221767428 0.145472947    0.09   0.44      0.47
3   0.318955854 0.072096882    0.31   0.33      0.36
4   0.619564234 0.026464938    0.33   0.14      0.53
5   0.192237670 0.018364184    0.68   0.17      0.15
6   0.083977328 0.075780653    0.23   0.49      0.28
7   0.723243672 0.009848085    0.32   0.01      0.67
8   0.664720729 0.009188226    0.26   0.08      0.66
9   0.310563996 0.114918536    0.08   0.40      0.52
10  0.360602649 0.113238299    0.12   0.30      0.58
11  0.104382576 0.097905261    0.17   0.50      0.33
12  0.174454433 0.051693390    0.35   0.38      0.27
13  0.334975448 0.098216596    0.14   0.27      0.59
14  0.240549750 0.103822898    0.17   0.38      0.45
15  0.550106890 0.022819784    0.33   0.09      0.58
16  0.758985517 0.046347689    0.12   0.13      0.75
17  0.447924770 0.036648133    0.33   0.21      0.46
18  0.213266057 0.144984217    0.09   0.35      0.56
19  0.204767661 0.135267887    0.11   0.38      0.51
20  0.500280682 0.116703637    0.06   0.30      0.64
21  0.520762455 0.100153292    0.08   0.31      0.61
22  0.177192486 0.198030913    0.05   0.36      0.59
23  0.156308051 0.167064426    0.05   0.44      0.51
24  0.358159705 0.108458363    0.08   0.39      0.53
25  0.576169707 0.062708337    0.19   0.23      0.58
26  0.172336220 0.011742472    0.66   0.13      0.21
27  0.277302466 0.185325817    0.05   0.35      0.60
28  0.206728833 0.022086798    0.57   0.18      0.25
29  0.497679402 0.057433754    0.18   0.18      0.64
30  0.520284377 0.097764295    0.12   0.23      0.65
31  0.002965443 0.043896211    0.47   0.44      0.09
32  0.588495187 0.036360122    0.22   0.09      0.69
33  0.273604601 0.088799275    0.16   0.42      0.42
34  0.556856267 0.015987792    0.32   0.09      0.59
35  0.277749448 0.113856866    0.12   0.40      0.48
36  0.199374049 0.009573960    0.61   0.16      0.23
37  0.373137239 0.024703305    0.46   0.11      0.43
38  0.425382559 0.051197550    0.25   0.23      0.52
39  0.577336439 0.098427916    0.12   0.24      0.64
40  0.215598466 0.008396229    0.57   0.15      0.28
41  0.310483652 0.024520514    0.58   0.18      0.24
42  0.682554220 0.074585888    0.11   0.19      0.70
43  0.166070261 0.086586040    0.25   0.42      0.33
44  0.281271123 0.106218564    0.10   0.45      0.45
45  0.608426673 0.103536746    0.10   0.20      0.70
46  0.078977680 0.190902706    0.05   0.42      0.53
47  0.230596175 0.005548466    0.68   0.08      0.24
48  0.362164974 0.028258364    0.37   0.20      0.43
49  0.432353874 0.044004134    0.46   0.15      0.39
50  0.190634391 0.119533089    0.09   0.42      0.49
51  0.196264730 0.024809732    0.52   0.21      0.27
52  0.238931437 0.197636979    0.04   0.34      0.62
53  0.306622604 0.002772914    0.67   0.03      0.30
54  0.217483870 0.017384812    0.61   0.18      0.21
55  0.243028110 0.065546539    0.28   0.37      0.35
56  0.221354992 0.199603278    0.04   0.40      0.56
57  0.446018287 0.156630525    0.05   0.32      0.63
58  0.603020460 0.111416249    0.07   0.30      0.63
59  0.190983407 0.048182012    0.38   0.35      0.27
60  0.269195462 0.143949920    0.05   0.30      0.65
61  0.003992180 0.114802425    0.18   0.54      0.28
62  0.552293404 0.076905171    0.16   0.26      0.58
63  0.075608170 0.102001475    0.24   0.41      0.35
64  0.545585895 0.061256287    0.17   0.24      0.59
65  0.509446850 0.044712033    0.24   0.28      0.48
66  0.483232617 0.066989818    0.15   0.26      0.59
67  0.028998530 0.061944799    0.43   0.42      0.15
68  0.139452982 0.066121986    0.35   0.42      0.23
69  0.414745346 0.036122128    0.38   0.18      0.44
70  0.089562062 0.022721678    0.61   0.30      0.09
71  0.361222990 0.109321049    0.10   0.36      0.54
72  0.482562561 0.090866693    0.19   0.27      0.54
73  0.596914535 0.109671777    0.06   0.23      0.71
74  0.075009135 0.189818222    0.06   0.46      0.48
75  0.568640939 0.050101874    0.18   0.22      0.60
76  0.186047883 0.006993626    0.68   0.03      0.29
77  0.509529675 0.012001700    0.34   0.10      0.56
78  0.235142104 0.042840769    0.43   0.30      0.27
79  0.271742795 0.168525846    0.08   0.34      0.58
80  0.353060115 0.061892055    0.20   0.34      0.46
81  0.650769442 0.021536288    0.24   0.12      0.64
82  0.321262358 0.071349785    0.27   0.33      0.40
83  0.582183531 0.083715346    0.12   0.22      0.66
84  0.392298410 0.145608775    0.10   0.30      0.60
85  0.458887565 0.109073988    0.11   0.29      0.60
86  0.613103302 0.099170449    0.12   0.19      0.69
87  0.368944365 0.096465944    0.13   0.43      0.44
88  0.628272008 0.047408820    0.20   0.17      0.63
89  0.667066596 0.023328546    0.28   0.10      0.62
90  0.175739912 0.124587398    0.08   0.44      0.48
91  0.230104274 0.090935386    0.25   0.45      0.30
92  0.255672958 0.074418720    0.24   0.43      0.33
93  0.011054868 0.191763485    0.06   0.43      0.51
94  0.059791565 0.047652718    0.41   0.40      0.19
95  0.476109091 0.138527281    0.06   0.25      0.69
96  0.103441020 0.193123489    0.04   0.42      0.54
97  0.526101215 0.136632907    0.07   0.25      0.68
98  0.133766526 0.071044455    0.32   0.46      0.22
99  0.483151409 0.027672690    0.29   0.22      0.49
100 0.421344778 0.025653266    0.36   0.20      0.44
