      prob.meio   prob.mito euploid mosaic aneuploid
1   0.487536005 0.073039358    0.19   0.25      0.56
2   0.243817621 0.178959725    0.04   0.35      0.61
3   0.253579715 0.065038421    0.29   0.32      0.39
4   0.186502652 0.153022096    0.07   0.41      0.52
5   0.291963520 0.026772247    0.40   0.28      0.32
6   0.435836932 0.064958939    0.27   0.36      0.37
7   0.541719857 0.012392973    0.38   0.10      0.52
8   0.029448950 0.172364195    0.06   0.39      0.55
9   0.256420857 0.110743931    0.13   0.42      0.45
10  0.142738692 0.031894861    0.46   0.33      0.21
11  0.693949263 0.045259635    0.17   0.09      0.74
12  0.200663296 0.070326579    0.37   0.34      0.29
13  0.160127749 0.094392724    0.22   0.42      0.36
14  0.242630626 0.011166462    0.57   0.17      0.26
15  0.032220692 0.064955365    0.28   0.49      0.23
16  0.491534475 0.149866069    0.07   0.26      0.67
17  0.208370931 0.138661620    0.11   0.43      0.46
18  0.057651939 0.103696428    0.26   0.50      0.24
19  0.522102225 0.001052934    0.44   0.00      0.56
20  0.715066182 0.033832935    0.23   0.13      0.64
21  0.231212907 0.012141504    0.60   0.14      0.26
22  0.599603397 0.063857314    0.13   0.25      0.62
23  0.209284576 0.061461983    0.33   0.36      0.31
24  0.177490188 0.125306837    0.13   0.51      0.36
25  0.250410460 0.041917730    0.32   0.32      0.36
26  0.009972500 0.046277024    0.59   0.33      0.08
27  0.495399227 0.099139916    0.17   0.28      0.55
28  0.340552783 0.084038856    0.19   0.35      0.46
29  0.575033176 0.025509716    0.32   0.11      0.57
30  0.503272844 0.102147744    0.12   0.25      0.63
31  0.259131448 0.139259662    0.12   0.35      0.53
32  0.328806987 0.042420237    0.33   0.23      0.44
33  0.787575133 0.011914062    0.24   0.01      0.75
34  0.053197123 0.084735496    0.31   0.40      0.29
35  0.772963249 0.041539684    0.24   0.09      0.67
36  0.120962907 0.053262735    0.44   0.35      0.21
37  0.499062004 0.023199582    0.28   0.16      0.56
38  0.646580060 0.007056590    0.29   0.02      0.69
39  0.163035751 0.063010859    0.36   0.37      0.27
40  0.269303289 0.157281918    0.06   0.35      0.59
41  0.104200505 0.145561695    0.11   0.41      0.48
42  0.564025518 0.001455463    0.46   0.02      0.52
43  0.666000854 0.061863520    0.14   0.16      0.70
44  0.581167366 0.029781285    0.21   0.10      0.69
45  0.198742927 0.155593777    0.06   0.37      0.57
46  0.392108267 0.038425185    0.32   0.23      0.45
47  0.561967591 0.011753546    0.36   0.05      0.59
48  0.406260950 0.089192601    0.10   0.33      0.57
49  0.574660050 0.065158848    0.13   0.13      0.74
50  0.200428475 0.096724215    0.19   0.43      0.38
51  0.207902867 0.085887207    0.20   0.40      0.40
52  0.318257181 0.019158156    0.50   0.11      0.39
53  0.218407720 0.101381066    0.18   0.45      0.37
54  0.386736098 0.016001234    0.50   0.11      0.39
55  0.261799967 0.094638769    0.17   0.29      0.54
56  0.624843326 0.017550163    0.31   0.07      0.62
57  0.643343962 0.087173832    0.10   0.24      0.66
58  0.547475534 0.054084735    0.24   0.23      0.53
59  0.089669921 0.085786733    0.26   0.51      0.23
60  0.097986491 0.213854736    0.04   0.34      0.62
61  0.437425084 0.147189006    0.09   0.21      0.70
62  0.506887254 0.107872219    0.11   0.22      0.67
63  0.099586361 0.098346753    0.26   0.41      0.33
64  0.519316568 0.093071955    0.09   0.18      0.73
65  0.570260530 0.000414629    0.43   0.01      0.56
66  0.160390797 0.165499064    0.09   0.32      0.59
67  0.393961649 0.123365841    0.12   0.34      0.54
68  0.003767026 0.088397426    0.30   0.49      0.21
69  0.634301126 0.024835356    0.25   0.08      0.67
70  0.327159986 0.063304290    0.23   0.34      0.43
71  0.147361267 0.170224894    0.05   0.43      0.52
72  0.206535042 0.034578287    0.40   0.36      0.24
73  0.425325122 0.071335200    0.20   0.30      0.50
74  0.124134982 0.008433371    0.71   0.14      0.15
75  0.275581804 0.031292295    0.47   0.21      0.32
76  0.230529390 0.093470188    0.12   0.42      0.46
77  0.619458491 0.038821045    0.11   0.20      0.69
78  0.282579995 0.036336012    0.44   0.20      0.36
79  0.204266048 0.093769125    0.20   0.41      0.39
80  0.428644962 0.133950766    0.05   0.30      0.65
81  0.262563322 0.042251984    0.43   0.33      0.24
82  0.208230742 0.019082238    0.49   0.25      0.26
83  0.322829013 0.067794654    0.25   0.33      0.42
84  0.254578074 0.030632046    0.50   0.25      0.25
85  0.330018707 0.165665687    0.05   0.28      0.67
86  0.233277660 0.123314581    0.16   0.45      0.39
87  0.204117780 0.175151348    0.06   0.43      0.51
88  0.105253866 0.036623246    0.51   0.29      0.20
89  0.735918748 0.040905086    0.20   0.09      0.71
90  0.274845071 0.100742558    0.16   0.36      0.48
91  0.462146000 0.062996533    0.12   0.31      0.57
92  0.402118041 0.152930537    0.06   0.33      0.61
93  0.355800744 0.021385714    0.48   0.16      0.36
94  0.734390056 0.059544154    0.12   0.13      0.75
95  0.412445535 0.096782371    0.15   0.27      0.58
96  0.379538859 0.036452081    0.32   0.28      0.40
97  0.473435285 0.105580525    0.10   0.27      0.63
98  0.571686630 0.032472984    0.28   0.11      0.61
99  0.398396537 0.150983416    0.05   0.35      0.60
100 0.219220995 0.030835868    0.50   0.28      0.22
