     prob.meio   prob.mito euploid mosaic aneuploid
1   0.32094727 0.038498700    0.37   0.29      0.34
2   0.18428497 0.059477498    0.33   0.35      0.32
3   0.60404352 0.031659076    0.36   0.10      0.54
4   0.26842551 0.182406001    0.05   0.38      0.57
5   0.43133531 0.086473879    0.13   0.27      0.60
6   0.41744462 0.044816494    0.24   0.20      0.56
7   0.37910888 0.007523424    0.53   0.09      0.38
8   0.19770718 0.040588656    0.43   0.26      0.31
9   0.31138882 0.132843096    0.10   0.37      0.53
10  0.26252562 0.072106780    0.31   0.37      0.32
11  0.24925280 0.213217127    0.01   0.36      0.63
12  0.05205849 0.167225025    0.08   0.45      0.47
13  0.31426187 0.065172676    0.29   0.31      0.40
14  0.31709571 0.138721554    0.12   0.34      0.54
15  0.12077119 0.105081931    0.21   0.42      0.37
16  0.28491790 0.178655242    0.03   0.33      0.64
17  0.42487858 0.111959003    0.05   0.30      0.65
18  0.41126673 0.112421075    0.14   0.28      0.58
19  0.31362343 0.066434012    0.24   0.28      0.48
20  0.56411749 0.110419623    0.11   0.23      0.66
21  0.18525629 0.199006087    0.02   0.35      0.63
22  0.40542365 0.114324464    0.09   0.35      0.56
23  0.57290321 0.002578123    0.40   0.03      0.57
24  0.24934763 0.085281999    0.21   0.36      0.43
25  0.20957063 0.086473444    0.20   0.42      0.38
26  0.07206497 0.174524894    0.02   0.36      0.62
27  0.36680900 0.166995457    0.01   0.35      0.64
28  0.29360195 0.157135531    0.03   0.29      0.68
29  0.53040471 0.028867525    0.28   0.16      0.56
30  0.30251648 0.028397580    0.36   0.27      0.37
31  0.17742897 0.024165957    0.56   0.23      0.21
32  0.46185837 0.104034517    0.07   0.25      0.68
33  0.28214178 0.087862173    0.12   0.42      0.46
34  0.26834698 0.158948858    0.05   0.35      0.60
35  0.23262020 0.151113611    0.10   0.36      0.54
36  0.08171518 0.191143774    0.02   0.43      0.55
37  0.06468177 0.178342429    0.07   0.42      0.51
38  0.31072118 0.192245155    0.01   0.36      0.63
39  0.44439367 0.128527026    0.08   0.24      0.68
40  0.26395361 0.052450642    0.34   0.32      0.34
41  0.20292329 0.132044258    0.06   0.40      0.54
42  0.43615495 0.012160045    0.37   0.13      0.50
43  0.38897739 0.012307102    0.46   0.06      0.48
44  0.17367711 0.163367719    0.08   0.38      0.54
45  0.34382420 0.032399592    0.34   0.24      0.42
46  0.05060196 0.181158484    0.05   0.34      0.61
47  0.02045563 0.185819405    0.08   0.35      0.57
48  0.33574039 0.074313088    0.30   0.24      0.46
49  0.11104930 0.218803206    0.02   0.34      0.64
50  0.42988437 0.068764592    0.21   0.32      0.47
51  0.24662667 0.142330635    0.10   0.38      0.52
52  0.53276531 0.076088060    0.09   0.25      0.66
53  0.34195276 0.164174178    0.05   0.34      0.61
54  0.07376569 0.173357716    0.05   0.36      0.59
55  0.53201907 0.064869632    0.20   0.15      0.65
56  0.32881136 0.080621445    0.18   0.38      0.44
57  0.36266142 0.043324739    0.30   0.25      0.45
58  0.14315637 0.073053856    0.27   0.43      0.30
59  0.46903673 0.069370277    0.20   0.26      0.54
60  0.20798001 0.168514248    0.06   0.43      0.51
61  0.15440755 0.202407650    0.00   0.36      0.64
62  0.50778305 0.045645708    0.30   0.12      0.58
63  0.46083687 0.045976158    0.25   0.26      0.49
64  0.34180418 0.123188234    0.11   0.35      0.54
65  0.26775808 0.180016773    0.03   0.36      0.61
66  0.05988331 0.095815088    0.29   0.42      0.29
67  0.26053169 0.155777326    0.02   0.31      0.67
68  0.25974835 0.184285358    0.05   0.31      0.64
69  0.60425511 0.045522386    0.18   0.15      0.67
70  0.15760959 0.163735123    0.04   0.40      0.56
71  0.51240512 0.046249694    0.16   0.26      0.58
72  0.57320430 0.048257479    0.12   0.24      0.64
73  0.46287679 0.034725195    0.32   0.18      0.50
74  0.03923432 0.222050257    0.03   0.37      0.60
75  0.61886970 0.003122764    0.41   0.03      0.56
76  0.30640208 0.175761058    0.02   0.34      0.64
77  0.17460497 0.173725093    0.01   0.39      0.60
78  0.22852273 0.177676844    0.00   0.38      0.62
79  0.54013940 0.035088425    0.32   0.16      0.52
80  0.21660977 0.088203284    0.19   0.41      0.40
81  0.10488756 0.171211134    0.08   0.32      0.60
82  0.53644383 0.053307501    0.14   0.24      0.62
83  0.56659912 0.049307441    0.16   0.23      0.61
84  0.42248168 0.193095098    0.01   0.34      0.65
85  0.14786907 0.041007101    0.46   0.26      0.28
86  0.63411232 0.070445488    0.09   0.21      0.70
87  0.49140879 0.108178736    0.10   0.32      0.58
88  0.34701001 0.185441893    0.03   0.31      0.66
89  0.13212184 0.072201600    0.28   0.34      0.38
90  0.59529297 0.048504621    0.21   0.16      0.63
91  0.41891246 0.170188393    0.02   0.31      0.67
92  0.49654367 0.028758862    0.41   0.12      0.47
93  0.48298177 0.124909551    0.13   0.34      0.53
94  0.27212800 0.020214936    0.50   0.21      0.29
95  0.23849739 0.193785220    0.02   0.37      0.61
96  0.30294057 0.103915023    0.12   0.35      0.53
97  0.34350367 0.061966160    0.22   0.35      0.43
98  0.50196229 0.040578280    0.32   0.20      0.48
99  0.35641443 0.154594812    0.03   0.29      0.68
100 0.41081630 0.043085410    0.40   0.18      0.42
