      prob.meio    prob.mito euploid mosaic aneuploid
1   0.592202085 0.0120779944    0.35   0.04      0.61
2   0.523513181 0.1247294543    0.12   0.29      0.59
3   0.399400304 0.0112331677    0.41   0.14      0.45
4   0.632415296 0.0350854348    0.25   0.10      0.65
5   0.290130641 0.0269953175    0.33   0.27      0.40
6   0.266363755 0.0917213296    0.17   0.38      0.45
7   0.546693184 0.0602294514    0.15   0.24      0.61
8   0.683839049 0.0413683362    0.24   0.08      0.68
9   0.008674671 0.0877933975    0.27   0.49      0.24
10  0.552795079 0.0015259900    0.42   0.02      0.56
11  0.440084393 0.0485763997    0.23   0.27      0.50
12  0.363257885 0.0332573999    0.33   0.23      0.44
13  0.297263450 0.1106915276    0.17   0.31      0.52
14  0.305777895 0.0560057869    0.30   0.32      0.38
15  0.632550023 0.0612867812    0.22   0.15      0.63
16  0.308220521 0.0613830485    0.26   0.31      0.43
17  0.654090226 0.0682866483    0.15   0.13      0.72
18  0.486282306 0.0128485903    0.45   0.12      0.43
19  0.506553673 0.1394299536    0.07   0.25      0.68
20  0.558687676 0.0387735765    0.24   0.15      0.61
21  0.161781367 0.1373619738    0.08   0.42      0.50
22  0.289088996 0.1396861535    0.12   0.37      0.51
23  0.456311881 0.1076228251    0.11   0.30      0.59
24  0.458310705 0.0940542086    0.14   0.26      0.60
25  0.447474956 0.1342717120    0.07   0.26      0.67
26  0.441432449 0.0287427970    0.31   0.20      0.49
27  0.286774199 0.1620499226    0.07   0.38      0.55
28  0.553786695 0.0072618460    0.35   0.07      0.58
29  0.432083598 0.1143185003    0.10   0.33      0.57
30  0.004462313 0.1104295256    0.14   0.53      0.33
31  0.548300902 0.0710853145    0.16   0.23      0.61
32  0.317832269 0.1230674922    0.07   0.34      0.59
33  0.561570579 0.0318697295    0.24   0.14      0.62
34  0.197429163 0.1334089108    0.08   0.40      0.52
35  0.069662610 0.1125946352    0.18   0.50      0.32
36  0.432210573 0.0226571963    0.34   0.19      0.47
37  0.125966421 0.0357735266    0.55   0.25      0.20
38  0.600582753 0.0237598277    0.25   0.14      0.61
39  0.334803182 0.0651501238    0.20   0.24      0.56
40  0.376423388 0.1271499337    0.08   0.42      0.50
41  0.392611905 0.1453209918    0.06   0.39      0.55
42  0.317822989 0.1283323013    0.11   0.38      0.51
43  0.072015177 0.1006120988    0.20   0.49      0.31
44  0.743649431 0.0297007107    0.22   0.08      0.70
45  0.238577153 0.0476920237    0.40   0.28      0.32
46  0.034317516 0.0806328270    0.30   0.42      0.28
47  0.219007546 0.1108085222    0.13   0.48      0.39
48  0.582821602 0.0186267281    0.30   0.11      0.59
49  0.523864204 0.0349644131    0.33   0.24      0.43
50  0.130692283 0.0455840875    0.50   0.38      0.12
51  0.368617213 0.1030097019    0.13   0.32      0.55
52  0.315738410 0.1813815255    0.05   0.39      0.56
53  0.732065345 0.0053011007    0.30   0.02      0.68
54  0.399502034 0.0004517171    0.53   0.00      0.47
55  0.138792560 0.1288569896    0.11   0.44      0.45
56  0.187604890 0.1232435042    0.08   0.48      0.44
57  0.700855164 0.0917932717    0.11   0.14      0.75
58  0.458565668 0.1458218517    0.04   0.30      0.66
59  0.160757526 0.0728914344    0.27   0.40      0.33
60  0.367005799 0.1752658035    0.06   0.24      0.70
61  0.177089035 0.0436282160    0.47   0.32      0.21
62  0.441246128 0.1020289965    0.14   0.30      0.56
63  0.272636322 0.0330166507    0.46   0.21      0.33
64  0.250973077 0.0083672905    0.62   0.10      0.28
65  0.562880559 0.1262666553    0.05   0.26      0.69
66  0.235602320 0.1585097872    0.07   0.36      0.57
67  0.113056164 0.0317291885    0.57   0.27      0.16
68  0.151692179 0.0137896298    0.64   0.11      0.25
69  0.463110860 0.1587133768    0.05   0.30      0.65
70  0.037930687 0.1560289061    0.11   0.41      0.48
71  0.011448422 0.0905069860    0.25   0.53      0.22
72  0.355999849 0.0675935580    0.18   0.28      0.54
73  0.459788569 0.0686748065    0.22   0.28      0.50
74  0.078990647 0.1227676403    0.15   0.52      0.33
75  0.339029427 0.0814892594    0.19   0.29      0.52
76  0.508654254 0.0074810775    0.43   0.04      0.53
77  0.156238533 0.1448379094    0.07   0.40      0.53
78  0.611624529 0.0376164450    0.21   0.19      0.60
79  0.363232449 0.0345048751    0.41   0.18      0.41
80  0.241381232 0.1966239093    0.06   0.33      0.61
81  0.544491757 0.0068977445    0.33   0.05      0.62
82  0.123862147 0.1440349685    0.11   0.48      0.41
83  0.069167648 0.2090649498    0.04   0.30      0.66
84  0.656091275 0.0227912245    0.20   0.10      0.70
85  0.524858149 0.1290401735    0.05   0.26      0.69
86  0.186113346 0.0657668209    0.33   0.32      0.35
87  0.337758315 0.0192453237    0.46   0.14      0.40
88  0.362320966 0.1645670445    0.05   0.28      0.67
89  0.106786209 0.1874616060    0.04   0.42      0.54
90  0.502586478 0.0032042577    0.50   0.00      0.50
91  0.128399542 0.1771536365    0.04   0.40      0.56
92  0.487842740 0.0478206030    0.31   0.22      0.47
93  0.056118639 0.1882781654    0.04   0.41      0.55
94  0.187190976 0.0200328166    0.54   0.24      0.22
95  0.502860534 0.0746710412    0.15   0.21      0.64
96  0.578071687 0.0386710858    0.15   0.18      0.67
97  0.314896484 0.0068999804    0.58   0.10      0.32
98  0.444423839 0.0434862834    0.24   0.26      0.50
99  0.064098697 0.0575019477    0.43   0.42      0.15
100 0.388957951 0.1137308548    0.14   0.20      0.66
