       prob.meio   prob.mito euploid mosaic aneuploid
1   0.1448750554 0.164568560    0.08   0.38      0.54
2   0.5962656979 0.045908559    0.21   0.18      0.61
3   0.3049325554 0.091088915    0.23   0.32      0.45
4   0.5835724541 0.126231883    0.06   0.23      0.71
5   0.2004118711 0.163582149    0.07   0.29      0.64
6   0.8063319037 0.027739172    0.17   0.07      0.76
7   0.5382852959 0.015154029    0.42   0.09      0.49
8   0.2980808010 0.062615483    0.22   0.37      0.41
9   0.5096977106 0.019088041    0.31   0.17      0.52
10  0.1036110637 0.151033164    0.10   0.42      0.48
11  0.0783294386 0.111667660    0.14   0.52      0.34
12  0.1073949393 0.119976027    0.13   0.50      0.37
13  0.6162155156 0.036174970    0.22   0.14      0.64
14  0.1221092027 0.200672448    0.04   0.34      0.62
15  0.0888515403 0.093208120    0.18   0.54      0.28
16  0.4099966446 0.153314883    0.07   0.34      0.59
17  0.1048603214 0.190470285    0.06   0.45      0.49
18  0.1622828196 0.175663618    0.04   0.46      0.50
19  0.4852041199 0.150705251    0.04   0.26      0.70
20  0.6194386743 0.071556662    0.10   0.19      0.71
21  0.3613334631 0.035548725    0.31   0.21      0.48
22  0.0795599394 0.092738974    0.26   0.44      0.30
23  0.3024694324 0.001332590    0.74   0.00      0.26
24  0.1812997675 0.012141085    0.58   0.11      0.31
25  0.3914839523 0.008847775    0.49   0.09      0.42
26  0.4590542647 0.150843845    0.04   0.27      0.69
27  0.6881750901 0.041993430    0.13   0.17      0.70
28  0.1901267867 0.027377599    0.62   0.24      0.14
29  0.4263404638 0.072391869    0.12   0.34      0.54
30  0.3668243303 0.076177698    0.26   0.27      0.47
31  0.6620415943 0.031271041    0.26   0.14      0.60
32  0.3835238700 0.038945338    0.26   0.23      0.51
33  0.4089585682 0.045523888    0.26   0.23      0.51
34  0.1576882426 0.030681716    0.52   0.26      0.22
35  0.2186499201 0.091043235    0.20   0.38      0.42
36  0.2062591042 0.120882020    0.13   0.35      0.52
37  0.3981704901 0.142777185    0.09   0.28      0.63
38  0.1079003282 0.042903802    0.42   0.40      0.18
39  0.0650004852 0.164381039    0.06   0.43      0.51
40  0.5417472869 0.124178905    0.05   0.28      0.67
41  0.2138687631 0.113381488    0.16   0.40      0.44
42  0.6625662129 0.139328212    0.09   0.16      0.75
43  0.7843054186 0.006974049    0.20   0.02      0.78
44  0.4179099954 0.004503006    0.56   0.06      0.38
45  0.4018381271 0.019598224    0.36   0.16      0.48
46  0.4177816715 0.146117819    0.10   0.31      0.59
47  0.5528515424 0.018614484    0.32   0.10      0.58
48  0.6400569433 0.077347388    0.08   0.21      0.71
49  0.3191722333 0.170424663    0.03   0.31      0.66
50  0.2800172446 0.028241116    0.53   0.23      0.24
51  0.1451942285 0.178061158    0.03   0.39      0.58
52  0.1999609664 0.064294939    0.42   0.26      0.32
53  0.2450297067 0.112737453    0.08   0.38      0.54
54  0.6587279907 0.032506318    0.19   0.13      0.68
55  0.1547661750 0.177222466    0.04   0.40      0.56
56  0.5192929502 0.077666590    0.15   0.23      0.62
57  0.6367703620 0.073776703    0.15   0.20      0.65
58  0.5936856023 0.046091914    0.20   0.07      0.73
59  0.7112763477 0.066391450    0.12   0.12      0.76
60  0.4036020793 0.034659711    0.29   0.24      0.47
61  0.0732443158 0.029714630    0.52   0.28      0.20
62  0.6488402267 0.017841119    0.23   0.13      0.64
63  0.5680152976 0.131315319    0.06   0.25      0.69
64  0.3048691598 0.188819955    0.03   0.33      0.64
65  0.2570113793 0.058534138    0.38   0.33      0.29
66  0.0055970855 0.182377150    0.03   0.39      0.58
67  0.2806104985 0.010014556    0.57   0.14      0.29
68  0.5488142353 0.034826954    0.29   0.17      0.54
69  0.5129437787 0.096369531    0.11   0.25      0.64
70  0.3345907242 0.031375506    0.37   0.17      0.46
71  0.4117812552 0.041338307    0.38   0.24      0.38
72  0.3354316622 0.044510801    0.31   0.33      0.36
73  0.0855341270 0.227526688    0.03   0.32      0.65
74  0.3319141085 0.190871244    0.03   0.33      0.64
75  0.2804672515 0.094469796    0.17   0.37      0.46
76  0.5843995954 0.083289806    0.10   0.19      0.71
77  0.1431407530 0.034356847    0.57   0.23      0.20
78  0.4159702049 0.048873928    0.28   0.21      0.51
79  0.4045542027 0.050700286    0.31   0.28      0.41
80  0.1463686826 0.138533960    0.12   0.43      0.45
81  0.5739167382 0.083911701    0.17   0.17      0.66
82  0.2726046569 0.011610046    0.61   0.14      0.25
83  0.2946511591 0.159348258    0.06   0.32      0.62
84  0.6764904549 0.022691919    0.23   0.06      0.71
85  0.4618953736 0.065864215    0.20   0.22      0.58
86  0.4283258431 0.029227509    0.34   0.18      0.48
87  0.0008003709 0.116305428    0.20   0.45      0.35
88  0.2740308382 0.016619250    0.52   0.15      0.33
89  0.5323631535 0.143310858    0.05   0.33      0.62
90  0.4715540390 0.166505179    0.03   0.30      0.67
91  0.1203252403 0.064562591    0.29   0.45      0.26
92  0.4177739671 0.044137588    0.30   0.18      0.52
93  0.0874643452 0.060754551    0.36   0.40      0.24
94  0.2001963221 0.126555049    0.12   0.37      0.51
95  0.2057482635 0.156642595    0.03   0.43      0.54
96  0.0041319602 0.183062492    0.05   0.45      0.50
97  0.7712424221 0.049598384    0.14   0.08      0.78
98  0.2999131572 0.081543227    0.23   0.42      0.35
99  0.6953835986 0.025072302    0.15   0.10      0.75
100 0.4028685661 0.116241270    0.11   0.28      0.61
