      prob.meio   prob.mito euploid mosaic aneuploid
1   0.263431348 0.210648516    0.00   0.35      0.65
2   0.112147687 0.176938550    0.03   0.43      0.54
3   0.042369889 0.215814224    0.01   0.43      0.56
4   0.200636439 0.224060450    0.01   0.32      0.67
5   0.235628125 0.224855964    0.03   0.29      0.68
6   0.133980506 0.195579829    0.05   0.40      0.55
7   0.133239373 0.208784156    0.03   0.40      0.57
8   0.174765493 0.131514391    0.14   0.40      0.46
9   0.543310904 0.013583112    0.39   0.04      0.57
10  0.488941078 0.110749227    0.08   0.31      0.61
11  0.662037099 0.071111722    0.14   0.17      0.69
12  0.515152858 0.116534818    0.16   0.29      0.55
13  0.493634592 0.143892124    0.07   0.25      0.68
14  0.346519445 0.033355685    0.41   0.20      0.39
15  0.086354545 0.203420143    0.04   0.37      0.59
16  0.054207451 0.135228527    0.17   0.43      0.40
17  0.384364204 0.137511896    0.09   0.28      0.63
18  0.322919659 0.032442023    0.42   0.22      0.36
19  0.397680183 0.001432283    0.59   0.02      0.39
20  0.405414409 0.029257533    0.38   0.10      0.52
21  0.621151297 0.030434093    0.26   0.13      0.61
22  0.216525878 0.065635322    0.32   0.36      0.32
23  0.429863884 0.081502969    0.20   0.31      0.49
24  0.409719954 0.164407911    0.06   0.24      0.70
25  0.125442350 0.085905973    0.26   0.40      0.34
26  0.473454225 0.068148453    0.28   0.29      0.43
27  0.161143867 0.087438199    0.23   0.44      0.33
28  0.255705404 0.173768543    0.05   0.43      0.52
29  0.150178790 0.186910675    0.04   0.30      0.66
30  0.350349659 0.216062055    0.02   0.29      0.69
31  0.150666930 0.132548934    0.11   0.46      0.43
32  0.544506939 0.124247893    0.09   0.22      0.69
33  0.235311229 0.173562815    0.04   0.38      0.58
34  0.110190762 0.065482785    0.35   0.39      0.26
35  0.554049661 0.015929412    0.26   0.10      0.64
36  0.161384172 0.232466124    0.01   0.33      0.66
37  0.602509992 0.006783985    0.34   0.04      0.62
38  0.136492169 0.161818466    0.05   0.46      0.49
39  0.252124295 0.134622609    0.10   0.39      0.51
40  0.461320649 0.043903961    0.23   0.21      0.56
41  0.466793875 0.100458728    0.12   0.28      0.60
42  0.570566481 0.009317465    0.44   0.12      0.44
43  0.160700739 0.010373562    0.63   0.14      0.23
44  0.024385127 0.211080396    0.02   0.38      0.60
45  0.425609987 0.065286468    0.25   0.29      0.46
46  0.219498434 0.046144005    0.32   0.38      0.30
47  0.036103156 0.128480702    0.10   0.47      0.43
48  0.499488569 0.022580547    0.42   0.15      0.43
49  0.162856483 0.240806695    0.02   0.29      0.69
50  0.061816261 0.254800087    0.00   0.39      0.61
51  0.140618312 0.194074641    0.04   0.38      0.58
52  0.169980703 0.208813360    0.01   0.34      0.65
53  0.524550320 0.125311712    0.05   0.26      0.69
54  0.119204182 0.247427650    0.01   0.33      0.66
55  0.262145673 0.057786876    0.33   0.37      0.30
56  0.285129784 0.028253070    0.54   0.14      0.32
57  0.348133939 0.001179497    0.70   0.06      0.24
58  0.333535651 0.101847187    0.16   0.29      0.55
59  0.319269902 0.178782264    0.02   0.29      0.69
60  0.715537937 0.090298099    0.10   0.19      0.71
61  0.488800116 0.177232511    0.03   0.31      0.66
62  0.381465968 0.142805601    0.06   0.33      0.61
63  0.592012851 0.055932308    0.14   0.15      0.71
64  0.463219170 0.011176185    0.38   0.10      0.52
65  0.009687769 0.273711231    0.02   0.37      0.61
66  0.148004221 0.162717793    0.04   0.41      0.55
67  0.306883291 0.049256780    0.31   0.32      0.37
68  0.503017022 0.131095551    0.03   0.28      0.69
69  0.510009900 0.147162876    0.03   0.33      0.64
70  0.253995743 0.092427830    0.17   0.42      0.41
71  0.376023680 0.137733503    0.09   0.27      0.64
72  0.377091422 0.211730377    0.02   0.30      0.68
73  0.313518234 0.028421469    0.35   0.18      0.47
74  0.350745320 0.016060551    0.46   0.11      0.43
75  0.234032648 0.128539718    0.11   0.41      0.48
76  0.099758167 0.104087655    0.17   0.46      0.37
77  0.653144368 0.016432369    0.28   0.08      0.64
78  0.574353444 0.067947903    0.16   0.19      0.65
79  0.187727510 0.154209023    0.06   0.36      0.58
80  0.329615348 0.059118907    0.23   0.29      0.48
81  0.378206942 0.050612168    0.32   0.19      0.49
82  0.208519145 0.096029623    0.23   0.41      0.36
83  0.138307338 0.192509024    0.02   0.31      0.67
84  0.450293708 0.148340756    0.09   0.26      0.65
85  0.305116113 0.154162631    0.05   0.37      0.58
86  0.055123464 0.174291259    0.07   0.43      0.50
87  0.306566289 0.151581016    0.07   0.40      0.53
88  0.054588485 0.046374694    0.55   0.27      0.18
89  0.566741393 0.032921707    0.21   0.16      0.63
90  0.444811162 0.023855742    0.42   0.14      0.44
91  0.345024640 0.157427520    0.03   0.38      0.59
92  0.348685847 0.087662915    0.18   0.32      0.50
93  0.280045566 0.094419240    0.15   0.31      0.54
94  0.416204102 0.077340356    0.21   0.25      0.54
95  0.450142427 0.013374876    0.33   0.12      0.55
96  0.370078455 0.202022439    0.01   0.32      0.67
97  0.447452687 0.020834622    0.36   0.18      0.46
98  0.508692617 0.097872769    0.11   0.27      0.62
99  0.203182412 0.092294028    0.15   0.41      0.44
100 0.501539047 0.065307301    0.22   0.25      0.53
