       prob.meio   prob.mito euploid mosaic aneuploid
1   0.1768358501 0.193949144    0.04   0.38      0.58
2   0.1941899757 0.113667168    0.15   0.52      0.33
3   0.3964337674 0.124768233    0.08   0.30      0.62
4   0.3622495241 0.036095061    0.35   0.25      0.40
5   0.0372913564 0.064989846    0.33   0.46      0.21
6   0.7131505320 0.074553473    0.07   0.17      0.76
7   0.5015665018 0.057064364    0.25   0.24      0.51
8   0.5153821884 0.034330790    0.26   0.20      0.54
9   0.6163400912 0.055909914    0.22   0.09      0.69
10  0.5842167719 0.067636187    0.17   0.24      0.59
11  0.4218785996 0.199057401    0.03   0.30      0.67
12  0.0882200948 0.221144428    0.03   0.31      0.66
13  0.2883815258 0.117487291    0.13   0.41      0.46
14  0.6665593113 0.052606878    0.19   0.17      0.64
15  0.1248352961 0.205502730    0.02   0.38      0.60
16  0.6520360552 0.104692730    0.08   0.24      0.68
17  0.4996851955 0.065606255    0.19   0.24      0.57
18  0.0680787661 0.078115472    0.28   0.45      0.27
19  0.0230357607 0.066739439    0.32   0.52      0.16
20  0.4047755394 0.146606692    0.07   0.29      0.64
21  0.7115052366 0.015147221    0.24   0.13      0.63
22  0.0453601407 0.205693926    0.03   0.40      0.57
23  0.0430798412 0.039388245    0.51   0.34      0.15
24  0.5760788170 0.036298112    0.24   0.11      0.65
25  0.4739113867 0.028934430    0.29   0.16      0.55
26  0.7378301260 0.095046618    0.09   0.14      0.77
27  0.4280147874 0.048771407    0.30   0.25      0.45
28  0.1895688504 0.172800188    0.03   0.44      0.53
29  0.7383067557 0.029290409    0.18   0.07      0.75
30  0.0801629492 0.101197638    0.18   0.54      0.28
31  0.1312722038 0.041063226    0.47   0.32      0.21
32  0.4773855852 0.140437039    0.05   0.26      0.69
33  0.7979404451 0.035759921    0.13   0.08      0.79
34  0.2596894435 0.196181488    0.04   0.36      0.60
35  0.3954838705 0.085723494    0.12   0.40      0.48
36  0.5218782611 0.104738575    0.07   0.28      0.65
37  0.5309835135 0.080026566    0.12   0.22      0.66
38  0.2867173837 0.119609256    0.13   0.30      0.57
39  0.2118171423 0.224454258    0.01   0.34      0.65
40  0.4656620368 0.151344367    0.06   0.26      0.68
41  0.4841705554 0.118117668    0.06   0.23      0.71
42  0.3223708386 0.001213979    0.64   0.02      0.34
43  0.3796030108 0.025876189    0.44   0.12      0.44
44  0.3989346910 0.075201284    0.19   0.38      0.43
45  0.0243665678 0.245532008    0.01   0.37      0.62
46  0.3882972966 0.099466580    0.08   0.27      0.65
47  0.0215112970 0.027514249    0.60   0.33      0.07
48  0.1379507936 0.237215359    0.03   0.26      0.71
49  0.1881407895 0.244683294    0.01   0.36      0.63
50  0.2882122970 0.067358926    0.26   0.27      0.47
51  0.4009201634 0.128249036    0.12   0.28      0.60
52  0.5686185625 0.137502126    0.05   0.27      0.68
53  0.2310547086 0.004354953    0.73   0.02      0.25
54  0.0675273770 0.075174489    0.45   0.39      0.16
55  0.0707047728 0.127226274    0.16   0.44      0.40
56  0.0241442388 0.208704696    0.01   0.37      0.62
57  0.0303599739 0.113271976    0.20   0.48      0.32
58  0.3432069686 0.067273969    0.23   0.39      0.38
59  0.5463429445 0.096689306    0.13   0.27      0.60
60  0.2079604545 0.008788594    0.65   0.11      0.24
61  0.0458828222 0.063717069    0.48   0.29      0.23
62  0.6406211902 0.123072627    0.10   0.15      0.75
63  0.7139256112 0.024918290    0.21   0.06      0.73
64  0.5996316439 0.003151585    0.43   0.02      0.55
65  0.1329847050 0.078555058    0.22   0.41      0.37
66  0.1291072536 0.081795458    0.26   0.42      0.32
67  0.3962794906 0.016842140    0.40   0.13      0.47
68  0.2751281559 0.146671792    0.11   0.39      0.50
69  0.2043467464 0.015246426    0.65   0.11      0.24
70  0.4299492314 0.163489584    0.03   0.27      0.70
71  0.0931201468 0.081311867    0.30   0.39      0.31
72  0.2011071115 0.033920176    0.47   0.23      0.30
73  0.0560154647 0.043086973    0.54   0.32      0.14
74  0.3457587720 0.064792377    0.27   0.28      0.45
75  0.1301898779 0.096961668    0.20   0.46      0.34
76  0.1729586294 0.115641590    0.16   0.45      0.39
77  0.2285712659 0.032102347    0.53   0.23      0.24
78  0.0879853149 0.041181432    0.54   0.25      0.21
79  0.2637893688 0.060077579    0.31   0.32      0.37
80  0.1565599372 0.148417259    0.10   0.47      0.43
81  0.1773664183 0.021456614    0.64   0.21      0.15
82  0.3662125589 0.156570060    0.03   0.26      0.71
83  0.4186501349 0.080805530    0.20   0.29      0.51
84  0.3981794254 0.183603009    0.05   0.33      0.62
85  0.5230236871 0.074719675    0.14   0.25      0.61
86  0.1027025501 0.060959287    0.41   0.40      0.19
87  0.2665383720 0.082343824    0.22   0.32      0.46
88  0.0009734151 0.038110850    0.60   0.33      0.07
89  0.6841423574 0.004469606    0.24   0.04      0.72
90  0.5240984352 0.029161070    0.29   0.14      0.57
91  0.3050275811 0.165352290    0.03   0.37      0.60
92  0.1910741827 0.179128524    0.05   0.37      0.58
93  0.1402631139 0.125961415    0.12   0.47      0.41
94  0.2556414825 0.169266330    0.05   0.30      0.65
95  0.2331623591 0.048115517    0.41   0.30      0.29
96  0.4270586984 0.163146362    0.03   0.29      0.68
97  0.7285290859 0.090797626    0.07   0.19      0.74
98  0.5173785852 0.131690264    0.06   0.31      0.63
99  0.1382945371 0.032174358    0.50   0.30      0.20
100 0.7587139818 0.041579330    0.12   0.09      0.79
