     prob.meio   prob.mito euploid mosaic aneuploid
1   0.27555993 0.157099706    0.06   0.36      0.58
2   0.18634929 0.066665140    0.26   0.42      0.32
3   0.54538595 0.023617838    0.31   0.11      0.58
4   0.59097652 0.018947341    0.27   0.10      0.63
5   0.21665048 0.128246190    0.12   0.39      0.49
6   0.17290701 0.059565674    0.30   0.32      0.38
7   0.26383865 0.200625064    0.01   0.34      0.65
8   0.09108145 0.131886369    0.12   0.46      0.42
9   0.11127927 0.065815078    0.27   0.43      0.30
10  0.55683012 0.031026250    0.26   0.15      0.59
11  0.57453058 0.057819578    0.25   0.14      0.61
12  0.23121727 0.129199872    0.12   0.34      0.54
13  0.36948182 0.064228637    0.26   0.30      0.44
14  0.66657192 0.033589323    0.29   0.11      0.60
15  0.38162550 0.138831608    0.07   0.37      0.56
16  0.51016586 0.058042066    0.23   0.20      0.57
17  0.67880202 0.013849181    0.27   0.08      0.65
18  0.42070969 0.003391074    0.57   0.01      0.42
19  0.10223787 0.013308137    0.68   0.14      0.18
20  0.60252405 0.038616917    0.21   0.15      0.64
21  0.32075329 0.108673850    0.11   0.40      0.49
22  0.43639365 0.136365404    0.03   0.30      0.67
23  0.26629509 0.019680038    0.58   0.18      0.24
24  0.24216920 0.059419711    0.33   0.37      0.30
25  0.24411779 0.035305496    0.45   0.30      0.25
26  0.54862359 0.103108451    0.12   0.31      0.57
27  0.10886202 0.025096584    0.54   0.24      0.22
28  0.29789668 0.149153074    0.07   0.39      0.54
29  0.26505795 0.182068623    0.06   0.29      0.65
30  0.38573236 0.093888642    0.16   0.37      0.47
31  0.57172088 0.055896729    0.23   0.27      0.50
32  0.47971081 0.014321666    0.36   0.13      0.51
33  0.04134410 0.200508915    0.04   0.42      0.54
34  0.13580358 0.196671312    0.03   0.43      0.54
35  0.34439430 0.100228104    0.11   0.40      0.49
36  0.33465162 0.222067834    0.00   0.35      0.65
37  0.23605498 0.174474870    0.03   0.33      0.64
38  0.11972888 0.156083695    0.07   0.39      0.54
39  0.07746983 0.254559961    0.00   0.35      0.65
40  0.01181718 0.248869860    0.01   0.37      0.62
41  0.47831398 0.094199566    0.10   0.27      0.63
42  0.09161952 0.201977442    0.02   0.34      0.64
43  0.43128782 0.122208203    0.08   0.24      0.68
44  0.22088122 0.140240964    0.04   0.40      0.56
45  0.39388194 0.115011123    0.07   0.32      0.61
46  0.10341618 0.188907512    0.03   0.42      0.55
47  0.13667937 0.229668644    0.02   0.32      0.66
48  0.12035766 0.220467050    0.03   0.30      0.67
49  0.26530321 0.054182990    0.29   0.38      0.33
50  0.71701805 0.030291602    0.15   0.17      0.68
51  0.27912728 0.015692622    0.68   0.10      0.22
52  0.38850230 0.190924757    0.01   0.33      0.66
53  0.13322513 0.204911318    0.02   0.41      0.57
54  0.15633633 0.147437991    0.04   0.44      0.52
55  0.59689438 0.023851822    0.30   0.14      0.56
56  0.41909456 0.131158866    0.04   0.32      0.64
57  0.62935398 0.068321146    0.14   0.16      0.70
58  0.58553655 0.034283887    0.25   0.21      0.54
59  0.23851594 0.104156947    0.12   0.41      0.47
60  0.49030107 0.140872048    0.06   0.32      0.62
61  0.32658921 0.187447945    0.02   0.31      0.67
62  0.44618590 0.073868989    0.19   0.31      0.50
63  0.26785232 0.002028046    0.72   0.02      0.26
64  0.25030275 0.076743148    0.28   0.33      0.39
65  0.37972437 0.032388419    0.40   0.21      0.39
66  0.18410124 0.126514765    0.12   0.44      0.44
67  0.37166810 0.109189542    0.12   0.37      0.51
68  0.53945467 0.010194388    0.38   0.07      0.55
69  0.19006312 0.117219978    0.18   0.39      0.43
70  0.45784201 0.109246083    0.10   0.25      0.65
71  0.43501885 0.060655011    0.22   0.25      0.53
72  0.40567706 0.042108785    0.22   0.29      0.49
73  0.19646235 0.032211794    0.56   0.22      0.22
74  0.21480003 0.106615872    0.16   0.44      0.40
75  0.20027638 0.030133483    0.46   0.27      0.27
76  0.44561781 0.159476098    0.05   0.28      0.67
77  0.39305061 0.082618509    0.22   0.23      0.55
78  0.25373624 0.185281755    0.03   0.37      0.60
79  0.24124378 0.061924961    0.29   0.29      0.42
80  0.57232137 0.021628402    0.26   0.15      0.59
81  0.06696282 0.169100963    0.07   0.45      0.48
82  0.31147126 0.029997618    0.41   0.20      0.39
83  0.62572782 0.009626136    0.30   0.05      0.65
84  0.27778987 0.125018513    0.10   0.35      0.55
85  0.38630108 0.022455172    0.40   0.17      0.43
86  0.31898184 0.079264413    0.19   0.32      0.49
87  0.37399987 0.120470841    0.10   0.29      0.61
88  0.20663378 0.173654544    0.07   0.36      0.57
89  0.40534145 0.159024845    0.07   0.31      0.62
90  0.50465609 0.065460257    0.19   0.27      0.54
91  0.31964361 0.111397660    0.12   0.36      0.52
92  0.21750064 0.093685393    0.14   0.46      0.40
93  0.43589952 0.072308575    0.18   0.31      0.51
94  0.21347568 0.156767325    0.10   0.33      0.57
95  0.26084774 0.190878231    0.03   0.35      0.62
96  0.40985089 0.008798139    0.57   0.01      0.42
97  0.22193871 0.015454027    0.53   0.19      0.28
98  0.09570936 0.221328587    0.02   0.40      0.58
99  0.07273245 0.152378212    0.07   0.44      0.49
100 0.69434233 0.028843730    0.21   0.12      0.67
