     prob.meio   prob.mito euploid mosaic aneuploid
1   0.44871271 0.036802856    0.34   0.26      0.40
2   0.09457645 0.264627289    0.01   0.31      0.68
3   0.48325916 0.027315432    0.39   0.16      0.45
4   0.47613503 0.073665915    0.22   0.33      0.45
5   0.47502931 0.099407541    0.11   0.27      0.62
6   0.10094921 0.189871880    0.03   0.37      0.60
7   0.28127777 0.009209632    0.65   0.10      0.25
8   0.37150239 0.043910284    0.31   0.23      0.46
9   0.30981774 0.088592199    0.18   0.31      0.51
10  0.51357585 0.112568133    0.12   0.25      0.63
11  0.39309291 0.019844614    0.47   0.09      0.44
12  0.35823957 0.058483761    0.21   0.30      0.49
13  0.32706413 0.147454282    0.10   0.31      0.59
14  0.27340547 0.024183191    0.52   0.24      0.24
15  0.05582996 0.216689642    0.03   0.29      0.68
16  0.63485117 0.017995489    0.27   0.16      0.57
17  0.23657541 0.046613985    0.38   0.27      0.35
18  0.13973427 0.064015230    0.33   0.39      0.28
19  0.36143031 0.092425281    0.13   0.25      0.62
20  0.40777411 0.066142925    0.20   0.29      0.51
21  0.41493774 0.080148410    0.20   0.35      0.45
22  0.07298962 0.142064343    0.18   0.41      0.41
23  0.37035331 0.051778303    0.25   0.24      0.51
24  0.36325655 0.110355336    0.13   0.30      0.57
25  0.44153311 0.111496642    0.14   0.28      0.58
26  0.23729963 0.013590621    0.62   0.12      0.26
27  0.18358981 0.179024476    0.01   0.32      0.67
28  0.55902319 0.014360320    0.37   0.08      0.55
29  0.41362323 0.111750917    0.08   0.33      0.59
30  0.26393975 0.031906394    0.53   0.19      0.28
31  0.44960812 0.028557626    0.38   0.16      0.46
32  0.57093661 0.063518403    0.20   0.18      0.62
33  0.17773532 0.179512061    0.04   0.34      0.62
34  0.05674949 0.067744164    0.36   0.38      0.26
35  0.21397429 0.030590937    0.57   0.22      0.21
36  0.35839079 0.047924713    0.33   0.22      0.45
37  0.36708549 0.174473318    0.03   0.32      0.65
38  0.53611369 0.093484974    0.13   0.24      0.63
39  0.21582992 0.059733104    0.33   0.32      0.35
40  0.20057738 0.027399607    0.54   0.23      0.23
41  0.54126026 0.049474936    0.25   0.14      0.61
42  0.08739424 0.196161983    0.03   0.38      0.59
43  0.22029550 0.033592466    0.48   0.26      0.26
44  0.17529708 0.288881444    0.02   0.30      0.68
45  0.05788598 0.191121071    0.01   0.41      0.58
46  0.32723307 0.127689306    0.08   0.30      0.62
47  0.58757053 0.007026663    0.36   0.06      0.58
48  0.36275769 0.103217400    0.08   0.41      0.51
49  0.40011568 0.129150230    0.09   0.35      0.56
50  0.51509701 0.072164612    0.19   0.29      0.52
51  0.38268406 0.064964426    0.20   0.24      0.56
52  0.63407800 0.060487089    0.14   0.23      0.63
53  0.29870702 0.179479138    0.02   0.31      0.67
54  0.44421453 0.102362260    0.15   0.36      0.49
55  0.24074139 0.212994865    0.01   0.31      0.68
56  0.20385494 0.053929138    0.42   0.30      0.28
57  0.31586546 0.044861247    0.42   0.30      0.28
58  0.40874366 0.034201459    0.31   0.17      0.52
59  0.37407828 0.023239253    0.43   0.16      0.41
60  0.20839974 0.155434084    0.07   0.43      0.50
61  0.24396551 0.012285115    0.59   0.19      0.22
62  0.37838646 0.167678128    0.02   0.31      0.67
63  0.58801441 0.007201219    0.42   0.05      0.53
64  0.28506116 0.168176228    0.06   0.32      0.62
65  0.22116312 0.090880334    0.23   0.41      0.36
66  0.48724978 0.001203944    0.53   0.01      0.46
67  0.17296539 0.038069472    0.39   0.32      0.29
68  0.27472330 0.035286221    0.38   0.24      0.38
69  0.41629095 0.182641351    0.04   0.31      0.65
70  0.48076506 0.082955052    0.17   0.29      0.54
71  0.66814856 0.124189608    0.05   0.28      0.67
72  0.24657352 0.109711420    0.16   0.35      0.49
73  0.47736253 0.005126379    0.45   0.06      0.49
74  0.45810738 0.048972066    0.36   0.23      0.41
75  0.26311130 0.141556352    0.10   0.35      0.55
76  0.12376470 0.152305436    0.10   0.43      0.47
77  0.55533768 0.043177986    0.21   0.17      0.62
78  0.23472697 0.069505764    0.16   0.44      0.40
79  0.60205209 0.004364576    0.43   0.03      0.54
80  0.22919451 0.078250630    0.30   0.32      0.38
81  0.29796409 0.214027654    0.03   0.29      0.68
82  0.70805304 0.073955297    0.13   0.17      0.70
83  0.11618203 0.041671554    0.41   0.34      0.25
84  0.53122123 0.081974537    0.15   0.26      0.59
85  0.62871525 0.024989589    0.23   0.11      0.66
86  0.07918389 0.068822374    0.27   0.43      0.30
87  0.46368971 0.119765989    0.06   0.37      0.57
88  0.45277293 0.024274573    0.41   0.23      0.36
89  0.21389356 0.099768317    0.23   0.39      0.38
90  0.40435507 0.107233407    0.13   0.34      0.53
91  0.23583954 0.135000774    0.09   0.37      0.54
92  0.12607032 0.126260307    0.18   0.40      0.42
93  0.19953846 0.201052354    0.03   0.42      0.55
94  0.32630271 0.080505698    0.21   0.32      0.47
95  0.29589884 0.137720878    0.05   0.45      0.50
96  0.54388580 0.014009031    0.34   0.11      0.55
97  0.15618060 0.043693386    0.42   0.36      0.22
98  0.15908640 0.171295362    0.05   0.45      0.50
99  0.23547178 0.086529315    0.19   0.32      0.49
100 0.18804545 0.218694218    0.01   0.35      0.64
