     prob.meio  prob.mito euploid mosaic aneuploid
1   0.10504354 0.03644628    0.46   0.34      0.20
2   0.60164485 0.06773413    0.18   0.15      0.67
3   0.63193509 0.08920541    0.13   0.16      0.71
4   0.38911993 0.09878251    0.13   0.35      0.52
5   0.36936969 0.16323125    0.05   0.31      0.64
6   0.39953521 0.08733681    0.19   0.21      0.60
7   0.69023918 0.09531087    0.09   0.22      0.69
8   0.21868158 0.11814649    0.12   0.39      0.49
9   0.09595646 0.02175614    0.61   0.28      0.11
10  0.23411639 0.14304836    0.04   0.35      0.61
11  0.32674806 0.17924391    0.06   0.30      0.64
12  0.01484041 0.03187665    0.58   0.33      0.09
13  0.12303886 0.15457809    0.09   0.44      0.47
14  0.53223400 0.06371510    0.25   0.27      0.48
15  0.11848281 0.05827795    0.32   0.49      0.19
16  0.05914323 0.04345162    0.42   0.39      0.19
17  0.07292092 0.13105024    0.11   0.52      0.37
18  0.40141443 0.07709890    0.17   0.31      0.52
19  0.07566046 0.19434697    0.03   0.40      0.57
20  0.48255365 0.09307762    0.15   0.32      0.53
21  0.38149750 0.13843707    0.03   0.39      0.58
22  0.04165525 0.06161960    0.47   0.38      0.15
23  0.37747460 0.01833321    0.52   0.13      0.35
24  0.40627530 0.02190551    0.36   0.20      0.44
25  0.70064878 0.03555414    0.22   0.09      0.69
26  0.28375257 0.12307619    0.08   0.37      0.55
27  0.50476901 0.04474323    0.20   0.20      0.60
28  0.47547026 0.15018305    0.07   0.26      0.67
29  0.11031591 0.01067362    0.71   0.12      0.17
30  0.26346836 0.20324892    0.03   0.35      0.62
31  0.39346866 0.11502596    0.09   0.33      0.58
32  0.30918641 0.16296664    0.08   0.32      0.60
33  0.48326978 0.06795227    0.18   0.26      0.56
34  0.25651473 0.15509531    0.05   0.42      0.53
35  0.31970212 0.08854227    0.19   0.28      0.53
36  0.21064023 0.11155125    0.20   0.36      0.44
37  0.01700166 0.07656363    0.24   0.51      0.25
38  0.22515157 0.14173604    0.07   0.47      0.46
39  0.15182983 0.07929563    0.24   0.29      0.47
40  0.40905972 0.19472528    0.03   0.33      0.64
41  0.17139781 0.07533073    0.22   0.36      0.42
42  0.07714849 0.15464001    0.08   0.42      0.50
43  0.51696307 0.03300752    0.28   0.15      0.57
44  0.05164677 0.16238076    0.10   0.50      0.40
45  0.78076499 0.02065065    0.16   0.06      0.78
46  0.61769982 0.09464623    0.09   0.16      0.75
47  0.56955794 0.11172156    0.10   0.20      0.70
48  0.41748753 0.10064701    0.10   0.37      0.53
49  0.10830688 0.09935139    0.21   0.41      0.38
50  0.19195781 0.17396541    0.04   0.31      0.65
51  0.42105915 0.15420522    0.05   0.30      0.65
52  0.40639186 0.07772237    0.18   0.27      0.55
53  0.06348079 0.15341675    0.11   0.50      0.39
54  0.40175428 0.04458841    0.28   0.30      0.42
55  0.40576738 0.05058133    0.29   0.19      0.52
56  0.67920294 0.10529850    0.10   0.17      0.73
57  0.50285742 0.03410588    0.29   0.22      0.49
58  0.39146871 0.02062340    0.40   0.13      0.47
59  0.52389469 0.09535578    0.06   0.23      0.71
60  0.03884859 0.08129739    0.23   0.44      0.33
61  0.46231388 0.01769215    0.40   0.15      0.45
62  0.43302202 0.09766402    0.13   0.30      0.57
63  0.23791727 0.04735103    0.34   0.33      0.33
64  0.48215412 0.11336902    0.12   0.23      0.65
65  0.27297692 0.08662401    0.26   0.30      0.44
66  0.15580691 0.09070748    0.15   0.45      0.40
67  0.41715563 0.06750638    0.20   0.32      0.48
68  0.41755323 0.02370974    0.39   0.22      0.39
69  0.12896018 0.13533790    0.12   0.36      0.52
70  0.58584185 0.02977573    0.27   0.13      0.60
71  0.12149464 0.03523567    0.54   0.35      0.11
72  0.38423756 0.09831787    0.14   0.36      0.50
73  0.39069482 0.06160229    0.35   0.25      0.40
74  0.64619380 0.05452767    0.11   0.13      0.76
75  0.18467734 0.03092370    0.54   0.15      0.31
76  0.60061809 0.08005995    0.15   0.16      0.69
77  0.17101130 0.05467448    0.35   0.39      0.26
78  0.36305165 0.18314430    0.05   0.32      0.63
79  0.44024141 0.05680785    0.23   0.26      0.51
80  0.27467028 0.06677083    0.29   0.32      0.39
81  0.47087458 0.06982636    0.25   0.29      0.46
82  0.41739447 0.01683007    0.50   0.09      0.41
83  0.19984149 0.08610704    0.16   0.49      0.35
84  0.28633927 0.11008365    0.12   0.34      0.54
85  0.22879770 0.03000341    0.49   0.28      0.23
86  0.57545933 0.08538384    0.14   0.20      0.66
87  0.75217820 0.02133862    0.14   0.09      0.77
88  0.15547187 0.03673525    0.46   0.28      0.26
89  0.65255102 0.07431052    0.10   0.20      0.70
90  0.36498808 0.15336095    0.06   0.25      0.69
91  0.02793328 0.11863796    0.14   0.40      0.46
92  0.27122185 0.06243136    0.29   0.36      0.35
93  0.10540131 0.04585832    0.55   0.35      0.10
94  0.01592275 0.06112477    0.40   0.49      0.11
95  0.76678785 0.01207551    0.20   0.04      0.76
96  0.47627779 0.10821218    0.07   0.27      0.66
97  0.38141158 0.09792228    0.20   0.29      0.51
98  0.06664454 0.14697852    0.09   0.50      0.41
99  0.46231743 0.15765610    0.08   0.20      0.72
100 0.12856332 0.08240369    0.33   0.42      0.25
