      prob.meio   prob.mito euploid mosaic aneuploid
1   0.378945819 0.031785926    0.36   0.25      0.39
2   0.212307975 0.242583803    0.00   0.33      0.67
3   0.444289099 0.066080717    0.19   0.30      0.51
4   0.271639590 0.112790385    0.14   0.32      0.54
5   0.259305544 0.127064920    0.08   0.44      0.48
6   0.309234878 0.069532607    0.26   0.32      0.42
7   0.623160647 0.063327712    0.18   0.19      0.63
8   0.457475271 0.043547489    0.25   0.20      0.55
9   0.222623011 0.046927645    0.33   0.41      0.26
10  0.462527036 0.137163378    0.06   0.27      0.67
11  0.289923373 0.165391064    0.03   0.33      0.64
12  0.177466350 0.128146082    0.13   0.32      0.55
13  0.224282908 0.159528663    0.11   0.39      0.50
14  0.016530284 0.201942852    0.03   0.45      0.52
15  0.299521679 0.188963596    0.00   0.39      0.61
16  0.348766764 0.111066469    0.09   0.33      0.58
17  0.132316756 0.195798802    0.02   0.41      0.57
18  0.212177076 0.021647015    0.55   0.22      0.23
19  0.112450816 0.136739422    0.08   0.44      0.48
20  0.371208867 0.014204200    0.47   0.15      0.38
21  0.615019558 0.009126455    0.38   0.05      0.57
22  0.527306585 0.114477568    0.05   0.32      0.63
23  0.440041880 0.002009875    0.52   0.01      0.47
24  0.034279245 0.251754042    0.00   0.36      0.64
25  0.218479685 0.055619976    0.32   0.41      0.27
26  0.314145551 0.198416699    0.01   0.33      0.66
27  0.173080058 0.127267133    0.10   0.41      0.49
28  0.335112441 0.074461745    0.21   0.35      0.44
29  0.517133917 0.146010680    0.02   0.35      0.63
30  0.550416115 0.017967415    0.34   0.07      0.59
31  0.607780859 0.061381770    0.23   0.18      0.59
32  0.276260394 0.168261547    0.05   0.32      0.63
33  0.391131759 0.099061393    0.12   0.39      0.49
34  0.148010795 0.004758441    0.73   0.07      0.20
35  0.362377503 0.103220304    0.09   0.37      0.54
36  0.306901903 0.215685589    0.02   0.32      0.66
37  0.557340058 0.056847359    0.19   0.17      0.64
38  0.194227643 0.230706879    0.02   0.32      0.66
39  0.049494298 0.269293173    0.00   0.36      0.64
40  0.524727293 0.087251241    0.10   0.23      0.67
41  0.307853517 0.122708831    0.08   0.37      0.55
42  0.125362133 0.151221413    0.10   0.44      0.46
43  0.441901837 0.069423007    0.13   0.31      0.56
44  0.336204119 0.203239489    0.03   0.30      0.67
45  0.371602963 0.162626094    0.05   0.33      0.62
46  0.070531597 0.192321816    0.02   0.42      0.56
47  0.273951078 0.079166018    0.26   0.34      0.40
48  0.333039100 0.213941746    0.03   0.32      0.65
49  0.196725101 0.008394834    0.74   0.07      0.19
50  0.384156303 0.143544412    0.07   0.38      0.55
51  0.373636238 0.218693494    0.01   0.32      0.67
52  0.177721427 0.045784821    0.51   0.27      0.22
53  0.343034723 0.070829067    0.28   0.29      0.43
54  0.411847611 0.054467168    0.24   0.24      0.52
55  0.467249888 0.011007152    0.46   0.09      0.45
56  0.379047592 0.050801045    0.32   0.23      0.45
57  0.383890357 0.072420881    0.24   0.24      0.52
58  0.374892144 0.054452641    0.30   0.26      0.44
59  0.413804910 0.039018264    0.28   0.26      0.46
60  0.441610547 0.077397785    0.19   0.32      0.49
61  0.355655119 0.207629220    0.03   0.28      0.69
62  0.301042689 0.194569678    0.01   0.31      0.68
63  0.470807439 0.144920764    0.02   0.29      0.69
64  0.087163625 0.169303960    0.03   0.41      0.56
65  0.163480674 0.034383357    0.46   0.29      0.25
66  0.136606938 0.172390036    0.04   0.42      0.54
67  0.215196028 0.134804962    0.08   0.45      0.47
68  0.480812890 0.013579937    0.38   0.10      0.52
69  0.563412006 0.087050654    0.21   0.12      0.67
70  0.217364642 0.035651966    0.44   0.21      0.35
71  0.473519713 0.111306677    0.10   0.29      0.61
72  0.520909969 0.030321413    0.33   0.16      0.51
73  0.264658445 0.082899740    0.20   0.34      0.46
74  0.219507243 0.215920307    0.03   0.32      0.65
75  0.116662011 0.040696589    0.48   0.28      0.24
76  0.245430682 0.003067574    0.67   0.06      0.27
77  0.470011979 0.090607350    0.16   0.24      0.60
78  0.327167134 0.157546276    0.03   0.42      0.55
79  0.237581969 0.040876755    0.38   0.34      0.28
80  0.487340818 0.084370651    0.07   0.32      0.61
81  0.472512211 0.020386326    0.36   0.17      0.47
82  0.344777772 0.129356770    0.07   0.45      0.48
83  0.539997234 0.066098968    0.17   0.24      0.59
84  0.521753417 0.093128494    0.09   0.30      0.61
85  0.487746923 0.161763846    0.03   0.30      0.67
86  0.187142567 0.139447994    0.05   0.36      0.59
87  0.310216906 0.074919168    0.22   0.35      0.43
88  0.302463054 0.098308543    0.11   0.41      0.48
89  0.167647374 0.033766383    0.46   0.31      0.23
90  0.456935596 0.123304495    0.08   0.28      0.64
91  0.371372717 0.180413692    0.03   0.31      0.66
92  0.370065831 0.063251365    0.33   0.30      0.37
93  0.320338144 0.059874578    0.31   0.35      0.34
94  0.605766958 0.029973934    0.32   0.10      0.58
95  0.102493648 0.045415334    0.47   0.32      0.21
96  0.328408420 0.036879253    0.37   0.27      0.36
97  0.008592618 0.248286885    0.00   0.39      0.61
98  0.067679116 0.254249763    0.01   0.35      0.64
99  0.615064909 0.022186688    0.25   0.11      0.64
100 0.317443587 0.064878728    0.19   0.30      0.51
