       prob.meio    prob.mito euploid mosaic aneuploid
1   0.1991870890 0.1140016888    0.11   0.46      0.43
2   0.2158524108 0.1871783710    0.06   0.39      0.55
3   0.5679818904 0.1191496644    0.07   0.28      0.65
4   0.3429844251 0.0145724462    0.51   0.21      0.28
5   0.4950174969 0.0013150449    0.57   0.01      0.42
6   0.2805159239 0.0036016463    0.67   0.02      0.31
7   0.2793261600 0.1914196790    0.01   0.35      0.64
8   0.0481181103 0.1648068074    0.04   0.43      0.53
9   0.0807056404 0.1809948538    0.01   0.44      0.55
10  0.2057927726 0.1921648728    0.04   0.35      0.61
11  0.4143330781 0.1254185685    0.08   0.35      0.57
12  0.3522350786 0.1714137411    0.00   0.39      0.61
13  0.3919970545 0.0980012796    0.15   0.31      0.54
14  0.4461230226 0.2009010026    0.02   0.34      0.64
15  0.2069262334 0.0638833360    0.26   0.40      0.34
16  0.1486420704 0.0965853713    0.14   0.46      0.40
17  0.0373485540 0.1290875138    0.13   0.63      0.24
18  0.5452907747 0.0302706151    0.32   0.11      0.57
19  0.5363343563 0.0033552346    0.45   0.02      0.53
20  0.3280986394 0.1186359767    0.14   0.28      0.58
21  0.2241087216 0.1164804914    0.09   0.43      0.48
22  0.3410585222 0.1953737654    0.03   0.33      0.64
23  0.3766661759 0.0938154126    0.11   0.24      0.65
24  0.4790369053 0.0373389297    0.28   0.20      0.52
25  0.2822065200 0.0956954986    0.12   0.34      0.54
26  0.2768396828 0.1388847791    0.09   0.37      0.54
27  0.0752262669 0.1287493065    0.17   0.58      0.25
28  0.3410811850 0.2007397101    0.00   0.36      0.64
29  0.4853246158 0.0784421903    0.17   0.20      0.63
30  0.6349707495 0.0335918826    0.20   0.14      0.66
31  0.4349985763 0.0543748683    0.31   0.22      0.47
32  0.3799641444 0.0077609159    0.64   0.06      0.30
33  0.2354644812 0.1782841457    0.01   0.37      0.62
34  0.0207099719 0.1260189330    0.12   0.58      0.30
35  0.1969793369 0.0272332951    0.51   0.22      0.27
36  0.5179051312 0.0330048995    0.31   0.13      0.56
37  0.0592998108 0.0998093239    0.22   0.52      0.26
38  0.2198935382 0.0801269901    0.20   0.42      0.38
39  0.2154311959 0.0210536730    0.58   0.17      0.25
40  0.1245734086 0.1884897493    0.04   0.37      0.59
41  0.2348563347 0.1193299422    0.16   0.41      0.43
42  0.3692058059 0.0137938226    0.55   0.11      0.34
43  0.1863900765 0.1989585101    0.01   0.36      0.63
44  0.1357534223 0.1956601981    0.01   0.35      0.64
45  0.0006701183 0.1638192162    0.08   0.49      0.43
46  0.1914932893 0.1756368866    0.02   0.35      0.63
47  0.2627636904 0.0976405856    0.12   0.50      0.38
48  0.5006449288 0.0988865572    0.11   0.28      0.61
49  0.2129341471 0.0692503031    0.29   0.40      0.31
50  0.3169232905 0.1023492527    0.13   0.37      0.50
51  0.0105206065 0.1605668492    0.13   0.46      0.41
52  0.2649142160 0.1443364357    0.08   0.32      0.60
53  0.3632639828 0.1524454074    0.05   0.39      0.56
54  0.3455040446 0.0001209558    0.69   0.01      0.30
55  0.5894087011 0.0274029528    0.28   0.14      0.58
56  0.1640180659 0.1576939619    0.07   0.48      0.45
57  0.0119582010 0.0749530818    0.40   0.40      0.20
58  0.5210623327 0.0420346088    0.24   0.24      0.52
59  0.0116958511 0.1930320191    0.01   0.48      0.51
60  0.2385378960 0.1318302210    0.14   0.44      0.42
61  0.1141598739 0.1435563734    0.06   0.48      0.46
62  0.2720531989 0.0449859158    0.29   0.30      0.41
63  0.5975046169 0.0885925838    0.13   0.22      0.65
64  0.4377633699 0.0285379605    0.28   0.13      0.59
65  0.1551970514 0.2530351521    0.00   0.36      0.64
66  0.3383742496 0.1345708841    0.09   0.36      0.55
67  0.4993725400 0.0131021226    0.42   0.06      0.52
68  0.4782076566 0.0673737146    0.15   0.34      0.51
69  0.3293901805 0.1181105627    0.09   0.46      0.45
70  0.1613929283 0.0733714246    0.32   0.33      0.35
71  0.2634884594 0.0962630396    0.14   0.40      0.46
72  0.1139800246 0.1669810433    0.05   0.46      0.49
73  0.4312898929 0.0410074140    0.36   0.21      0.43
74  0.3920111309 0.1708493677    0.03   0.32      0.65
75  0.4184943307 0.0233317786    0.36   0.19      0.45
76  0.1355524636 0.1188775657    0.12   0.44      0.44
77  0.0761782788 0.1934935211    0.04   0.43      0.53
78  0.1412243883 0.1023720533    0.15   0.33      0.52
79  0.3055752616 0.0107705907    0.51   0.14      0.35
80  0.1962123371 0.1675426266    0.04   0.47      0.49
81  0.3542528586 0.1575111891    0.06   0.29      0.65
82  0.1195166323 0.1304382107    0.07   0.52      0.41
83  0.4474236257 0.0442765919    0.33   0.22      0.45
84  0.4560418038 0.1035465954    0.15   0.34      0.51
85  0.5039890206 0.0195156725    0.30   0.13      0.57
86  0.2652997014 0.0243255792    0.51   0.22      0.27
87  0.3098990764 0.1408992957    0.07   0.46      0.47
88  0.0644824607 0.1160853170    0.19   0.49      0.32
89  0.3869309674 0.0821820023    0.17   0.35      0.48
90  0.2942222392 0.0800583577    0.19   0.35      0.46
91  0.1040452726 0.0919248248    0.20   0.54      0.26
92  0.5112490940 0.0459014357    0.24   0.18      0.58
93  0.4983258310 0.0880679963    0.10   0.29      0.61
94  0.1414726796 0.1279424196    0.14   0.46      0.40
95  0.1351357519 0.0910577092    0.24   0.47      0.29
96  0.2927014169 0.0796901740    0.22   0.32      0.46
97  0.3367908048 0.0509040614    0.35   0.23      0.42
98  0.2270329820 0.1552241207    0.06   0.38      0.56
99  0.5519510808 0.0455263208    0.18   0.27      0.55
100 0.2004135973 0.1868302601    0.05   0.37      0.58
