     prob.meio   prob.mito euploid mosaic aneuploid
1   0.12529286 0.186789205    0.04   0.37      0.59
2   0.46431593 0.170665390    0.03   0.28      0.69
3   0.54427178 0.101984897    0.11   0.19      0.70
4   0.52901181 0.087418763    0.09   0.26      0.65
5   0.39729287 0.177901849    0.06   0.30      0.64
6   0.58964028 0.018114933    0.40   0.04      0.56
7   0.53567590 0.054203121    0.13   0.28      0.59
8   0.36705562 0.086547599    0.20   0.28      0.52
9   0.14794599 0.049425759    0.32   0.36      0.32
10  0.28444453 0.118576929    0.13   0.37      0.50
11  0.31069951 0.074600556    0.25   0.26      0.49
12  0.40817388 0.020832760    0.38   0.16      0.46
13  0.14141131 0.011236822    0.66   0.13      0.21
14  0.49023544 0.027907192    0.32   0.18      0.50
15  0.17568876 0.223480948    0.01   0.31      0.68
16  0.43845838 0.081792216    0.14   0.31      0.55
17  0.36363084 0.076540183    0.23   0.32      0.45
18  0.22325028 0.129214671    0.11   0.46      0.43
19  0.36815220 0.124503502    0.09   0.29      0.62
20  0.37848297 0.021553059    0.47   0.13      0.40
21  0.35463645 0.140576885    0.04   0.29      0.67
22  0.55848243 0.051482031    0.21   0.21      0.58
23  0.21938402 0.043523106    0.43   0.28      0.29
24  0.46169968 0.093608664    0.13   0.29      0.58
25  0.49037144 0.092853586    0.10   0.22      0.68
26  0.26623028 0.162646104    0.04   0.34      0.62
27  0.49509383 0.070796821    0.17   0.24      0.59
28  0.40554198 0.115787827    0.06   0.34      0.60
29  0.01631563 0.131412189    0.16   0.46      0.38
30  0.30512998 0.167831364    0.03   0.32      0.65
31  0.57294472 0.089488980    0.13   0.18      0.69
32  0.61745974 0.019231767    0.27   0.09      0.64
33  0.35394549 0.092417021    0.17   0.36      0.47
34  0.52427438 0.002969431    0.36   0.03      0.61
35  0.52819593 0.014715241    0.36   0.08      0.56
36  0.72461846 0.054644726    0.14   0.17      0.69
37  0.23887633 0.001276419    0.74   0.00      0.26
38  0.59805003 0.077527224    0.16   0.21      0.63
39  0.45856970 0.042153821    0.37   0.18      0.45
40  0.34868268 0.207308725    0.00   0.34      0.66
41  0.12427245 0.027898029    0.50   0.29      0.21
42  0.24743865 0.021718589    0.46   0.24      0.30
43  0.42681119 0.044849512    0.36   0.24      0.40
44  0.53400269 0.061925823    0.20   0.16      0.64
45  0.44731511 0.035839096    0.33   0.13      0.54
46  0.52059563 0.037879167    0.28   0.13      0.59
47  0.16021246 0.197336645    0.01   0.33      0.66
48  0.27395278 0.131401869    0.03   0.37      0.60
49  0.13264488 0.245115947    0.02   0.36      0.62
50  0.13496390 0.122895293    0.15   0.39      0.46
51  0.05629207 0.133080943    0.12   0.44      0.44
52  0.17775521 0.147531664    0.04   0.45      0.51
53  0.10699407 0.154042976    0.05   0.45      0.50
54  0.30391803 0.051754041    0.37   0.32      0.31
55  0.46008105 0.137947435    0.09   0.31      0.60
56  0.51993621 0.148430387    0.03   0.27      0.70
57  0.54570547 0.077094182    0.17   0.21      0.62
58  0.56825038 0.055191366    0.25   0.22      0.53
59  0.21349302 0.091204612    0.13   0.43      0.44
60  0.40776993 0.060059721    0.22   0.30      0.48
61  0.16229594 0.063268747    0.40   0.32      0.28
62  0.40231921 0.024568406    0.44   0.25      0.31
63  0.19663842 0.172609593    0.04   0.28      0.68
64  0.58486453 0.044290047    0.23   0.18      0.59
65  0.65864487 0.083358257    0.11   0.25      0.64
66  0.30567278 0.086744773    0.24   0.39      0.37
67  0.32158736 0.210136517    0.01   0.31      0.68
68  0.39532210 0.110051134    0.13   0.26      0.61
69  0.11042397 0.202155520    0.04   0.41      0.55
70  0.04335808 0.227656963    0.00   0.39      0.61
71  0.45482293 0.174166649    0.02   0.29      0.69
72  0.12376447 0.205638456    0.01   0.31      0.68
73  0.41245004 0.103865894    0.10   0.38      0.52
74  0.35309503 0.016217532    0.36   0.23      0.41
75  0.10716080 0.054122740    0.39   0.38      0.23
76  0.30040911 0.054025866    0.29   0.39      0.32
77  0.06646914 0.171140957    0.05   0.45      0.50
78  0.17874639 0.125896313    0.10   0.47      0.43
79  0.17296994 0.113395194    0.15   0.45      0.40
80  0.32462626 0.198197586    0.00   0.33      0.67
81  0.58470983 0.076934045    0.10   0.22      0.68
82  0.11191821 0.216555721    0.01   0.40      0.59
83  0.65607155 0.098924169    0.09   0.21      0.70
84  0.65179494 0.002558159    0.29   0.06      0.65
85  0.08199168 0.188160327    0.03   0.34      0.63
86  0.01388127 0.210019217    0.04   0.33      0.63
87  0.37327745 0.151491109    0.03   0.35      0.62
88  0.01486906 0.186605719    0.03   0.43      0.54
89  0.69731480 0.035615129    0.20   0.16      0.64
90  0.40448789 0.047208583    0.29   0.23      0.48
91  0.66148347 0.090687265    0.15   0.15      0.70
92  0.13302200 0.013151707    0.61   0.22      0.17
93  0.27956111 0.110945936    0.09   0.38      0.53
94  0.13028450 0.053573319    0.38   0.38      0.24
95  0.66585084 0.017845744    0.27   0.06      0.67
96  0.30117027 0.071358290    0.30   0.24      0.46
97  0.35851138 0.038186851    0.41   0.19      0.40
98  0.10178202 0.220645297    0.01   0.43      0.56
99  0.58738612 0.077893620    0.10   0.21      0.69
100 0.15298135 0.230795905    0.02   0.33      0.65
