     prob.meio   prob.mito euploid mosaic aneuploid
1   0.26244217 0.153565932    0.05   0.34      0.61
2   0.51660853 0.043089555    0.25   0.22      0.53
3   0.41710359 0.016931690    0.53   0.10      0.37
4   0.44428050 0.070165209    0.20   0.21      0.59
5   0.38148586 0.130929334    0.10   0.38      0.52
6   0.14648280 0.212244182    0.02   0.33      0.65
7   0.18091247 0.005420424    0.69   0.09      0.22
8   0.60626977 0.069481959    0.12   0.21      0.67
9   0.61432411 0.013349813    0.33   0.10      0.57
10  0.21986047 0.212453903    0.01   0.36      0.63
11  0.59054510 0.039203672    0.27   0.16      0.57
12  0.24030839 0.199355132    0.03   0.37      0.60
13  0.59703301 0.090210097    0.13   0.26      0.61
14  0.60750031 0.066235940    0.20   0.17      0.63
15  0.48984355 0.022626955    0.37   0.15      0.48
16  0.20046885 0.164438948    0.06   0.42      0.52
17  0.19527217 0.022550239    0.52   0.26      0.22
18  0.45484795 0.050916981    0.28   0.26      0.46
19  0.48857579 0.061980728    0.27   0.26      0.47
20  0.02849184 0.204184820    0.02   0.37      0.61
21  0.27984928 0.005385241    0.61   0.08      0.31
22  0.16071363 0.138933395    0.07   0.42      0.51
23  0.34774683 0.088768644    0.15   0.32      0.53
24  0.57104495 0.019034983    0.34   0.12      0.54
25  0.15808139 0.037646867    0.44   0.27      0.29
26  0.49545044 0.065326727    0.13   0.18      0.69
27  0.26234750 0.097791904    0.21   0.34      0.45
28  0.49684625 0.077702649    0.16   0.25      0.59
29  0.29075141 0.164523249    0.07   0.34      0.59
30  0.34612904 0.136908111    0.04   0.36      0.60
31  0.43212825 0.168876540    0.03   0.37      0.60
32  0.30025013 0.148469191    0.05   0.39      0.56
33  0.29831987 0.015313304    0.49   0.15      0.36
34  0.45603858 0.138050912    0.06   0.35      0.59
35  0.59212446 0.024958130    0.29   0.10      0.61
36  0.45497108 0.157925985    0.07   0.33      0.60
37  0.41660609 0.102494460    0.15   0.29      0.56
38  0.27754843 0.094709744    0.17   0.37      0.46
39  0.18642643 0.096898267    0.20   0.44      0.36
40  0.22071130 0.108294333    0.15   0.38      0.47
41  0.24697291 0.182703763    0.01   0.37      0.62
42  0.32456854 0.164502785    0.03   0.40      0.57
43  0.49590386 0.107117338    0.14   0.19      0.67
44  0.31778459 0.021952032    0.45   0.15      0.40
45  0.31773580 0.136411925    0.05   0.43      0.52
46  0.15341903 0.135807479    0.09   0.44      0.47
47  0.58991780 0.063436200    0.18   0.17      0.65
48  0.23722467 0.039683630    0.42   0.27      0.31
49  0.37179103 0.153949601    0.03   0.31      0.66
50  0.11935897 0.182871624    0.01   0.36      0.63
51  0.60441330 0.040258338    0.24   0.13      0.63
52  0.30651619 0.072574258    0.17   0.31      0.52
53  0.12599332 0.202922579    0.05   0.31      0.64
54  0.60705810 0.028039180    0.26   0.11      0.63
55  0.50410216 0.103175125    0.07   0.29      0.64
56  0.53132891 0.015325620    0.45   0.03      0.52
57  0.16130459 0.067611054    0.30   0.34      0.36
58  0.63868650 0.106075261    0.15   0.17      0.68
59  0.42940323 0.151344154    0.08   0.24      0.68
60  0.43791090 0.089698286    0.15   0.31      0.54
61  0.11823097 0.201857058    0.06   0.38      0.56
62  0.58775779 0.029263511    0.25   0.09      0.66
63  0.43112939 0.152943917    0.07   0.32      0.61
64  0.27872782 0.006011341    0.67   0.04      0.29
65  0.27266622 0.180747953    0.04   0.28      0.68
66  0.57014696 0.119746211    0.11   0.24      0.65
67  0.08210088 0.185751885    0.05   0.43      0.52
68  0.20360786 0.128609528    0.15   0.40      0.45
69  0.46977892 0.003476740    0.55   0.06      0.39
70  0.55964154 0.003017372    0.42   0.01      0.57
71  0.67803049 0.038144129    0.24   0.10      0.66
72  0.10284710 0.188346962    0.03   0.38      0.59
73  0.25539124 0.180761751    0.05   0.33      0.62
74  0.30724366 0.028885779    0.48   0.23      0.29
75  0.42919941 0.064327669    0.21   0.24      0.55
76  0.64303184 0.085450905    0.11   0.22      0.67
77  0.40934217 0.018503561    0.40   0.13      0.47
78  0.23774771 0.027311709    0.48   0.26      0.26
79  0.51912361 0.045857839    0.20   0.25      0.55
80  0.19830990 0.001868980    0.74   0.03      0.23
81  0.41894750 0.075060711    0.18   0.34      0.48
82  0.39701513 0.022945397    0.49   0.10      0.41
83  0.43741191 0.057729025    0.23   0.28      0.49
84  0.43425289 0.054381269    0.32   0.24      0.44
85  0.18684036 0.172362647    0.05   0.40      0.55
86  0.43669288 0.097277122    0.13   0.31      0.56
87  0.23735206 0.144985484    0.11   0.37      0.52
88  0.44822923 0.044575490    0.28   0.23      0.49
89  0.23768053 0.206505703    0.04   0.31      0.65
90  0.37281593 0.078974233    0.20   0.33      0.47
91  0.14275759 0.071139427    0.23   0.43      0.34
92  0.37525551 0.062105134    0.33   0.25      0.42
93  0.04001849 0.193189007    0.05   0.40      0.55
94  0.34694305 0.026675351    0.49   0.18      0.33
95  0.32391453 0.024842584    0.43   0.24      0.33
96  0.51214320 0.057792822    0.16   0.15      0.69
97  0.24281159 0.002918079    0.76   0.03      0.21
98  0.25082500 0.133588444    0.13   0.33      0.54
99  0.05066024 0.219529285    0.04   0.38      0.58
100 0.42385102 0.048864851    0.31   0.30      0.39
