       prob.meio    prob.mito euploid mosaic aneuploid
1   0.4765844527 0.1311705450    0.10   0.29      0.61
2   0.1614051277 0.2210622607    0.00   0.36      0.64
3   0.2522409600 0.0127318061    0.64   0.15      0.21
4   0.3089219867 0.0039459590    0.71   0.00      0.29
5   0.5496836563 0.0717283024    0.12   0.25      0.63
6   0.4929045248 0.0027361712    0.46   0.04      0.50
7   0.1763932679 0.1211427194    0.15   0.41      0.44
8   0.0861215931 0.2671463497    0.02   0.34      0.64
9   0.6137667398 0.0509962463    0.26   0.12      0.62
10  0.1019116121 0.1450636513    0.06   0.37      0.57
11  0.5613617604 0.1099520109    0.13   0.23      0.64
12  0.5857854912 0.0076691608    0.35   0.07      0.58
13  0.0101908017 0.2576283943    0.02   0.33      0.65
14  0.5133279536 0.0774919465    0.21   0.21      0.58
15  0.2474546060 0.0981527236    0.17   0.39      0.44
16  0.5739755153 0.0208320771    0.24   0.13      0.63
17  0.1487288738 0.1296157406    0.17   0.43      0.40
18  0.3635150872 0.0728530881    0.27   0.29      0.44
19  0.2359863122 0.1787041104    0.08   0.35      0.57
20  0.5926745504 0.0596790821    0.14   0.25      0.61
21  0.1151495168 0.1624000738    0.06   0.43      0.51
22  0.1770161553 0.1341093483    0.10   0.41      0.49
23  0.3265747353 0.1595549879    0.02   0.39      0.59
24  0.2157301868 0.1258356546    0.12   0.44      0.44
25  0.3713777743 0.0912794750    0.13   0.39      0.48
26  0.3123794834 0.0610406520    0.26   0.36      0.38
27  0.3079857239 0.1343386876    0.06   0.38      0.56
28  0.4975561176 0.0004437282    0.51   0.00      0.49
29  0.3547692364 0.0513712345    0.30   0.32      0.38
30  0.4574624463 0.1038072349    0.09   0.30      0.61
31  0.1489026048 0.0371545332    0.49   0.24      0.27
32  0.4501281434 0.0361084570    0.35   0.15      0.50
33  0.2278308605 0.1145993129    0.21   0.45      0.34
34  0.2967174430 0.1723169584    0.05   0.38      0.57
35  0.3449622046 0.1156248329    0.10   0.41      0.49
36  0.6196381024 0.0646511083    0.26   0.12      0.62
37  0.3421658273 0.1193385988    0.10   0.35      0.55
38  0.1384340825 0.0548532486    0.46   0.30      0.24
39  0.3169349863 0.1431991181    0.06   0.37      0.57
40  0.5399832523 0.1010875206    0.05   0.29      0.66
41  0.2067597122 0.0255912778    0.55   0.18      0.27
42  0.4679194565 0.1313552649    0.05   0.30      0.65
43  0.3546550211 0.0643052042    0.29   0.22      0.49
44  0.1200857190 0.0680738103    0.35   0.40      0.25
45  0.0002806818 0.2105869232    0.01   0.40      0.59
46  0.4206411114 0.1680558557    0.03   0.32      0.65
47  0.2274656061 0.1611335685    0.09   0.39      0.52
48  0.3262073656 0.0014730478    0.70   0.02      0.28
49  0.3862860021 0.0526521455    0.29   0.31      0.40
50  0.6466736544 0.0508319035    0.18   0.15      0.67
51  0.6111287698 0.1341739802    0.03   0.31      0.66
52  0.5667207364 0.0833631693    0.11   0.23      0.66
53  0.1584001072 0.2129439276    0.01   0.35      0.64
54  0.0557851803 0.1896565983    0.01   0.37      0.62
55  0.5440803783 0.0676754075    0.19   0.12      0.69
56  0.0556557982 0.0295347844    0.51   0.31      0.18
57  0.1688287393 0.0848120705    0.29   0.42      0.29
58  0.0708678227 0.1762016970    0.06   0.41      0.53
59  0.4309420984 0.1021069754    0.06   0.37      0.57
60  0.3158334708 0.1052444207    0.15   0.36      0.49
61  0.5771061738 0.0081044277    0.44   0.02      0.54
62  0.1337396891 0.1903244501    0.03   0.38      0.59
63  0.2770045309 0.0557353366    0.30   0.37      0.33
64  0.4860693989 0.0970489995    0.12   0.34      0.54
65  0.6620704483 0.0237060962    0.29   0.10      0.61
66  0.2613506548 0.0659936515    0.26   0.38      0.36
67  0.4789212646 0.0302430897    0.28   0.16      0.56
68  0.6333467257 0.1126225123    0.05   0.26      0.69
69  0.3409454308 0.2048181582    0.03   0.31      0.66
70  0.5911211800 0.1180106536    0.07   0.23      0.70
71  0.4521008972 0.0257651727    0.38   0.08      0.54
72  0.3364618323 0.0415886028    0.35   0.26      0.39
73  0.4539270718 0.1020373756    0.12   0.31      0.57
74  0.4559204509 0.1753801899    0.06   0.31      0.63
75  0.3566546240 0.1460496061    0.05   0.36      0.59
76  0.3633909130 0.0737040141    0.16   0.23      0.61
77  0.2377712028 0.0028670176    0.72   0.04      0.24
78  0.5057699555 0.0936070574    0.13   0.26      0.61
79  0.3647105913 0.1016170697    0.09   0.39      0.52
80  0.4699417457 0.0135394370    0.36   0.12      0.52
81  0.2432069283 0.0480039092    0.41   0.23      0.36
82  0.1764889355 0.0357499602    0.51   0.26      0.23
83  0.7075659598 0.0468840294    0.16   0.15      0.69
84  0.2281562418 0.0699222500    0.30   0.37      0.33
85  0.2822944075 0.0073792769    0.72   0.08      0.20
86  0.1986900393 0.1539503504    0.09   0.35      0.56
87  0.0076278013 0.2512257611    0.00   0.35      0.65
88  0.4724032949 0.1554645854    0.05   0.33      0.62
89  0.1515342880 0.1562519479    0.04   0.39      0.57
90  0.6561429976 0.0045811392    0.31   0.04      0.65
91  0.2682548531 0.2033144061    0.02   0.31      0.67
92  0.5263396979 0.0999024261    0.13   0.27      0.60
93  0.0153245823 0.2224839537    0.02   0.41      0.57
94  0.2372449969 0.1458457652    0.08   0.41      0.51
95  0.4049359774 0.1380938212    0.10   0.28      0.62
96  0.3394464476 0.1262384420    0.07   0.35      0.58
97  0.1824047836 0.0120037468    0.71   0.06      0.23
98  0.2922344846 0.0765996899    0.25   0.28      0.47
99  0.2509578716 0.0367380949    0.34   0.32      0.34
100 0.2753957480 0.1080850076    0.07   0.41      0.52
