      prob.meio   prob.mito euploid mosaic aneuploid
1   0.607718569 0.019787995    0.27   0.10      0.63
2   0.764149102 0.014641420    0.15   0.09      0.76
3   0.378774771 0.018662322    0.42   0.13      0.45
4   0.016888412 0.087584355    0.33   0.44      0.23
5   0.446193765 0.006304285    0.54   0.05      0.41
6   0.425720252 0.029677622    0.30   0.12      0.58
7   0.032992030 0.093912510    0.21   0.53      0.26
8   0.221150939 0.040058164    0.36   0.27      0.37
9   0.316552184 0.137894638    0.10   0.35      0.55
10  0.015420220 0.048368637    0.37   0.46      0.17
11  0.608879083 0.012525500    0.33   0.05      0.62
12  0.038804948 0.033022085    0.53   0.36      0.11
13  0.726874151 0.015490474    0.17   0.05      0.78
14  0.049093706 0.162555961    0.08   0.45      0.47
15  0.262308373 0.120660126    0.16   0.34      0.50
16  0.348921496 0.168210289    0.05   0.28      0.67
17  0.353078915 0.102325076    0.12   0.32      0.56
18  0.317203358 0.020587251    0.49   0.23      0.28
19  0.493940340 0.136609010    0.05   0.34      0.61
20  0.358221378 0.090598247    0.14   0.39      0.47
21  0.645068336 0.057378646    0.16   0.17      0.67
22  0.366799884 0.018278862    0.41   0.11      0.48
23  0.419008157 0.090244551    0.16   0.29      0.55
24  0.260051267 0.074820646    0.30   0.38      0.32
25  0.331938491 0.032605093    0.46   0.21      0.33
26  0.592266156 0.063845331    0.11   0.26      0.63
27  0.442901493 0.082937375    0.22   0.27      0.51
28  0.430323528 0.066447784    0.14   0.34      0.52
29  0.008656779 0.069169954    0.30   0.53      0.17
30  0.702206324 0.055014725    0.14   0.10      0.76
31  0.371319478 0.189513614    0.06   0.24      0.70
32  0.034118305 0.194318932    0.05   0.38      0.57
33  0.325925956 0.197538285    0.05   0.26      0.69
34  0.289936739 0.081129384    0.19   0.38      0.43
35  0.016019611 0.116101424    0.16   0.49      0.35
36  0.397458227 0.129219274    0.08   0.31      0.61
37  0.055104041 0.187368829    0.07   0.41      0.52
38  0.268430621 0.085100984    0.16   0.40      0.44
39  0.426798746 0.074707350    0.16   0.31      0.53
40  0.377096666 0.125317130    0.11   0.39      0.50
41  0.229217226 0.140324306    0.10   0.31      0.59
42  0.384594342 0.147063136    0.04   0.39      0.57
43  0.110710340 0.028022833    0.51   0.31      0.18
44  0.365845471 0.026489653    0.53   0.14      0.33
45  0.536027414 0.040198621    0.26   0.19      0.55
46  0.752255436 0.008021970    0.22   0.01      0.77
47  0.197786573 0.068625504    0.35   0.32      0.33
48  0.279140177 0.105742675    0.18   0.41      0.41
49  0.172771310 0.112833504    0.17   0.42      0.41
50  0.135977518 0.153374248    0.13   0.35      0.52
51  0.039550135 0.160379200    0.05   0.41      0.54
52  0.184386417 0.098713769    0.15   0.44      0.41
53  0.348510953 0.098855158    0.19   0.39      0.42
54  0.059012257 0.193936623    0.04   0.35      0.61
55  0.492470211 0.096482519    0.13   0.33      0.54
56  0.547933465 0.071672450    0.14   0.20      0.66
57  0.031904146 0.097304697    0.23   0.41      0.36
58  0.163748397 0.150060693    0.05   0.44      0.51
59  0.704458903 0.082744827    0.10   0.15      0.75
60  0.200666228 0.049557092    0.42   0.31      0.27
61  0.340570122 0.151559431    0.06   0.36      0.58
62  0.024794054 0.169410082    0.07   0.47      0.46
63  0.041728409 0.091521398    0.21   0.51      0.28
64  0.280835403 0.100727401    0.17   0.44      0.39
65  0.208139164 0.010303291    0.72   0.13      0.15
66  0.010768512 0.108186885    0.21   0.48      0.31
67  0.444631046 0.044196309    0.30   0.22      0.48
68  0.029152912 0.048144046    0.48   0.42      0.10
69  0.717277143 0.040687354    0.17   0.09      0.74
70  0.255441963 0.030783640    0.51   0.22      0.27
71  0.164728661 0.080806682    0.29   0.39      0.32
72  0.227670740 0.033718377    0.40   0.31      0.29
73  0.481465003 0.102473650    0.16   0.28      0.56
74  0.604231250 0.116678163    0.08   0.22      0.70
75  0.278463196 0.061347254    0.34   0.34      0.32
76  0.164760580 0.004793369    0.73   0.08      0.19
77  0.548392663 0.022956980    0.30   0.07      0.63
78  0.529032622 0.116623844    0.08   0.27      0.65
79  0.353246064 0.125502615    0.07   0.37      0.56
80  0.351970524 0.029563881    0.42   0.25      0.33
81  0.530816511 0.010870887    0.49   0.06      0.45
82  0.064952649 0.165871270    0.05   0.43      0.52
83  0.411987648 0.093620223    0.15   0.26      0.59
84  0.169798906 0.082996008    0.22   0.38      0.40
85  0.355489811 0.032099120    0.32   0.23      0.45
86  0.003337432 0.089680943    0.23   0.54      0.23
87  0.258701712 0.118796622    0.10   0.47      0.43
88  0.661247101 0.038214385    0.15   0.16      0.69
89  0.284798559 0.018899275    0.59   0.16      0.25
90  0.782537671 0.017689179    0.18   0.09      0.73
91  0.343887390 0.124857829    0.10   0.34      0.56
92  0.588110618 0.051078870    0.26   0.18      0.56
93  0.301670605 0.085719370    0.20   0.34      0.46
94  0.387299132 0.155799759    0.04   0.33      0.63
95  0.143762263 0.190208205    0.06   0.34      0.60
96  0.337774004 0.020300785    0.42   0.19      0.39
97  0.431357316 0.142887841    0.03   0.36      0.61
98  0.415396922 0.052574740    0.24   0.23      0.53
99  0.689676135 0.013387111    0.22   0.07      0.71
100 0.418908138 0.015441478    0.46   0.08      0.46
