       prob.meio   prob.mito euploid mosaic aneuploid
1   0.0766286317 0.037557231    0.57   0.31      0.12
2   0.6865480561 0.109173942    0.08   0.26      0.66
3   0.5406947713 0.086805823    0.12   0.25      0.63
4   0.5720896616 0.006989158    0.36   0.04      0.60
5   0.2449207390 0.038569828    0.30   0.37      0.33
6   0.1168668242 0.083365923    0.28   0.48      0.24
7   0.3020334817 0.106631213    0.10   0.46      0.44
8   0.1816839615 0.114605200    0.11   0.47      0.42
9   0.3830046325 0.066814576    0.16   0.24      0.60
10  0.4371990084 0.065998957    0.20   0.29      0.51
11  0.1114687200 0.087875976    0.25   0.42      0.33
12  0.1376387735 0.111090045    0.16   0.53      0.31
13  0.5723808706 0.015997670    0.31   0.08      0.61
14  0.5979231703 0.009262006    0.39   0.04      0.57
15  0.5273919783 0.071455885    0.18   0.23      0.59
16  0.0723240108 0.013941201    0.69   0.18      0.13
17  0.4775506593 0.008650507    0.44   0.08      0.48
18  0.4989900093 0.143780871    0.05   0.33      0.62
19  0.2400515587 0.072087932    0.24   0.35      0.41
20  0.3488564761 0.098983625    0.19   0.36      0.45
21  0.4167899003 0.039222926    0.35   0.15      0.50
22  0.0781808610 0.107044334    0.27   0.42      0.31
23  0.5820462913 0.094741825    0.10   0.18      0.72
24  0.4842552410 0.005655442    0.45   0.03      0.52
25  0.2296697055 0.128995910    0.15   0.45      0.40
26  0.1851498852 0.193496727    0.05   0.39      0.56
27  0.3211525222 0.077104124    0.27   0.32      0.41
28  0.3370986565 0.086565090    0.20   0.29      0.51
29  0.2317843488 0.124172793    0.10   0.35      0.55
30  0.5912354009 0.001158970    0.32   0.00      0.68
31  0.3857683961 0.055885411    0.27   0.35      0.38
32  0.2684731591 0.108795163    0.11   0.37      0.52
33  0.0517534318 0.044742976    0.54   0.38      0.08
34  0.6007154502 0.003054809    0.34   0.02      0.64
35  0.5340547836 0.068647356    0.15   0.19      0.66
36  0.0526578703 0.085843285    0.27   0.48      0.25
37  0.0659566112 0.151162413    0.09   0.43      0.48
38  0.5838956633 0.026274209    0.36   0.14      0.50
39  0.3528672035 0.073832132    0.12   0.33      0.55
40  0.4332909086 0.111601156    0.13   0.30      0.57
41  0.5792245853 0.125908380    0.09   0.24      0.67
42  0.0008607979 0.056229125    0.42   0.39      0.19
43  0.0384684934 0.102241720    0.24   0.45      0.31
44  0.0736946461 0.200106367    0.04   0.40      0.56
45  0.4054771131 0.011588010    0.43   0.14      0.43
46  0.0888119277 0.098436344    0.21   0.50      0.29
47  0.3358434660 0.001534298    0.57   0.03      0.40
48  0.1427750776 0.164752187    0.07   0.39      0.54
49  0.5080362877 0.011432254    0.39   0.06      0.55
50  0.2488973066 0.048947953    0.44   0.25      0.31
51  0.3720318351 0.025618055    0.39   0.14      0.47
52  0.1876828850 0.104324812    0.20   0.45      0.35
53  0.2110892958 0.083779254    0.23   0.39      0.38
54  0.5852201800 0.056911695    0.14   0.20      0.66
55  0.0998649071 0.077681279    0.24   0.44      0.32
56  0.4680562580 0.126245087    0.07   0.29      0.64
57  0.0487687676 0.161408510    0.08   0.44      0.48
58  0.0216612462 0.077421183    0.27   0.50      0.23
59  0.3532046389 0.068212837    0.34   0.28      0.38
60  0.6702639924 0.027620024    0.16   0.15      0.69
61  0.4766931240 0.131161966    0.06   0.27      0.67
62  0.4258300690 0.062735272    0.25   0.27      0.48
63  0.4371518292 0.012471188    0.40   0.11      0.49
64  0.5257461451 0.004999680    0.45   0.02      0.53
65  0.5696724937 0.110120891    0.10   0.26      0.64
66  0.4157729608 0.103128730    0.13   0.34      0.53
67  0.7236916812 0.070076506    0.14   0.16      0.70
68  0.6105618137 0.007339927    0.30   0.05      0.65
69  0.0503388634 0.122293929    0.16   0.48      0.36
70  0.3956005380 0.110931029    0.11   0.33      0.56
71  0.4248799891 0.058460017    0.34   0.19      0.47
72  0.6615217458 0.052029923    0.15   0.18      0.67
73  0.4197900556 0.054878753    0.35   0.17      0.48
74  0.1323687655 0.089229695    0.22   0.42      0.36
75  0.0854203124 0.114408238    0.19   0.53      0.28
76  0.2929713088 0.092742797    0.18   0.42      0.40
77  0.1048118838 0.043770293    0.58   0.27      0.15
78  0.1578815936 0.100523673    0.23   0.47      0.30
79  0.4754044947 0.066414939    0.21   0.20      0.59
80  0.7394425664 0.045352934    0.12   0.14      0.74
81  0.4228954858 0.083110716    0.14   0.31      0.55
82  0.5898648959 0.049552104    0.26   0.20      0.54
83  0.6314298871 0.001480179    0.34   0.00      0.66
84  0.2003835975 0.065754524    0.37   0.31      0.32
85  0.2908066357 0.162135156    0.08   0.39      0.53
86  0.1240727028 0.139190634    0.14   0.47      0.39
87  0.3013246430 0.150123114    0.11   0.30      0.59
88  0.4735836927 0.119916891    0.07   0.28      0.65
89  0.3147851920 0.027138161    0.49   0.23      0.28
90  0.2687971271 0.126298503    0.07   0.42      0.51
91  0.1114293539 0.045247306    0.53   0.24      0.23
92  0.1034983431 0.058836402    0.39   0.37      0.24
93  0.5740565048 0.084398952    0.09   0.22      0.69
94  0.3300839034 0.086241409    0.21   0.40      0.39
95  0.3438605622 0.090296962    0.17   0.33      0.50
96  0.2297991929 0.128224434    0.10   0.42      0.48
97  0.3723871037 0.058088110    0.19   0.35      0.46
98  0.4387800300 0.068555139    0.24   0.27      0.49
99  0.2896332338 0.016567463    0.55   0.18      0.27
100 0.1500146741 0.152892422    0.14   0.36      0.50
