      prob.meio    prob.mito euploid mosaic aneuploid
1   0.159824376 0.0357104477    0.48   0.31      0.21
2   0.643203291 0.0475024695    0.19   0.07      0.74
3   0.553999905 0.0654793968    0.17   0.29      0.54
4   0.601892646 0.1234655345    0.09   0.18      0.73
5   0.147087677 0.0261803642    0.54   0.27      0.19
6   0.148410682 0.0671880639    0.26   0.42      0.32
7   0.625594213 0.0792877178    0.15   0.19      0.66
8   0.359583975 0.0485285288    0.42   0.17      0.41
9   0.567176728 0.0807592014    0.10   0.27      0.63
10  0.009915787 0.0602033504    0.40   0.40      0.20
11  0.668280036 0.0650954170    0.12   0.15      0.73
12  0.593445449 0.0411702150    0.13   0.16      0.71
13  0.380631380 0.1000343533    0.17   0.27      0.56
14  0.241660202 0.0275398009    0.53   0.23      0.24
15  0.075341899 0.0493675114    0.52   0.33      0.15
16  0.092148443 0.0434670632    0.48   0.36      0.16
17  0.252523224 0.0091534008    0.66   0.17      0.17
18  0.161241392 0.0291290514    0.51   0.24      0.25
19  0.173342815 0.0972041911    0.21   0.45      0.34
20  0.477106931 0.0252124090    0.33   0.19      0.48
21  0.067658804 0.0905612523    0.17   0.49      0.34
22  0.017802160 0.1614833679    0.05   0.42      0.53
23  0.417375817 0.0437756896    0.21   0.30      0.49
24  0.098542749 0.1008608958    0.20   0.48      0.32
25  0.483865198 0.0002894916    0.42   0.01      0.57
26  0.362578036 0.0469585869    0.28   0.23      0.49
27  0.213734573 0.0855735848    0.25   0.41      0.34
28  0.029269436 0.0735419879    0.33   0.41      0.26
29  0.690153867 0.0794974333    0.15   0.14      0.71
30  0.224086399 0.1581337932    0.06   0.38      0.56
31  0.472148356 0.0444242731    0.26   0.24      0.50
32  0.398199096 0.0380850730    0.36   0.22      0.42
33  0.068599907 0.1758482112    0.09   0.45      0.46
34  0.443498397 0.0080669599    0.55   0.08      0.37
35  0.083417582 0.0553995373    0.32   0.46      0.22
36  0.265032790 0.0022155559    0.70   0.03      0.27
37  0.375730572 0.0403989558    0.29   0.27      0.44
38  0.476014962 0.0431526776    0.26   0.17      0.57
39  0.482470383 0.0116854007    0.35   0.13      0.52
40  0.269401732 0.0477252989    0.31   0.33      0.36
41  0.721156450 0.0593764060    0.14   0.13      0.73
42  0.604847769 0.0978586732    0.12   0.14      0.74
43  0.047011568 0.0831023850    0.24   0.53      0.23
44  0.310029777 0.1666101287    0.10   0.32      0.58
45  0.142846644 0.1296184408    0.09   0.37      0.54
46  0.060865028 0.0779331052    0.27   0.52      0.21
47  0.382798180 0.0077717248    0.53   0.07      0.40
48  0.426032450 0.1043845576    0.05   0.37      0.58
49  0.240769693 0.1226922551    0.13   0.44      0.43
50  0.345833014 0.1877024651    0.06   0.29      0.65
51  0.269147208 0.1070664616    0.19   0.36      0.45
52  0.146438648 0.0619493097    0.35   0.40      0.25
53  0.452317116 0.0306678440    0.29   0.25      0.46
54  0.626250365 0.0646629699    0.15   0.15      0.70
55  0.671957593 0.0453994262    0.16   0.16      0.68
56  0.332382650 0.0220826969    0.50   0.17      0.33
57  0.290008475 0.0628606374    0.25   0.32      0.43
58  0.222313031 0.0653555170    0.34   0.25      0.41
59  0.406971479 0.1654589828    0.05   0.31      0.64
60  0.111689403 0.0574330550    0.41   0.41      0.18
61  0.530176903 0.0955294673    0.05   0.29      0.66
62  0.426575805 0.0835057648    0.14   0.31      0.55
63  0.020306920 0.0532433793    0.54   0.33      0.13
64  0.278307640 0.1121717377    0.15   0.42      0.43
65  0.492364960 0.1107914972    0.09   0.28      0.63
66  0.199588642 0.0988324261    0.21   0.41      0.38
67  0.358138673 0.1199337048    0.07   0.42      0.51
68  0.103705468 0.0996648027    0.24   0.47      0.29
69  0.401367854 0.0286895069    0.41   0.23      0.36
70  0.353081708 0.1146875888    0.11   0.38      0.51
71  0.341533331 0.1433606902    0.05   0.34      0.61
72  0.664821387 0.0350478142    0.24   0.10      0.66
73  0.522550067 0.0400131985    0.21   0.14      0.65
74  0.303895751 0.1053763339    0.15   0.37      0.48
75  0.261629822 0.1417861846    0.14   0.35      0.51
76  0.491031567 0.0778801118    0.10   0.19      0.71
77  0.410688453 0.0220610159    0.35   0.16      0.49
78  0.090794057 0.1354067819    0.12   0.50      0.38
79  0.499189055 0.0592902962    0.20   0.26      0.54
80  0.051790395 0.0451588479    0.51   0.37      0.12
81  0.018725157 0.0403155624    0.50   0.39      0.11
82  0.249279059 0.1328328708    0.11   0.43      0.46
83  0.465345255 0.1387629155    0.08   0.30      0.62
84  0.514073526 0.0730208606    0.12   0.24      0.64
85  0.483160142 0.0754966245    0.16   0.33      0.51
86  0.519582606 0.1279881697    0.14   0.25      0.61
87  0.200785074 0.1246857648    0.11   0.45      0.44
88  0.351502230 0.1555367133    0.08   0.31      0.61
89  0.347990089 0.1521494139    0.06   0.27      0.67
90  0.515002461 0.0710803743    0.19   0.25      0.56
91  0.419809616 0.1203648187    0.11   0.30      0.59
92  0.418121997 0.1107122086    0.14   0.32      0.54
93  0.548043354 0.1171985585    0.07   0.28      0.65
94  0.296591778 0.1030898925    0.13   0.34      0.53
95  0.778731312 0.0058814581    0.21   0.03      0.76
96  0.064217747 0.1413198737    0.06   0.45      0.49
97  0.432851741 0.0131450407    0.46   0.07      0.47
98  0.320925859 0.1695813478    0.05   0.42      0.53
99  0.009154569 0.0742054214    0.28   0.52      0.20
100 0.171383421 0.1471302484    0.07   0.41      0.52
