      prob.meio    prob.mito euploid mosaic aneuploid
1   0.069232214 0.1422771041    0.10   0.47      0.43
2   0.216336444 0.1992723073    0.02   0.38      0.60
3   0.278733625 0.0399800886    0.38   0.25      0.37
4   0.463744215 0.0320757027    0.35   0.18      0.47
5   0.001503961 0.2912873770    0.00   0.30      0.70
6   0.647967791 0.0475482070    0.15   0.13      0.72
7   0.699165255 0.0505285042    0.12   0.20      0.68
8   0.338695079 0.1485217304    0.02   0.36      0.62
9   0.164351825 0.1521742903    0.06   0.46      0.48
10  0.137377270 0.1488867330    0.13   0.40      0.47
11  0.060255097 0.2213781259    0.02   0.44      0.54
12  0.371975800 0.1234529803    0.10   0.30      0.60
13  0.182950183 0.2209471401    0.01   0.30      0.69
14  0.263047262 0.0327694295    0.42   0.29      0.29
15  0.002867256 0.2020118814    0.02   0.45      0.53
16  0.346297450 0.2036431013    0.01   0.31      0.68
17  0.205011707 0.0600233439    0.32   0.40      0.28
18  0.573757743 0.1034993322    0.06   0.25      0.69
19  0.074671651 0.1881596891    0.02   0.40      0.58
20  0.248055306 0.1453265396    0.07   0.48      0.45
21  0.249718946 0.0310563587    0.42   0.25      0.33
22  0.050110654 0.2406663622    0.02   0.30      0.68
23  0.201173704 0.1623121465    0.02   0.38      0.60
24  0.429254893 0.1266043668    0.09   0.27      0.64
25  0.563932387 0.0220521446    0.34   0.10      0.56
26  0.286285882 0.0881862533    0.23   0.37      0.40
27  0.291851874 0.0605818371    0.23   0.26      0.51
28  0.395594461 0.0983647320    0.08   0.30      0.62
29  0.131923283 0.2518695288    0.00   0.32      0.68
30  0.278397856 0.2272528636    0.00   0.36      0.64
31  0.197007737 0.0118612638    0.70   0.11      0.19
32  0.181536401 0.1828786435    0.04   0.45      0.51
33  0.396957604 0.1717156339    0.05   0.29      0.66
34  0.176775370 0.0503212796    0.37   0.37      0.26
35  0.374269641 0.0266180206    0.38   0.16      0.46
36  0.078710072 0.0367287090    0.50   0.32      0.18
37  0.417065605 0.0920581445    0.05   0.36      0.59
38  0.374686191 0.1437906523    0.05   0.41      0.54
39  0.461991868 0.1424969241    0.07   0.21      0.72
40  0.518127960 0.0179684223    0.36   0.13      0.51
41  0.352839068 0.0753112331    0.26   0.32      0.42
42  0.280134573 0.1692920411    0.05   0.31      0.64
43  0.030369836 0.1349594905    0.08   0.43      0.49
44  0.137410312 0.1039825100    0.15   0.43      0.42
45  0.511441097 0.1018640753    0.08   0.33      0.59
46  0.335499636 0.1155718938    0.10   0.34      0.56
47  0.074620631 0.1267192818    0.09   0.43      0.48
48  0.136278490 0.0424400365    0.43   0.31      0.26
49  0.497100886 0.1145662388    0.04   0.27      0.69
50  0.365826328 0.1707729995    0.03   0.35      0.62
51  0.392497014 0.0229462418    0.40   0.17      0.43
52  0.561926778 0.1003102090    0.07   0.28      0.65
53  0.608894116 0.0844361261    0.06   0.23      0.71
54  0.170894098 0.1835126355    0.04   0.40      0.56
55  0.392229099 0.1004369787    0.10   0.30      0.60
56  0.299853241 0.1135218418    0.12   0.31      0.57
57  0.488409372 0.0198487483    0.38   0.16      0.46
58  0.487930292 0.1783838901    0.02   0.33      0.65
59  0.410163447 0.0097539064    0.51   0.04      0.45
60  0.321162759 0.1307161401    0.08   0.39      0.53
61  0.058870512 0.2390971826    0.02   0.40      0.58
62  0.664107312 0.0271827830    0.24   0.16      0.60
63  0.426285467 0.0262478865    0.46   0.11      0.43
64  0.208958545 0.0382211222    0.38   0.33      0.29
65  0.132103886 0.0579630863    0.31   0.38      0.31
66  0.468778502 0.0577709880    0.26   0.26      0.48
67  0.494724905 0.1329966988    0.06   0.26      0.68
68  0.468443707 0.0593504538    0.17   0.35      0.48
69  0.479708465 0.0138319277    0.43   0.11      0.46
70  0.258214639 0.1945881569    0.05   0.32      0.63
71  0.097335838 0.2541057400    0.00   0.35      0.65
72  0.164660271 0.2244507794    0.01   0.30      0.69
73  0.061294507 0.2383881451    0.00   0.32      0.68
74  0.097080925 0.1501976340    0.12   0.48      0.40
75  0.132105734 0.0389710239    0.53   0.31      0.16
76  0.237702500 0.2140513067    0.01   0.36      0.63
77  0.308851147 0.0003751267    0.65   0.01      0.34
78  0.348235535 0.0264312872    0.41   0.23      0.36
79  0.316599553 0.0103767992    0.54   0.07      0.39
80  0.409162554 0.0708594420    0.24   0.22      0.54
81  0.430829808 0.1018881314    0.09   0.30      0.61
82  0.207056229 0.1681457185    0.05   0.36      0.59
83  0.621450160 0.0754066454    0.13   0.19      0.68
84  0.512154634 0.1554698057    0.05   0.32      0.63
85  0.407004607 0.1303590261    0.06   0.24      0.70
86  0.031800681 0.2018700039    0.05   0.41      0.54
87  0.514288520 0.0243369874    0.39   0.10      0.51
88  0.336816639 0.0357252231    0.35   0.23      0.42
89  0.280528435 0.0212187013    0.54   0.11      0.35
90  0.467663517 0.1219903962    0.09   0.30      0.61
91  0.310716015 0.1834682380    0.05   0.38      0.57
92  0.268430323 0.0509908330    0.27   0.36      0.37
93  0.362987668 0.0239617710    0.38   0.19      0.43
94  0.099998021 0.1736101760    0.04   0.36      0.60
95  0.542133409 0.0254422016    0.38   0.10      0.52
96  0.427664197 0.1834778297    0.03   0.26      0.71
97  0.053280236 0.2613630614    0.00   0.37      0.63
98  0.689375055 0.0796756786    0.12   0.19      0.69
99  0.667217229 0.0219726635    0.26   0.10      0.64
100 0.729375627 0.0066418969    0.28   0.04      0.68
