      prob.meio    prob.mito euploid mosaic aneuploid
1   0.534033731 0.1226489327    0.05   0.26      0.69
2   0.498925154 0.1317846328    0.05   0.27      0.68
3   0.577119513 0.0530123832    0.17   0.20      0.63
4   0.426907955 0.0997133746    0.12   0.34      0.54
5   0.593348915 0.0347581108    0.21   0.11      0.68
6   0.370410322 0.1327611655    0.10   0.36      0.54
7   0.004062511 0.1988642849    0.03   0.38      0.59
8   0.100093168 0.0142900827    0.67   0.17      0.16
9   0.760467609 0.0196964249    0.20   0.05      0.75
10  0.410224451 0.0657331580    0.26   0.37      0.37
11  0.212005962 0.0131110279    0.69   0.10      0.21
12  0.276839620 0.0469907958    0.32   0.27      0.41
13  0.153035840 0.0779518711    0.23   0.39      0.38
14  0.286135561 0.1141276625    0.13   0.24      0.63
15  0.639773005 0.0562527922    0.15   0.16      0.69
16  0.388435954 0.0616464694    0.31   0.21      0.48
17  0.144410142 0.0816228436    0.20   0.48      0.32
18  0.160991979 0.1776046103    0.03   0.37      0.60
19  0.122603911 0.0272077329    0.57   0.21      0.22
20  0.105326110 0.1090900465    0.14   0.53      0.33
21  0.531583952 0.0288039446    0.32   0.14      0.54
22  0.599260701 0.0958743270    0.08   0.25      0.67
23  0.485309101 0.1127341189    0.12   0.21      0.67
24  0.220306268 0.0724784832    0.30   0.37      0.33
25  0.280668698 0.0704771453    0.18   0.33      0.49
26  0.389322561 0.0522657332    0.31   0.20      0.49
27  0.608525833 0.1111546452    0.06   0.23      0.71
28  0.196883209 0.0193393279    0.59   0.20      0.21
29  0.609011852 0.0436239543    0.22   0.12      0.66
30  0.203434277 0.0994213012    0.19   0.51      0.30
31  0.724256275 0.0311854549    0.17   0.06      0.77
32  0.145569072 0.1418875724    0.08   0.44      0.48
33  0.689668320 0.0177535883    0.23   0.08      0.69
34  0.321682352 0.0410483263    0.42   0.31      0.27
35  0.449245396 0.0874470798    0.18   0.28      0.54
36  0.217361429 0.1623541042    0.04   0.34      0.62
37  0.486890578 0.0466257439    0.21   0.19      0.60
38  0.622163765 0.0509401679    0.16   0.18      0.66
39  0.460632447 0.0362447647    0.33   0.21      0.46
40  0.170159573 0.0973277763    0.21   0.44      0.35
41  0.436621632 0.0442755276    0.26   0.21      0.53
42  0.313613422 0.0674794980    0.30   0.28      0.42
43  0.212849379 0.1244548738    0.10   0.41      0.49
44  0.380964011 0.1731540337    0.06   0.26      0.68
45  0.077665644 0.0769539231    0.35   0.42      0.23
46  0.218585067 0.0333177689    0.52   0.28      0.20
47  0.288760675 0.0095436191    0.59   0.06      0.35
48  0.600210922 0.0843638068    0.11   0.22      0.67
49  0.058421204 0.1562008758    0.07   0.46      0.47
50  0.567367764 0.0518549052    0.17   0.21      0.62
51  0.560050315 0.0959033326    0.07   0.30      0.63
52  0.548380191 0.1009147691    0.08   0.27      0.65
53  0.708625315 0.0296629448    0.17   0.10      0.73
54  0.046537324 0.1954259279    0.03   0.38      0.59
55  0.400078284 0.0910921763    0.13   0.34      0.53
56  0.677908956 0.0729383563    0.15   0.10      0.75
57  0.191406396 0.0491411195    0.45   0.28      0.27
58  0.195802668 0.1823289387    0.09   0.39      0.52
59  0.376927391 0.0171157490    0.49   0.14      0.37
60  0.467402352 0.0006019301    0.47   0.01      0.52
61  0.448457052 0.0135439385    0.43   0.10      0.47
62  0.114534106 0.0942798674    0.21   0.39      0.40
63  0.448627526 0.0454634866    0.29   0.20      0.51
64  0.109797090 0.0226300652    0.61   0.23      0.16
65  0.579147164 0.1101101388    0.11   0.19      0.70
66  0.696709752 0.0317327294    0.14   0.09      0.77
67  0.306417265 0.0702775677    0.31   0.23      0.46
68  0.270702710 0.1171463437    0.10   0.38      0.52
69  0.462735153 0.0739702943    0.17   0.31      0.52
70  0.266847171 0.0421460522    0.42   0.24      0.34
71  0.003569219 0.1562287314    0.12   0.49      0.39
72  0.307596328 0.0651716453    0.16   0.32      0.52
73  0.010225520 0.0539152732    0.47   0.41      0.12
74  0.567124130 0.0265526599    0.27   0.10      0.63
75  0.060981404 0.1888019857    0.06   0.43      0.51
76  0.323167956 0.2021217870    0.04   0.33      0.63
77  0.296535896 0.0455890645    0.38   0.19      0.43
78  0.500395867 0.0972800474    0.21   0.22      0.57
79  0.650821066 0.0006830818    0.27   0.02      0.71
80  0.481636059 0.0452683137    0.20   0.21      0.59
81  0.665675964 0.0032714680    0.26   0.03      0.71
82  0.103872258 0.1015285992    0.16   0.48      0.36
83  0.144151968 0.1005915955    0.14   0.50      0.36
84  0.593827562 0.0021304009    0.40   0.00      0.60
85  0.509546590 0.1541276395    0.08   0.29      0.63
86  0.520770847 0.0643429894    0.22   0.21      0.57
87  0.326080451 0.0917096275    0.16   0.41      0.43
88  0.387392042 0.0688435694    0.19   0.25      0.56
89  0.286166441 0.1585832348    0.06   0.34      0.60
90  0.440873130 0.0238984746    0.42   0.14      0.44
91  0.079547070 0.0440918575    0.46   0.41      0.13
92  0.379539870 0.1825252450    0.04   0.32      0.64
93  0.524643687 0.0505267677    0.25   0.29      0.46
94  0.749009497 0.0245017020    0.18   0.06      0.76
95  0.502668104 0.0282773373    0.27   0.17      0.56
96  0.354135202 0.0018885068    0.70   0.01      0.29
97  0.102081085 0.0559871288    0.39   0.33      0.28
98  0.608075684 0.0641313717    0.14   0.13      0.73
99  0.318776507 0.0271854850    0.37   0.18      0.45
100 0.448636474 0.0224275957    0.32   0.18      0.50
