     prob.meio    prob.mito euploid mosaic aneuploid
1   0.23634782 0.0677240570    0.20   0.35      0.45
2   0.19892086 0.0647568766    0.27   0.38      0.35
3   0.39492423 0.0091654055    0.51   0.10      0.39
4   0.07253721 0.2259023411    0.00   0.33      0.67
5   0.14426398 0.0770743387    0.30   0.42      0.28
6   0.58205365 0.0372657839    0.22   0.17      0.61
7   0.57872427 0.1212696547    0.06   0.24      0.70
8   0.34489520 0.1304398985    0.10   0.34      0.56
9   0.17588307 0.2008533699    0.04   0.42      0.54
10  0.35220684 0.1525776661    0.06   0.31      0.63
11  0.34581041 0.0716579319    0.23   0.30      0.47
12  0.01442222 0.2001358396    0.00   0.44      0.56
13  0.43004770 0.1543115017    0.05   0.34      0.61
14  0.22493168 0.2160870659    0.01   0.30      0.69
15  0.40919787 0.0729113137    0.25   0.24      0.51
16  0.36160509 0.2203554285    0.01   0.32      0.67
17  0.58090276 0.0754255389    0.20   0.27      0.53
18  0.43999667 0.1700097141    0.02   0.31      0.67
19  0.17665805 0.0305602213    0.56   0.24      0.20
20  0.48509545 0.1199073140    0.10   0.32      0.58
21  0.11718846 0.2219547352    0.02   0.34      0.64
22  0.05711756 0.2194238706    0.00   0.38      0.62
23  0.18858075 0.1460241836    0.06   0.43      0.51
24  0.24605871 0.0896475685    0.22   0.39      0.39
25  0.57828066 0.0438365077    0.20   0.13      0.67
26  0.19272912 0.1506323370    0.10   0.38      0.52
27  0.32277714 0.1726742408    0.05   0.25      0.70
28  0.21055222 0.0857018630    0.19   0.43      0.38
29  0.36739628 0.1702717608    0.04   0.36      0.60
30  0.07581471 0.1240631850    0.12   0.47      0.41
31  0.18262227 0.1838073421    0.02   0.45      0.53
32  0.35061161 0.0691140550    0.27   0.33      0.40
33  0.33488352 0.0311296852    0.40   0.27      0.33
34  0.51539080 0.1713580103    0.03   0.29      0.68
35  0.38337224 0.1394964505    0.07   0.39      0.54
36  0.32033674 0.0882528415    0.22   0.43      0.35
37  0.01883481 0.2356475629    0.02   0.35      0.63
38  0.22744636 0.1208034975    0.14   0.40      0.46
39  0.49503692 0.0509671569    0.22   0.24      0.54
40  0.36217614 0.0039941773    0.63   0.05      0.32
41  0.14024783 0.0685337763    0.29   0.43      0.28
42  0.32421837 0.1338613774    0.12   0.29      0.59
43  0.27126831 0.0494158345    0.39   0.27      0.34
44  0.13044879 0.2130193361    0.01   0.36      0.63
45  0.05544003 0.1835760381    0.04   0.41      0.55
46  0.43187577 0.1436081957    0.06   0.28      0.66
47  0.58219531 0.0777196302    0.11   0.20      0.69
48  0.58650119 0.0347988005    0.17   0.14      0.69
49  0.46281713 0.0153389333    0.42   0.12      0.46
50  0.28685212 0.2275325486    0.01   0.35      0.64
51  0.39405211 0.0698038477    0.23   0.26      0.51
52  0.34155546 0.0523353345    0.28   0.31      0.41
53  0.37531005 0.0202896600    0.45   0.09      0.46
54  0.50942538 0.0262373814    0.30   0.14      0.56
55  0.13243952 0.0583839531    0.37   0.36      0.27
56  0.65657571 0.0054699241    0.37   0.02      0.61
57  0.37938685 0.1828660369    0.04   0.26      0.70
58  0.21936389 0.1966560252    0.01   0.37      0.62
59  0.03642970 0.2259145228    0.03   0.32      0.65
60  0.44810150 0.1629069825    0.02   0.32      0.66
61  0.23281272 0.0914644387    0.26   0.37      0.37
62  0.60029934 0.0096925863    0.44   0.03      0.53
63  0.65135324 0.0027516827    0.42   0.01      0.57
64  0.44769578 0.0005945042    0.52   0.00      0.48
65  0.13947684 0.2074847224    0.04   0.38      0.58
66  0.16168949 0.2073265242    0.02   0.36      0.62
67  0.68134408 0.0037280640    0.34   0.04      0.62
68  0.32788020 0.0069593366    0.72   0.03      0.25
69  0.36276416 0.0242727548    0.40   0.20      0.40
70  0.45236831 0.0973206288    0.12   0.34      0.54
71  0.66949778 0.0511683470    0.18   0.16      0.66
72  0.35575947 0.1198363784    0.04   0.38      0.58
73  0.56602489 0.0902450320    0.16   0.22      0.62
74  0.14786132 0.0263295830    0.57   0.23      0.20
75  0.30557629 0.1617090981    0.07   0.35      0.58
76  0.37151763 0.0615569912    0.26   0.25      0.49
77  0.30230942 0.0364663864    0.40   0.26      0.34
78  0.50370081 0.0363283977    0.29   0.23      0.48
79  0.18057331 0.0482235046    0.36   0.35      0.29
80  0.42082346 0.1529239558    0.04   0.29      0.67
81  0.40806806 0.1208362547    0.09   0.35      0.56
82  0.19618205 0.0495175261    0.37   0.33      0.30
83  0.16704422 0.1659381795    0.06   0.44      0.50
84  0.01710675 0.2541806854    0.00   0.33      0.67
85  0.21271946 0.1586260763    0.03   0.45      0.52
86  0.07583792 0.1011725641    0.25   0.44      0.31
87  0.48925656 0.0063610917    0.44   0.05      0.51
88  0.05220651 0.2334734818    0.03   0.34      0.63
89  0.38409777 0.0437005931    0.32   0.23      0.45
90  0.35746639 0.1377761001    0.06   0.40      0.54
91  0.55546421 0.0012006974    0.44   0.00      0.56
92  0.22968618 0.0961806867    0.16   0.39      0.45
93  0.24778363 0.0365205756    0.41   0.26      0.33
94  0.12928080 0.1499469809    0.05   0.47      0.48
95  0.51901187 0.1454622548    0.06   0.27      0.67
96  0.25837024 0.1921474736    0.02   0.40      0.58
97  0.34387527 0.0708611764    0.32   0.22      0.46
98  0.50485193 0.0535751285    0.19   0.21      0.60
99  0.40162477 0.1056078142    0.17   0.33      0.50
100 0.32941316 0.0294453846    0.47   0.17      0.36
