      prob.meio    prob.mito euploid mosaic aneuploid
1   0.508745772 0.0851636457    0.16   0.26      0.58
2   0.067600770 0.0836139391    0.31   0.38      0.31
3   0.490545383 0.0059872770    0.47   0.07      0.46
4   0.242818821 0.0996939614    0.16   0.37      0.47
5   0.124591179 0.0371430768    0.53   0.31      0.16
6   0.163636580 0.1007395650    0.23   0.43      0.34
7   0.321521132 0.1327839731    0.11   0.45      0.44
8   0.053177822 0.2686739976    0.00   0.32      0.68
9   0.679032212 0.0448146802    0.16   0.15      0.69
10  0.117206226 0.2081818297    0.00   0.34      0.66
11  0.228178515 0.1301155929    0.09   0.44      0.47
12  0.722291161 0.0217687248    0.27   0.06      0.67
13  0.104061359 0.1765270787    0.03   0.33      0.64
14  0.146510528 0.0899730774    0.24   0.39      0.37
15  0.625786720 0.0661003294    0.19   0.19      0.62
16  0.199342747 0.0133062804    0.71   0.10      0.19
17  0.602450333 0.0370814521    0.26   0.15      0.59
18  0.056613204 0.1455889128    0.10   0.46      0.44
19  0.505384088 0.0231823463    0.35   0.17      0.48
20  0.132625899 0.1020333285    0.19   0.47      0.34
21  0.521102884 0.0612576155    0.19   0.23      0.58
22  0.506190276 0.0842503260    0.17   0.26      0.57
23  0.102248701 0.1031369776    0.15   0.46      0.39
24  0.316971275 0.0473362231    0.27   0.30      0.43
25  0.331142858 0.1937264448    0.02   0.35      0.63
26  0.175024728 0.0662057099    0.29   0.38      0.33
27  0.688111112 0.0063146220    0.35   0.06      0.59
28  0.250114014 0.0292681076    0.49   0.23      0.28
29  0.503176654 0.0036728692    0.56   0.01      0.43
30  0.027247534 0.2035113033    0.03   0.41      0.56
31  0.120729923 0.2274587911    0.02   0.42      0.56
32  0.259489243 0.1486162238    0.03   0.45      0.52
33  0.586938360 0.0502577694    0.10   0.18      0.72
34  0.281279347 0.1889245235    0.04   0.29      0.67
35  0.344760928 0.1456759768    0.06   0.34      0.60
36  0.307067801 0.0628357287    0.27   0.30      0.43
37  0.357863513 0.1118116041    0.12   0.35      0.53
38  0.409773990 0.1417082800    0.10   0.27      0.63
39  0.354490950 0.1165908482    0.05   0.28      0.67
40  0.244639095 0.0125297427    0.55   0.13      0.32
41  0.306125591 0.0735145761    0.24   0.29      0.47
42  0.130601311 0.1554804114    0.03   0.44      0.53
43  0.614473337 0.0170408825    0.27   0.09      0.64
44  0.095186459 0.0312912164    0.57   0.28      0.15
45  0.190027971 0.0631431169    0.29   0.38      0.33
46  0.337243404 0.0712109976    0.28   0.36      0.36
47  0.418863148 0.1701183182    0.04   0.29      0.67
48  0.178165363 0.1340445669    0.09   0.42      0.49
49  0.393947094 0.0837393885    0.15   0.30      0.55
50  0.486259829 0.0647518714    0.22   0.27      0.51
51  0.355073895 0.1890184868    0.00   0.30      0.70
52  0.258786201 0.0261841591    0.41   0.27      0.32
53  0.266957054 0.0186744772    0.52   0.15      0.33
54  0.308903527 0.1384967479    0.11   0.33      0.56
55  0.358087857 0.0356259579    0.35   0.25      0.40
56  0.350196319 0.0849420256    0.21   0.26      0.53
57  0.389263126 0.1024855175    0.11   0.28      0.61
58  0.610367390 0.0452840966    0.25   0.14      0.61
59  0.082812634 0.0185463019    0.73   0.13      0.14
60  0.626443839 0.1056290003    0.03   0.26      0.71
61  0.230585197 0.2077875778    0.01   0.34      0.65
62  0.308793440 0.0476706719    0.31   0.29      0.40
63  0.419497190 0.0732331581    0.24   0.29      0.47
64  0.445299413 0.1117061069    0.12   0.38      0.50
65  0.482733420 0.0746507859    0.14   0.26      0.60
66  0.296676462 0.0943828470    0.18   0.37      0.45
67  0.235366371 0.2257905393    0.01   0.32      0.67
68  0.360930401 0.0305433287    0.36   0.25      0.39
69  0.208709874 0.2096448189    0.01   0.33      0.66
70  0.224311835 0.0312676588    0.51   0.27      0.22
71  0.145218007 0.0361724079    0.43   0.32      0.25
72  0.720173886 0.0420028868    0.15   0.19      0.66
73  0.166157059 0.0742204839    0.27   0.39      0.34
74  0.233557966 0.1336208247    0.06   0.41      0.53
75  0.669447711 0.0102755630    0.24   0.07      0.69
76  0.455301255 0.2072085387    0.03   0.26      0.71
77  0.564105224 0.1611545975    0.04   0.28      0.68
78  0.265448658 0.0184568460    0.55   0.15      0.30
79  0.516906448 0.0912430470    0.13   0.22      0.65
80  0.332962902 0.0956600911    0.13   0.37      0.50
81  0.074729606 0.1503938097    0.06   0.46      0.48
82  0.628408253 0.0002946635    0.36   0.01      0.63
83  0.058477452 0.1829420417    0.03   0.41      0.56
84  0.282564779 0.0915203772    0.16   0.34      0.50
85  0.230516141 0.1529015580    0.01   0.45      0.54
86  0.139737034 0.0894274525    0.24   0.44      0.32
87  0.498134152 0.1346896261    0.02   0.31      0.67
88  0.246147372 0.0232854495    0.50   0.22      0.28
89  0.205304540 0.0493756770    0.36   0.34      0.30
90  0.124596712 0.2854021550    0.00   0.32      0.68
91  0.436517342 0.0870821911    0.20   0.16      0.64
92  0.004762655 0.2285724713    0.03   0.36      0.61
93  0.223916613 0.1578310116    0.05   0.34      0.61
94  0.573817269 0.0961356934    0.10   0.26      0.64
95  0.287113224 0.1244313787    0.17   0.27      0.56
96  0.575138014 0.0233022899    0.29   0.13      0.58
97  0.428583932 0.0914890475    0.13   0.33      0.54
98  0.021382877 0.2900389044    0.00   0.31      0.69
99  0.593647708 0.0476838092    0.14   0.17      0.69
100 0.088110720 0.1919248598    0.02   0.40      0.58
