     prob.meio   prob.mito euploid mosaic aneuploid
1   0.56705533 0.128198884    0.04   0.30      0.66
2   0.65258135 0.005777856    0.30   0.05      0.65
3   0.25358189 0.182343003    0.00   0.39      0.61
4   0.37073163 0.168394961    0.03   0.32      0.65
5   0.38559507 0.125903636    0.13   0.23      0.64
6   0.54602012 0.110656070    0.12   0.17      0.71
7   0.55669034 0.122741950    0.05   0.27      0.68
8   0.06035016 0.108483467    0.24   0.45      0.31
9   0.25002347 0.101946715    0.17   0.39      0.44
10  0.30743426 0.033539530    0.41   0.23      0.36
11  0.51115410 0.153631739    0.06   0.26      0.68
12  0.11233143 0.192886320    0.03   0.46      0.51
13  0.24009453 0.001980392    0.75   0.01      0.24
14  0.57117688 0.101449421    0.12   0.24      0.64
15  0.35744977 0.036203478    0.38   0.22      0.40
16  0.13279956 0.225512209    0.01   0.32      0.67
17  0.36266844 0.120698596    0.09   0.45      0.46
18  0.16257892 0.107129001    0.23   0.40      0.37
19  0.60142071 0.034858775    0.24   0.15      0.61
20  0.17852457 0.200929572    0.03   0.33      0.64
21  0.62501017 0.078067910    0.10   0.19      0.71
22  0.36958371 0.022662292    0.46   0.16      0.38
23  0.43524153 0.102374160    0.19   0.23      0.58
24  0.47771150 0.067436352    0.23   0.26      0.51
25  0.01280267 0.211628568    0.01   0.39      0.60
26  0.68893763 0.004156946    0.32   0.02      0.66
27  0.24041796 0.090090324    0.15   0.41      0.44
28  0.12905414 0.052636395    0.43   0.36      0.21
29  0.11323533 0.134452097    0.11   0.41      0.48
30  0.19046685 0.073596289    0.27   0.38      0.35
31  0.41883282 0.006471796    0.44   0.07      0.49
32  0.31647630 0.100348900    0.17   0.29      0.54
33  0.29482890 0.074953204    0.20   0.41      0.39
34  0.13807010 0.083961323    0.21   0.42      0.37
35  0.62301587 0.031451318    0.30   0.09      0.61
36  0.40725392 0.126534459    0.02   0.40      0.58
37  0.50647226 0.041960234    0.27   0.13      0.60
38  0.26705654 0.161154598    0.08   0.41      0.51
39  0.21678011 0.079669649    0.26   0.44      0.30
40  0.16637314 0.147285293    0.06   0.46      0.48
41  0.31684326 0.002584548    0.62   0.03      0.35
42  0.08518449 0.108659144    0.23   0.42      0.35
43  0.12086633 0.127037562    0.16   0.46      0.38
44  0.59566685 0.097717626    0.04   0.29      0.67
45  0.29928568 0.090417363    0.14   0.35      0.51
46  0.13544671 0.216824217    0.03   0.41      0.56
47  0.12622859 0.078930945    0.26   0.42      0.32
48  0.67525809 0.051285121    0.17   0.13      0.70
49  0.06846393 0.173187477    0.04   0.41      0.55
50  0.56034260 0.136243766    0.06   0.26      0.68
51  0.44070854 0.149647044    0.08   0.33      0.59
52  0.16050554 0.079992753    0.17   0.45      0.38
53  0.75241575 0.071699744    0.14   0.16      0.70
54  0.23761450 0.119326343    0.10   0.36      0.54
55  0.61666939 0.068686468    0.22   0.20      0.58
56  0.21698404 0.133516760    0.05   0.42      0.53
57  0.10122492 0.202152783    0.03   0.33      0.64
58  0.47664283 0.054516767    0.25   0.23      0.52
59  0.21902222 0.110693101    0.13   0.39      0.48
60  0.10453156 0.227241346    0.00   0.37      0.63
61  0.51236511 0.036982592    0.38   0.17      0.45
62  0.21598971 0.186664595    0.03   0.44      0.53
63  0.25103570 0.172177444    0.03   0.41      0.56
64  0.13402274 0.093897002    0.20   0.41      0.39
65  0.45828195 0.080387439    0.15   0.32      0.53
66  0.15067905 0.019473023    0.58   0.21      0.21
67  0.06929237 0.192728009    0.01   0.45      0.54
68  0.35118165 0.030282396    0.37   0.24      0.39
69  0.21400314 0.145337801    0.08   0.37      0.55
70  0.18389236 0.182627014    0.02   0.39      0.59
71  0.36196938 0.041609895    0.27   0.23      0.50
72  0.09216639 0.151382227    0.09   0.44      0.47
73  0.25078450 0.103830093    0.14   0.35      0.51
74  0.16688165 0.080396073    0.25   0.42      0.33
75  0.46170751 0.103437635    0.14   0.21      0.65
76  0.21493630 0.251887313    0.02   0.32      0.66
77  0.60604836 0.062877658    0.15   0.21      0.64
78  0.50716304 0.007438824    0.37   0.03      0.60
79  0.23241106 0.139608488    0.05   0.44      0.51
80  0.09426425 0.247654712    0.01   0.33      0.66
81  0.32257719 0.221642948    0.01   0.33      0.66
82  0.19893099 0.026544758    0.46   0.25      0.29
83  0.61277668 0.037228675    0.27   0.12      0.61
84  0.32904637 0.141055092    0.07   0.32      0.61
85  0.22708112 0.233929095    0.01   0.30      0.69
86  0.25915977 0.126433863    0.10   0.36      0.54
87  0.42200720 0.004493314    0.56   0.06      0.38
88  0.34070153 0.092880790    0.13   0.37      0.50
89  0.47690110 0.031078160    0.30   0.20      0.50
90  0.21715805 0.114816632    0.16   0.47      0.37
91  0.62983353 0.009186278    0.31   0.05      0.64
92  0.22686339 0.137768714    0.04   0.41      0.55
93  0.56812725 0.003406970    0.36   0.01      0.63
94  0.02992540 0.180061003    0.09   0.37      0.54
95  0.61557946 0.085205796    0.07   0.23      0.70
96  0.52396272 0.117673813    0.12   0.22      0.66
97  0.17963958 0.190398381    0.01   0.45      0.54
98  0.42362857 0.188358205    0.03   0.28      0.69
99  0.17627265 0.007413395    0.70   0.13      0.17
100 0.62822932 0.079320177    0.12   0.31      0.57
