     prob.meio   prob.mito euploid mosaic aneuploid
1   0.60670143 0.057577494    0.22   0.16      0.62
2   0.39041631 0.009739496    0.57   0.04      0.39
3   0.45731618 0.128461887    0.10   0.28      0.62
4   0.35163390 0.158184046    0.05   0.33      0.62
5   0.44438901 0.091623592    0.17   0.24      0.59
6   0.11387735 0.194692710    0.02   0.37      0.61
7   0.54628972 0.081265797    0.13   0.19      0.68
8   0.12656159 0.110885211    0.17   0.43      0.40
9   0.62249353 0.013849396    0.36   0.10      0.54
10  0.54076438 0.082847808    0.17   0.19      0.64
11  0.26182292 0.061768229    0.23   0.35      0.42
12  0.43630934 0.095723721    0.16   0.30      0.54
13  0.23801443 0.185921861    0.02   0.40      0.58
14  0.11801305 0.161768328    0.06   0.44      0.50
15  0.74002053 0.023393240    0.23   0.09      0.68
16  0.25725072 0.200919571    0.01   0.34      0.65
17  0.24322671 0.104422983    0.16   0.33      0.51
18  0.49332943 0.100601912    0.08   0.30      0.62
19  0.07312505 0.121454938    0.09   0.45      0.46
20  0.33162403 0.143368468    0.04   0.42      0.54
21  0.50429568 0.133613581    0.07   0.28      0.65
22  0.43459368 0.062112161    0.25   0.26      0.49
23  0.28724905 0.191188109    0.05   0.29      0.66
24  0.25704749 0.187311858    0.06   0.32      0.62
25  0.18999950 0.184501211    0.02   0.42      0.56
26  0.46994036 0.041487643    0.32   0.21      0.47
27  0.37867280 0.055465552    0.22   0.27      0.51
28  0.59788774 0.026007152    0.26   0.08      0.66
29  0.37560185 0.062978458    0.28   0.27      0.45
30  0.25047542 0.159562314    0.09   0.28      0.63
31  0.50225353 0.035105094    0.28   0.20      0.52
32  0.33225012 0.060975221    0.28   0.34      0.38
33  0.14658769 0.060999370    0.38   0.33      0.29
34  0.26680950 0.075320027    0.30   0.26      0.44
35  0.57086171 0.116330529    0.07   0.24      0.69
36  0.10283957 0.124817339    0.14   0.45      0.41
37  0.35030733 0.079083455    0.24   0.38      0.38
38  0.48802103 0.082337755    0.12   0.25      0.63
39  0.04879482 0.183288250    0.06   0.45      0.49
40  0.36037736 0.082543563    0.19   0.29      0.52
41  0.07578348 0.236930301    0.01   0.36      0.63
42  0.43459748 0.167309065    0.05   0.34      0.61
43  0.27472991 0.160230258    0.04   0.41      0.55
44  0.30861973 0.005789753    0.59   0.05      0.36
45  0.30717657 0.174097487    0.04   0.39      0.57
46  0.19900407 0.186104890    0.01   0.36      0.63
47  0.68859737 0.058412811    0.10   0.21      0.69
48  0.18513724 0.172393599    0.05   0.43      0.52
49  0.45642557 0.043062478    0.26   0.17      0.57
50  0.09991277 0.219604677    0.01   0.39      0.60
51  0.46273311 0.138482488    0.05   0.30      0.65
52  0.04577183 0.142880146    0.06   0.39      0.55
53  0.27381244 0.131732875    0.11   0.43      0.46
54  0.32241043 0.147942262    0.03   0.34      0.63
55  0.34720810 0.063254670    0.26   0.29      0.45
56  0.24488044 0.018100547    0.49   0.24      0.27
57  0.38640464 0.074077631    0.19   0.34      0.47
58  0.41789894 0.017520125    0.44   0.17      0.39
59  0.44621977 0.163892328    0.05   0.30      0.65
60  0.39921051 0.207611385    0.04   0.29      0.67
61  0.38158161 0.106123549    0.08   0.38      0.54
62  0.48598987 0.105914487    0.10   0.22      0.68
63  0.17200077 0.110408374    0.10   0.43      0.47
64  0.28784791 0.095718231    0.17   0.42      0.41
65  0.39491564 0.096274314    0.11   0.32      0.57
66  0.51295816 0.035207881    0.34   0.18      0.48
67  0.46207057 0.054368408    0.25   0.16      0.59
68  0.23548764 0.122273730    0.07   0.43      0.50
69  0.26902550 0.172406317    0.04   0.33      0.63
70  0.20681682 0.066152486    0.32   0.34      0.34
71  0.42853983 0.050112671    0.20   0.30      0.50
72  0.25473337 0.162315877    0.03   0.32      0.65
73  0.51061027 0.006482550    0.48   0.05      0.47
74  0.43044496 0.021779295    0.36   0.17      0.47
75  0.42438063 0.043925464    0.31   0.25      0.44
76  0.41656552 0.031432178    0.34   0.19      0.47
77  0.07997831 0.046830656    0.49   0.32      0.19
78  0.56632158 0.006056048    0.37   0.04      0.59
79  0.61557644 0.129833268    0.06   0.28      0.66
80  0.49398362 0.143068928    0.06   0.27      0.67
81  0.21625890 0.048482925    0.41   0.24      0.35
82  0.26554385 0.166370089    0.03   0.34      0.63
83  0.16935581 0.202460906    0.03   0.38      0.59
84  0.41086153 0.030921742    0.41   0.15      0.44
85  0.29170568 0.157064789    0.04   0.37      0.59
86  0.59130528 0.108132383    0.10   0.23      0.67
87  0.27185583 0.091294352    0.15   0.44      0.41
88  0.74289592 0.042639831    0.18   0.13      0.69
89  0.19681549 0.167782734    0.08   0.37      0.55
90  0.14950532 0.013571695    0.66   0.12      0.22
91  0.20751073 0.178122324    0.05   0.42      0.53
92  0.19823266 0.038564660    0.45   0.30      0.25
93  0.44232083 0.103699606    0.09   0.33      0.58
94  0.42996272 0.078243547    0.12   0.37      0.51
95  0.26558249 0.144636749    0.10   0.40      0.50
96  0.45691654 0.023466528    0.27   0.10      0.63
97  0.38115781 0.097419436    0.10   0.33      0.57
98  0.32606211 0.125347739    0.11   0.30      0.59
99  0.27452916 0.166976248    0.03   0.40      0.57
100 0.30092643 0.088747176    0.20   0.38      0.42
