      prob.meio   prob.mito euploid mosaic aneuploid
1   0.343542711 0.113693456    0.09   0.34      0.57
2   0.333357400 0.140385437    0.06   0.40      0.54
3   0.564728936 0.039918893    0.19   0.14      0.67
4   0.036496114 0.114273505    0.22   0.47      0.31
5   0.124445430 0.176503981    0.05   0.35      0.60
6   0.210599524 0.032177210    0.39   0.30      0.31
7   0.162042866 0.143549695    0.08   0.40      0.52
8   0.218749287 0.050133236    0.46   0.27      0.27
9   0.053852862 0.027096031    0.58   0.26      0.16
10  0.220701282 0.042172424    0.45   0.30      0.25
11  0.020615437 0.056417375    0.41   0.42      0.17
12  0.109335474 0.117970385    0.15   0.52      0.33
13  0.347285628 0.119346159    0.13   0.28      0.59
14  0.147956347 0.039014718    0.55   0.31      0.14
15  0.398157857 0.037529218    0.39   0.16      0.45
16  0.535397986 0.026555192    0.37   0.11      0.52
17  0.315652270 0.087292409    0.32   0.32      0.36
18  0.151383232 0.008655210    0.69   0.14      0.17
19  0.159880926 0.046000941    0.35   0.39      0.26
20  0.223859878 0.058019416    0.26   0.41      0.33
21  0.143257514 0.094110572    0.20   0.48      0.32
22  0.673554739 0.057222412    0.10   0.18      0.72
23  0.481556284 0.152292355    0.08   0.30      0.62
24  0.242484173 0.049210437    0.36   0.32      0.32
25  0.402744181 0.077241280    0.21   0.25      0.54
26  0.228422279 0.173728565    0.05   0.39      0.56
27  0.472770035 0.030787261    0.28   0.20      0.52
28  0.392992495 0.037212361    0.28   0.34      0.38
29  0.586917836 0.051454573    0.20   0.19      0.61
30  0.399664334 0.098094119    0.13   0.37      0.50
31  0.528875556 0.079846228    0.18   0.27      0.55
32  0.507479249 0.169570238    0.09   0.22      0.69
33  0.243181571 0.045327417    0.34   0.33      0.33
34  0.553116866 0.051243489    0.26   0.13      0.61
35  0.124920977 0.153132435    0.07   0.44      0.49
36  0.151689560 0.057577328    0.38   0.40      0.22
37  0.025309374 0.072175578    0.40   0.35      0.25
38  0.227007479 0.070489753    0.23   0.43      0.34
39  0.369033517 0.138487327    0.09   0.34      0.57
40  0.026815686 0.066462104    0.37   0.40      0.23
41  0.054346362 0.116158686    0.17   0.52      0.31
42  0.457023853 0.106827613    0.08   0.29      0.63
43  0.260934184 0.019553332    0.57   0.17      0.26
44  0.011545719 0.072593264    0.38   0.44      0.18
45  0.549237256 0.095407854    0.08   0.25      0.67
46  0.638393374 0.025215236    0.17   0.06      0.77
47  0.356647686 0.080453808    0.15   0.29      0.56
48  0.618296491 0.020143714    0.33   0.13      0.54
49  0.144817466 0.063537415    0.34   0.43      0.23
50  0.422227688 0.135936587    0.06   0.29      0.65
51  0.200780089 0.056105508    0.36   0.31      0.33
52  0.470481547 0.052071231    0.29   0.16      0.55
53  0.328222018 0.034950385    0.40   0.26      0.34
54  0.321922820 0.053670035    0.28   0.34      0.38
55  0.639290906 0.071454914    0.11   0.24      0.65
56  0.366033083 0.170917418    0.04   0.36      0.60
57  0.147924673 0.130705416    0.12   0.44      0.44
58  0.668683249 0.008296825    0.27   0.02      0.71
59  0.205875343 0.137374700    0.12   0.37      0.51
60  0.064367465 0.099213580    0.28   0.43      0.29
61  0.440577802 0.145007212    0.08   0.25      0.67
62  0.189998766 0.050636289    0.40   0.35      0.25
63  0.649494948 0.022821745    0.23   0.07      0.70
64  0.313413785 0.115581108    0.11   0.39      0.50
65  0.424397107 0.102550173    0.12   0.26      0.62
66  0.144895278 0.110148809    0.21   0.40      0.39
67  0.535037918 0.060860844    0.16   0.25      0.59
68  0.474348330 0.007962972    0.45   0.07      0.48
69  0.589398581 0.101113642    0.08   0.23      0.69
70  0.007215697 0.053841327    0.41   0.45      0.14
71  0.203440429 0.034965085    0.49   0.29      0.22
72  0.201825186 0.069323381    0.27   0.42      0.31
73  0.628761600 0.041158061    0.17   0.13      0.70
74  0.251417110 0.010614500    0.63   0.12      0.25
75  0.453208593 0.014250912    0.38   0.14      0.48
76  0.070696056 0.046302950    0.40   0.43      0.17
77  0.163283277 0.047264527    0.35   0.38      0.27
78  0.421007190 0.012829216    0.53   0.10      0.37
79  0.548537700 0.072609883    0.24   0.18      0.58
80  0.131748979 0.066431136    0.29   0.34      0.37
81  0.594891494 0.080418173    0.13   0.21      0.66
82  0.443089870 0.122990342    0.11   0.32      0.57
83  0.404520579 0.060541253    0.23   0.24      0.53
84  0.312770214 0.005551687    0.70   0.02      0.28
85  0.620528982 0.091503172    0.10   0.21      0.69
86  0.481499652 0.066172650    0.19   0.33      0.48
87  0.738732102 0.047337716    0.14   0.12      0.74
88  0.334370189 0.013957578    0.44   0.12      0.44
89  0.234674101 0.105830993    0.22   0.36      0.42
90  0.415100752 0.010560516    0.55   0.11      0.34
91  0.411198918 0.141327235    0.07   0.42      0.51
92  0.247150187 0.073715642    0.30   0.28      0.42
93  0.441492202 0.094275672    0.11   0.30      0.59
94  0.292862719 0.092792525    0.19   0.38      0.43
95  0.611793400 0.029752018    0.29   0.17      0.54
96  0.442170672 0.077725201    0.16   0.30      0.54
97  0.470270400 0.047420562    0.20   0.26      0.54
98  0.623624620 0.023508220    0.33   0.04      0.63
99  0.545006856 0.115659571    0.07   0.26      0.67
100 0.223301589 0.144966668    0.11   0.37      0.52
