       prob.meio   prob.mito euploid mosaic aneuploid
1   0.5063417971 0.001954405    0.42   0.04      0.54
2   0.5292684047 0.103691590    0.09   0.25      0.66
3   0.3566251511 0.064136112    0.34   0.28      0.38
4   0.4787848613 0.028149303    0.31   0.15      0.54
5   0.0534816699 0.128572898    0.13   0.52      0.35
6   0.2707768218 0.055709393    0.25   0.31      0.44
7   0.6178381955 0.035256532    0.28   0.12      0.60
8   0.1170439736 0.187323373    0.03   0.29      0.68
9   0.3971114571 0.090058335    0.14   0.32      0.54
10  0.6926153365 0.039254867    0.20   0.16      0.64
11  0.1457181443 0.048914558    0.45   0.35      0.20
12  0.0517021324 0.159958942    0.04   0.46      0.50
13  0.3726417869 0.158077352    0.03   0.34      0.63
14  0.2836728659 0.122862368    0.10   0.30      0.60
15  0.3442310749 0.201598676    0.04   0.32      0.64
16  0.2184256536 0.075693646    0.24   0.47      0.29
17  0.0553403310 0.170580967    0.05   0.42      0.53
18  0.0452975652 0.121602970    0.09   0.53      0.38
19  0.0790716629 0.250776742    0.00   0.33      0.67
20  0.3111888135 0.128388903    0.11   0.31      0.58
21  0.3469141489 0.013296807    0.46   0.15      0.39
22  0.5855481804 0.045658159    0.20   0.13      0.67
23  0.4251422626 0.087252562    0.13   0.39      0.48
24  0.1501406194 0.133397315    0.10   0.43      0.47
25  0.3286944388 0.117277036    0.13   0.30      0.57
26  0.3207418695 0.102171540    0.11   0.37      0.52
27  0.4750554797 0.096949587    0.19   0.26      0.55
28  0.4119624270 0.194826768    0.03   0.33      0.64
29  0.2021341491 0.149808643    0.03   0.39      0.58
30  0.0529168691 0.115030627    0.13   0.56      0.31
31  0.3591002556 0.066399937    0.17   0.26      0.57
32  0.5264912185 0.009872389    0.47   0.07      0.46
33  0.0649428484 0.084896026    0.24   0.40      0.36
34  0.2134551464 0.053118464    0.39   0.32      0.29
35  0.1951285801 0.160277334    0.06   0.47      0.47
36  0.2534199592 0.045951180    0.43   0.27      0.30
37  0.0012055077 0.169733340    0.05   0.50      0.45
38  0.2690041794 0.167585059    0.02   0.42      0.56
39  0.3337208941 0.051221960    0.26   0.26      0.48
40  0.4581826194 0.072341465    0.16   0.26      0.58
41  0.3846651476 0.062550670    0.20   0.25      0.55
42  0.2058476000 0.086220483    0.28   0.44      0.28
43  0.1357161305 0.151492322    0.09   0.40      0.51
44  0.0981614012 0.138601041    0.14   0.37      0.49
45  0.6189315403 0.066225402    0.08   0.24      0.68
46  0.5064517355 0.007079907    0.35   0.06      0.59
47  0.5182471103 0.053429085    0.18   0.25      0.57
48  0.2967589560 0.095063369    0.13   0.29      0.58
49  0.5465812322 0.123745627    0.06   0.27      0.67
50  0.2832906484 0.027986223    0.38   0.22      0.40
51  0.0005692306 0.119989112    0.12   0.47      0.41
52  0.3619032262 0.106940202    0.14   0.28      0.58
53  0.1618839060 0.062932242    0.28   0.42      0.30
54  0.5041380003 0.031318433    0.33   0.19      0.48
55  0.1630361036 0.148266010    0.08   0.39      0.53
56  0.0017264981 0.185002984    0.03   0.47      0.50
57  0.2216205692 0.085017618    0.26   0.33      0.41
58  0.1534484730 0.230028809    0.01   0.33      0.66
59  0.4153537974 0.066935317    0.22   0.29      0.49
60  0.6190624938 0.039115409    0.17   0.16      0.67
61  0.5882114889 0.067720382    0.19   0.16      0.65
62  0.0094062779 0.090383105    0.31   0.48      0.21
63  0.2812864769 0.055992731    0.25   0.26      0.49
64  0.5013161309 0.156748838    0.05   0.27      0.68
65  0.1187829399 0.120236394    0.17   0.46      0.37
66  0.2060472742 0.111447593    0.14   0.45      0.41
67  0.0657433763 0.169159992    0.04   0.49      0.47
68  0.1133664101 0.174672678    0.04   0.40      0.56
69  0.2547822425 0.188041850    0.04   0.34      0.62
70  0.2381522746 0.173362897    0.06   0.33      0.61
71  0.1860005113 0.071427790    0.27   0.42      0.31
72  0.2481345988 0.215362804    0.00   0.42      0.58
73  0.5235295882 0.029689271    0.35   0.10      0.55
74  0.0929097633 0.044627628    0.41   0.40      0.19
75  0.3529458044 0.110192436    0.14   0.33      0.53
76  0.0801175134 0.227031556    0.00   0.33      0.67
77  0.1994133734 0.117653623    0.13   0.37      0.50
78  0.1575599003 0.237692026    0.00   0.32      0.68
79  0.1085459301 0.100458840    0.21   0.46      0.33
80  0.1380335754 0.052578951    0.44   0.37      0.19
81  0.6957773110 0.035329738    0.22   0.12      0.66
82  0.5911366586 0.038353897    0.20   0.16      0.64
83  0.3355118216 0.004455676    0.64   0.06      0.30
84  0.0006053378 0.092020130    0.21   0.54      0.25
85  0.0886620176 0.203502794    0.00   0.35      0.65
86  0.6291135715 0.077268595    0.13   0.23      0.64
87  0.3656039829 0.005554515    0.54   0.09      0.37
88  0.5615298543 0.071149490    0.14   0.22      0.64
89  0.6132922785 0.093339441    0.10   0.23      0.67
90  0.0158801379 0.243915071    0.01   0.32      0.67
91  0.0573303616 0.237278839    0.00   0.43      0.57
92  0.3805854598 0.110686874    0.11   0.34      0.55
93  0.6528641232 0.027541175    0.35   0.08      0.57
94  0.2792339118 0.006593529    0.64   0.09      0.27
95  0.4473441166 0.143676695    0.05   0.33      0.62
96  0.1618381548 0.115866156    0.12   0.48      0.40
97  0.3000327181 0.157586308    0.07   0.42      0.51
98  0.0774211737 0.159574102    0.02   0.50      0.48
99  0.4038310256 0.071431016    0.22   0.31      0.47
100 0.2470670424 0.204352171    0.03   0.36      0.61
