     prob.meio    prob.mito euploid mosaic aneuploid
1   0.54806108 0.1190971709    0.06   0.28      0.66
2   0.13813086 0.0819904313    0.24   0.41      0.35
3   0.36320487 0.0804337559    0.19   0.26      0.55
4   0.23617874 0.0454468387    0.50   0.29      0.21
5   0.46920187 0.1038351227    0.14   0.29      0.57
6   0.56588492 0.0083643473    0.42   0.03      0.55
7   0.42841993 0.0518305565    0.24   0.24      0.52
8   0.37261781 0.1195989831    0.09   0.32      0.59
9   0.02913893 0.0825747764    0.25   0.50      0.25
10  0.47747576 0.0169288293    0.47   0.07      0.46
11  0.05049859 0.0702713577    0.34   0.46      0.20
12  0.71464984 0.0019470260    0.24   0.04      0.72
13  0.60614199 0.0629856633    0.16   0.21      0.63
14  0.35042357 0.0652750034    0.23   0.27      0.50
15  0.61939309 0.0630446188    0.21   0.15      0.64
16  0.54403490 0.0961306079    0.12   0.20      0.68
17  0.60711448 0.1078165786    0.12   0.22      0.66
18  0.21261668 0.1371837722    0.07   0.38      0.55
19  0.42265960 0.1174333051    0.08   0.40      0.52
20  0.15662542 0.0293348716    0.52   0.30      0.18
21  0.51356259 0.0500094730    0.29   0.20      0.51
22  0.11797644 0.1707376498    0.08   0.38      0.54
23  0.53023783 0.0970785788    0.14   0.23      0.63
24  0.33634890 0.1412496956    0.08   0.39      0.53
25  0.26611443 0.1410024336    0.09   0.41      0.50
26  0.48261237 0.0371992800    0.30   0.18      0.52
27  0.61068800 0.0707223353    0.15   0.21      0.64
28  0.16740180 0.1461017160    0.07   0.39      0.54
29  0.29664439 0.0955589379    0.17   0.46      0.37
30  0.29857713 0.1045801269    0.14   0.38      0.48
31  0.19391392 0.0390150032    0.36   0.33      0.31
32  0.44196425 0.0797973694    0.16   0.32      0.52
33  0.48197683 0.1549209394    0.05   0.30      0.65
34  0.22096543 0.1302088948    0.14   0.41      0.45
35  0.70751376 0.0488941374    0.16   0.08      0.76
36  0.25533269 0.0787936256    0.24   0.35      0.41
37  0.43130366 0.1119975708    0.15   0.32      0.53
38  0.41355698 0.0410892260    0.36   0.15      0.49
39  0.29722999 0.1252408298    0.08   0.47      0.45
40  0.44799795 0.0185692136    0.39   0.10      0.51
41  0.36514245 0.0742014893    0.19   0.37      0.44
42  0.65654711 0.0818509243    0.11   0.18      0.71
43  0.02032789 0.0828129807    0.21   0.48      0.31
44  0.21668556 0.0600844407    0.30   0.30      0.40
45  0.24044230 0.0879594928    0.17   0.45      0.38
46  0.52347198 0.0042643324    0.52   0.01      0.47
47  0.60170748 0.0547021755    0.23   0.10      0.67
48  0.31765346 0.1605950589    0.05   0.34      0.61
49  0.35731112 0.0067986352    0.62   0.06      0.32
50  0.10681241 0.0750301715    0.30   0.41      0.29
51  0.50310511 0.0917151484    0.12   0.29      0.59
52  0.09941603 0.0301282927    0.56   0.30      0.14
53  0.24008940 0.0719468214    0.37   0.31      0.32
54  0.63957586 0.1134989201    0.09   0.19      0.72
55  0.11397663 0.0499743591    0.42   0.37      0.21
56  0.26851506 0.1289310751    0.07   0.32      0.61
57  0.75779004 0.0181590877    0.25   0.05      0.70
58  0.51829697 0.0012548610    0.48   0.01      0.51
59  0.41731871 0.0497176044    0.16   0.25      0.59
60  0.41623373 0.0104332827    0.55   0.07      0.38
61  0.25643113 0.0563372271    0.38   0.30      0.32
62  0.59322295 0.0270994734    0.26   0.12      0.62
63  0.17683361 0.1532521795    0.05   0.40      0.55
64  0.52832886 0.0630993387    0.12   0.23      0.65
65  0.36547856 0.0577503357    0.25   0.38      0.37
66  0.56724299 0.0988954126    0.10   0.22      0.68
67  0.45675592 0.0672529142    0.16   0.28      0.56
68  0.15946205 0.0657286358    0.42   0.31      0.27
69  0.12165587 0.0952322087    0.20   0.40      0.40
70  0.20433913 0.1714823835    0.05   0.39      0.56
71  0.27819482 0.1258322978    0.13   0.42      0.45
72  0.16858614 0.0627770228    0.35   0.42      0.23
73  0.09439352 0.0757663064    0.32   0.47      0.21
74  0.19372785 0.0471268399    0.42   0.32      0.26
75  0.29624135 0.0001958234    0.66   0.00      0.34
76  0.25303398 0.1903378591    0.05   0.32      0.63
77  0.34901409 0.0099118974    0.51   0.09      0.40
78  0.29862125 0.0755378723    0.27   0.34      0.39
79  0.26611302 0.0568880634    0.29   0.36      0.35
80  0.21247048 0.1573402053    0.13   0.37      0.50
81  0.04711630 0.1457518411    0.12   0.48      0.40
82  0.26525261 0.0553862355    0.31   0.28      0.41
83  0.43699059 0.0335272560    0.29   0.20      0.51
84  0.50573502 0.0550802888    0.21   0.22      0.57
85  0.23449075 0.2009675701    0.05   0.32      0.63
86  0.53538476 0.0490698973    0.22   0.13      0.65
87  0.44802007 0.0827125625    0.15   0.24      0.61
88  0.05573706 0.0436641453    0.42   0.41      0.17
89  0.61478125 0.0213083560    0.22   0.13      0.65
90  0.09643408 0.0626409983    0.38   0.40      0.22
91  0.41610561 0.1138045187    0.10   0.27      0.63
92  0.48752699 0.1453680512    0.07   0.26      0.67
93  0.77568643 0.0128639282    0.27   0.04      0.69
94  0.06119574 0.1500179567    0.17   0.43      0.40
95  0.16770992 0.0607103705    0.29   0.42      0.29
96  0.41453343 0.0662080622    0.15   0.30      0.55
97  0.10810452 0.0583979329    0.39   0.31      0.30
98  0.80276507 0.0045803708    0.22   0.02      0.76
99  0.62393702 0.1067764813    0.09   0.20      0.71
100 0.18056235 0.1426663252    0.13   0.38      0.49
