      prob.meio   prob.mito euploid mosaic aneuploid
1   0.310768985 0.082934416    0.20   0.34      0.46
2   0.399752209 0.063494376    0.32   0.22      0.46
3   0.404830039 0.092272984    0.13   0.25      0.62
4   0.503703546 0.023989066    0.32   0.14      0.54
5   0.505758217 0.072366668    0.22   0.19      0.59
6   0.258390795 0.089449007    0.17   0.31      0.52
7   0.517757230 0.153057347    0.04   0.30      0.66
8   0.309130072 0.041158730    0.38   0.23      0.39
9   0.292736611 0.113754602    0.16   0.37      0.47
10  0.415538599 0.058240571    0.31   0.27      0.42
11  0.550781792 0.025459729    0.37   0.14      0.49
12  0.500868846 0.161297079    0.04   0.29      0.67
13  0.330115220 0.123055228    0.09   0.36      0.55
14  0.449408228 0.145504889    0.04   0.30      0.66
15  0.337878645 0.165744641    0.04   0.36      0.60
16  0.184424705 0.099385566    0.25   0.40      0.35
17  0.472550421 0.166087446    0.02   0.37      0.61
18  0.106345633 0.215297313    0.02   0.37      0.61
19  0.175844725 0.087125818    0.19   0.39      0.42
20  0.290927048 0.076555473    0.21   0.32      0.47
21  0.300224905 0.148128166    0.07   0.35      0.58
22  0.330697270 0.123182314    0.12   0.40      0.48
23  0.073867976 0.216936209    0.03   0.37      0.60
24  0.311483794 0.160181280    0.05   0.42      0.53
25  0.667567315 0.047296309    0.15   0.17      0.68
26  0.395046637 0.123247298    0.07   0.32      0.61
27  0.196494752 0.180165858    0.04   0.31      0.65
28  0.363788316 0.036416446    0.35   0.24      0.41
29  0.356247747 0.076962366    0.14   0.40      0.46
30  0.290366726 0.063331059    0.30   0.34      0.36
31  0.245833332 0.100084833    0.17   0.43      0.40
32  0.424695610 0.009613042    0.49   0.10      0.41
33  0.252029735 0.022250887    0.57   0.13      0.30
34  0.229058797 0.147095746    0.08   0.39      0.53
35  0.391666242 0.110844876    0.10   0.34      0.56
36  0.430123657 0.130503583    0.06   0.31      0.63
37  0.103152051 0.072575879    0.31   0.40      0.29
38  0.352100272 0.113881765    0.10   0.31      0.59
39  0.209243362 0.117952755    0.15   0.43      0.42
40  0.265103440 0.026527935    0.55   0.16      0.29
41  0.604767990 0.035858141    0.27   0.12      0.61
42  0.363147951 0.045247089    0.32   0.22      0.46
43  0.327156426 0.111493689    0.12   0.32      0.56
44  0.500328990 0.045272193    0.26   0.17      0.57
45  0.542904410 0.014820027    0.39   0.06      0.55
46  0.187260714 0.027130844    0.54   0.24      0.22
47  0.558301797 0.062595232    0.15   0.19      0.66
48  0.482140322 0.067158672    0.19   0.23      0.58
49  0.223095930 0.004023517    0.66   0.07      0.27
50  0.288096717 0.091241436    0.20   0.42      0.38
51  0.529396135 0.142562958    0.06   0.27      0.67
52  0.488353880 0.064647402    0.18   0.20      0.62
53  0.037073204 0.192511970    0.04   0.37      0.59
54  0.388533995 0.036040340    0.28   0.28      0.44
55  0.386806584 0.085844692    0.12   0.40      0.48
56  0.227277810 0.095225530    0.15   0.44      0.41
57  0.351559483 0.176805366    0.02   0.33      0.65
58  0.470570592 0.138987342    0.10   0.22      0.68
59  0.357915592 0.046760161    0.30   0.24      0.46
60  0.154611034 0.061789751    0.39   0.31      0.30
61  0.305694268 0.188111149    0.05   0.37      0.58
62  0.228103518 0.090067520    0.19   0.44      0.37
63  0.280731116 0.096599324    0.18   0.37      0.45
64  0.507000204 0.061583098    0.20   0.13      0.67
65  0.260564580 0.140412010    0.14   0.29      0.57
66  0.538082122 0.073242607    0.21   0.20      0.59
67  0.494797476 0.150206041    0.07   0.28      0.65
68  0.158769493 0.111617066    0.11   0.39      0.50
69  0.258916418 0.168298492    0.06   0.37      0.57
70  0.563644842 0.084337520    0.09   0.24      0.67
71  0.381955205 0.159379214    0.06   0.30      0.64
72  0.454929996 0.064798676    0.13   0.25      0.62
73  0.540972427 0.126817483    0.07   0.27      0.66
74  0.199267557 0.120770112    0.14   0.39      0.47
75  0.231710129 0.050473697    0.36   0.21      0.43
76  0.431742863 0.004452698    0.61   0.06      0.33
77  0.574566331 0.069362169    0.11   0.27      0.62
78  0.267689450 0.044262901    0.37   0.35      0.28
79  0.604190270 0.071099067    0.09   0.24      0.67
80  0.410720534 0.064025749    0.13   0.39      0.48
81  0.190566338 0.041407410    0.42   0.30      0.28
82  0.377788075 0.015128531    0.51   0.19      0.30
83  0.136795994 0.221389152    0.03   0.34      0.63
84  0.591822456 0.005453741    0.46   0.04      0.50
85  0.395609712 0.061649375    0.29   0.27      0.44
86  0.380407043 0.022487954    0.43   0.18      0.39
87  0.447709613 0.110161399    0.08   0.35      0.57
88  0.329757155 0.118440588    0.10   0.32      0.58
89  0.290536844 0.130243135    0.09   0.36      0.55
90  0.155709042 0.124385099    0.10   0.38      0.52
91  0.254329832 0.124532459    0.08   0.40      0.52
92  0.238413696 0.001057958    0.74   0.01      0.25
93  0.453257438 0.112376047    0.13   0.25      0.62
94  0.201560141 0.198250766    0.04   0.34      0.62
95  0.004744621 0.225197001    0.02   0.41      0.57
96  0.345876169 0.015266320    0.48   0.14      0.38
97  0.569179676 0.020354304    0.29   0.12      0.59
98  0.296589237 0.073131163    0.32   0.33      0.35
99  0.544756886 0.029399666    0.33   0.17      0.50
100 0.217429671 0.158601450    0.06   0.37      0.57
