      prob.meio   prob.mito euploid mosaic aneuploid
1   0.589766370 0.051669281    0.21   0.13      0.66
2   0.512257213 0.059826543    0.21   0.20      0.59
3   0.399564688 0.008410079    0.46   0.13      0.41
4   0.455564386 0.060714016    0.25   0.20      0.55
5   0.177139137 0.133523038    0.10   0.42      0.48
6   0.445501747 0.003413951    0.55   0.02      0.43
7   0.008017287 0.219212131    0.02   0.36      0.62
8   0.189619230 0.154628702    0.10   0.34      0.56
9   0.151835951 0.015754600    0.70   0.15      0.15
10  0.593015329 0.111145174    0.06   0.24      0.70
11  0.256679686 0.081912653    0.19   0.39      0.42
12  0.421066637 0.126390393    0.10   0.20      0.70
13  0.207311120 0.120995572    0.15   0.42      0.43
14  0.411881667 0.074467155    0.17   0.25      0.58
15  0.225516035 0.114769330    0.18   0.40      0.42
16  0.131871617 0.208555790    0.01   0.43      0.56
17  0.525671135 0.034505225    0.26   0.18      0.56
18  0.213460281 0.150121666    0.05   0.38      0.57
19  0.001462564 0.208145709    0.01   0.40      0.59
20  0.312853470 0.045805648    0.35   0.26      0.39
21  0.433014184 0.145513409    0.06   0.28      0.66
22  0.525943345 0.027980531    0.31   0.12      0.57
23  0.203789660 0.067828628    0.24   0.38      0.38
24  0.558477415 0.070399909    0.16   0.24      0.60
25  0.268189175 0.087693649    0.13   0.42      0.45
26  0.258507195 0.132718316    0.11   0.34      0.55
27  0.689423367 0.003521589    0.34   0.05      0.61
28  0.248430840 0.021758552    0.53   0.22      0.25
29  0.322482875 0.022205021    0.51   0.10      0.39
30  0.295008946 0.137815859    0.04   0.33      0.63
31  0.522868113 0.095487154    0.15   0.28      0.57
32  0.329794907 0.174568793    0.05   0.37      0.58
33  0.274965481 0.043324618    0.36   0.26      0.38
34  0.571084092 0.167863274    0.06   0.29      0.65
35  0.676340026 0.010828825    0.34   0.06      0.60
36  0.651410755 0.047504344    0.10   0.22      0.68
37  0.566887837 0.114981201    0.09   0.23      0.68
38  0.360028655 0.058172226    0.29   0.27      0.44
39  0.255462938 0.108781722    0.15   0.42      0.43
40  0.249867740 0.080203846    0.26   0.41      0.33
41  0.430722929 0.181185591    0.02   0.33      0.65
42  0.492816628 0.085405956    0.16   0.29      0.55
43  0.470683575 0.097631811    0.11   0.34      0.55
44  0.372371895 0.151165387    0.06   0.35      0.59
45  0.533522924 0.039279819    0.21   0.20      0.59
46  0.161692147 0.184449149    0.03   0.37      0.60
47  0.260124885 0.030351289    0.51   0.23      0.26
48  0.538213579 0.018489509    0.37   0.16      0.47
49  0.343114767 0.037850783    0.42   0.30      0.28
50  0.119997563 0.054187586    0.51   0.27      0.22
51  0.089681342 0.075530446    0.40   0.33      0.27
52  0.398443335 0.117840754    0.11   0.24      0.65
53  0.374121066 0.084066358    0.14   0.30      0.56
54  0.097028399 0.177777975    0.05   0.39      0.56
55  0.398584004 0.101777470    0.21   0.22      0.57
56  0.192786476 0.197271895    0.01   0.32      0.67
57  0.412587789 0.114537756    0.09   0.37      0.54
58  0.211087823 0.075677910    0.27   0.36      0.37
59  0.164067845 0.087654649    0.30   0.40      0.30
60  0.545819702 0.080960970    0.20   0.25      0.55
61  0.231225558 0.167239146    0.09   0.39      0.52
62  0.397589681 0.054972265    0.32   0.16      0.52
63  0.401758494 0.138081727    0.06   0.37      0.57
64  0.320279326 0.014941061    0.53   0.15      0.32
65  0.170214414 0.035116816    0.54   0.23      0.23
66  0.541430458 0.122683941    0.09   0.24      0.67
67  0.071672458 0.216933608    0.02   0.31      0.67
68  0.484558109 0.123579909    0.09   0.34      0.57
69  0.403686836 0.081469988    0.18   0.37      0.45
70  0.519261124 0.183181756    0.04   0.27      0.69
71  0.389026937 0.193529299    0.02   0.34      0.64
72  0.266047555 0.151882404    0.09   0.38      0.53
73  0.321919166 0.024624776    0.54   0.15      0.31
74  0.134028616 0.111847718    0.14   0.41      0.45
75  0.321236414 0.083203214    0.33   0.30      0.37
76  0.381048753 0.185082561    0.03   0.30      0.67
77  0.497003066 0.075270354    0.13   0.28      0.59
78  0.110621269 0.179037135    0.06   0.44      0.50
79  0.596869644 0.031082919    0.30   0.10      0.60
80  0.254007635 0.058838227    0.25   0.40      0.35
81  0.239886389 0.126267773    0.20   0.35      0.45
82  0.146879013 0.162919898    0.04   0.41      0.55
83  0.243794544 0.131586359    0.12   0.37      0.51
84  0.370121434 0.065456212    0.25   0.35      0.40
85  0.050480651 0.185529878    0.07   0.45      0.48
86  0.471287241 0.057018102    0.30   0.25      0.45
87  0.180965599 0.004214988    0.76   0.02      0.22
88  0.525995403 0.008360018    0.36   0.06      0.58
89  0.347792991 0.061210766    0.20   0.30      0.50
90  0.420420522 0.108523061    0.15   0.33      0.52
91  0.635992885 0.017370920    0.23   0.12      0.65
92  0.574698752 0.094410216    0.09   0.24      0.67
93  0.326176791 0.156857569    0.02   0.38      0.60
94  0.289004055 0.210309320    0.02   0.34      0.64
95  0.575296191 0.139737294    0.07   0.23      0.70
96  0.323573878 0.020809808    0.55   0.19      0.26
97  0.533875758 0.091178546    0.13   0.21      0.66
98  0.011896324 0.231589220    0.03   0.31      0.66
99  0.443186102 0.138259673    0.07   0.23      0.70
100 0.445787571 0.027094206    0.31   0.14      0.55
