      prob.meio  prob.mito euploid mosaic aneuploid
1   0.353007153 0.02577882    0.44   0.22      0.34
2   0.142472631 0.15510673    0.09   0.39      0.52
3   0.300076799 0.15699235    0.08   0.34      0.58
4   0.651394672 0.05075293    0.16   0.19      0.65
5   0.141854332 0.09337007    0.23   0.45      0.32
6   0.262600825 0.06191041    0.23   0.36      0.41
7   0.282303594 0.12590306    0.16   0.35      0.49
8   0.390849245 0.18709834    0.03   0.27      0.70
9   0.132751672 0.09483787    0.18   0.43      0.39
10  0.426173831 0.06136967    0.20   0.22      0.58
11  0.093900599 0.22738063    0.02   0.31      0.67
12  0.102798547 0.22363571    0.03   0.28      0.69
13  0.216786911 0.20448940    0.02   0.35      0.63
14  0.441879198 0.10234220    0.10   0.37      0.53
15  0.245352251 0.15441584    0.05   0.34      0.61
16  0.343492321 0.09659910    0.25   0.35      0.40
17  0.362194415 0.14063143    0.10   0.32      0.58
18  0.106028617 0.02893225    0.63   0.21      0.16
19  0.062446092 0.24044190    0.00   0.33      0.67
20  0.149262856 0.19166545    0.02   0.43      0.55
21  0.276947070 0.14625806    0.05   0.44      0.51
22  0.179532594 0.09523929    0.23   0.40      0.37
23  0.177721156 0.19950837    0.02   0.32      0.66
24  0.573946335 0.06185819    0.26   0.17      0.57
25  0.183508768 0.20330836    0.03   0.33      0.64
26  0.431720441 0.13112919    0.07   0.30      0.63
27  0.311633206 0.13047448    0.10   0.41      0.49
28  0.124087259 0.04934635    0.41   0.36      0.23
29  0.178943550 0.06068371    0.28   0.39      0.33
30  0.161426047 0.22723222    0.00   0.33      0.67
31  0.184006474 0.12246541    0.12   0.43      0.45
32  0.620257206 0.06366260    0.14   0.21      0.65
33  0.010960327 0.17893309    0.13   0.36      0.51
34  0.254431724 0.01474963    0.60   0.09      0.31
35  0.172444515 0.26417130    0.01   0.35      0.64
36  0.324394027 0.10944712    0.09   0.32      0.59
37  0.410794792 0.00773990    0.46   0.15      0.39
38  0.643818617 0.12313898    0.06   0.26      0.68
39  0.155241333 0.09917431    0.24   0.42      0.34
40  0.355818893 0.03953237    0.35   0.24      0.41
41  0.600224944 0.06798417    0.17   0.23      0.60
42  0.411028464 0.03871559    0.34   0.27      0.39
43  0.359223080 0.02818909    0.40   0.29      0.31
44  0.442497347 0.02809495    0.33   0.13      0.54
45  0.380004528 0.11482041    0.06   0.32      0.62
46  0.500363623 0.05080692    0.28   0.25      0.47
47  0.407687721 0.10112917    0.15   0.20      0.65
48  0.218672320 0.12785275    0.06   0.44      0.50
49  0.352478491 0.08937175    0.11   0.32      0.57
50  0.640521167 0.03564379    0.27   0.10      0.63
51  0.470063021 0.01999063    0.46   0.12      0.42
52  0.567453071 0.10128300    0.05   0.28      0.67
53  0.052850403 0.03272442    0.57   0.26      0.17
54  0.369326554 0.14188534    0.04   0.36      0.60
55  0.119714029 0.16748212    0.05   0.47      0.48
56  0.358560891 0.04434350    0.33   0.24      0.43
57  0.158933497 0.20833582    0.01   0.36      0.63
58  0.274941071 0.02770653    0.43   0.27      0.30
59  0.181971166 0.14216447    0.12   0.40      0.48
60  0.726412161 0.06591527    0.15   0.22      0.63
61  0.423413745 0.07211527    0.18   0.36      0.46
62  0.472936106 0.08605390    0.17   0.22      0.61
63  0.317474197 0.16107354    0.05   0.30      0.65
64  0.105288934 0.05077131    0.42   0.27      0.31
65  0.432788088 0.05285482    0.26   0.20      0.54
66  0.426101978 0.14727706    0.07   0.27      0.66
67  0.267177015 0.19839355    0.01   0.37      0.62
68  0.549531439 0.02157101    0.28   0.15      0.57
69  0.238514577 0.01167004    0.66   0.14      0.20
70  0.411040659 0.15647999    0.01   0.39      0.60
71  0.133607366 0.22678977    0.01   0.32      0.67
72  0.130470389 0.20382052    0.01   0.38      0.61
73  0.343777808 0.18490748    0.01   0.34      0.65
74  0.241969734 0.05574790    0.34   0.27      0.39
75  0.189870280 0.05552800    0.37   0.38      0.25
76  0.172351612 0.11824673    0.09   0.46      0.45
77  0.005340168 0.20382448    0.05   0.40      0.55
78  0.229401546 0.12585659    0.14   0.42      0.44
79  0.401728607 0.05995039    0.23   0.27      0.50
80  0.384010222 0.11140559    0.19   0.32      0.49
81  0.546606093 0.08804786    0.08   0.25      0.67
82  0.215324329 0.16607395    0.08   0.35      0.57
83  0.245409200 0.21669932    0.02   0.28      0.70
84  0.577349929 0.06944203    0.13   0.16      0.71
85  0.010096131 0.20205996    0.04   0.40      0.56
86  0.330858246 0.15514535    0.05   0.36      0.59
87  0.605174111 0.04727331    0.14   0.17      0.69
88  0.220278397 0.01792359    0.54   0.21      0.25
89  0.172215046 0.01165166    0.63   0.15      0.22
90  0.262272311 0.22577616    0.00   0.32      0.68
91  0.349678581 0.01779172    0.44   0.16      0.40
92  0.458964557 0.06377686    0.23   0.29      0.48
93  0.301834840 0.09150449    0.17   0.37      0.46
94  0.301566498 0.10719561    0.13   0.38      0.49
95  0.488709714 0.06795896    0.12   0.34      0.54
96  0.198068657 0.11727972    0.07   0.44      0.49
97  0.502532813 0.08325162    0.06   0.26      0.68
98  0.280900938 0.05932155    0.36   0.27      0.37
99  0.194556941 0.16117441    0.05   0.46      0.49
100 0.427307246 0.13647209    0.05   0.29      0.66
