       prob.meio   prob.mito euploid mosaic aneuploid
1   0.0936874698 0.231894675    0.01   0.36      0.63
2   0.1080758476 0.236542377    0.01   0.30      0.69
3   0.5422325407 0.044128077    0.22   0.16      0.62
4   0.5397247146 0.065824827    0.17   0.22      0.61
5   0.1005649751 0.235104948    0.01   0.34      0.65
6   0.3241950413 0.129738084    0.10   0.35      0.55
7   0.4945312417 0.034099458    0.36   0.18      0.46
8   0.3648620716 0.056371986    0.21   0.29      0.50
9   0.0494857377 0.176167694    0.07   0.44      0.49
10  0.3901792809 0.074535103    0.20   0.35      0.45
11  0.4489710273 0.134986908    0.12   0.21      0.67
12  0.0990735400 0.151405338    0.14   0.43      0.43
13  0.4953460570 0.019141465    0.30   0.13      0.57
14  0.7122301103 0.112706305    0.09   0.21      0.70
15  0.4104045830 0.197900230    0.02   0.34      0.64
16  0.1441835782 0.165204078    0.06   0.44      0.50
17  0.2531718796 0.135343550    0.14   0.40      0.46
18  0.2487987012 0.079956581    0.23   0.41      0.36
19  0.3648428912 0.129060529    0.10   0.40      0.50
20  0.2785285970 0.101316937    0.14   0.41      0.45
21  0.1874556609 0.200013537    0.01   0.42      0.57
22  0.0732793198 0.261175518    0.00   0.33      0.67
23  0.2591621710 0.112976582    0.14   0.40      0.46
24  0.1172320347 0.166393949    0.02   0.44      0.54
25  0.3249287060 0.032000048    0.34   0.27      0.39
26  0.2513419699 0.139363560    0.04   0.33      0.63
27  0.1653966215 0.015864964    0.68   0.14      0.18
28  0.2946176676 0.036517220    0.44   0.21      0.35
29  0.2316237751 0.149665281    0.06   0.44      0.50
30  0.3415405564 0.024657782    0.48   0.16      0.36
31  0.3187213314 0.122775648    0.13   0.29      0.58
32  0.1407761553 0.048519918    0.43   0.35      0.22
33  0.4131474248 0.002431268    0.54   0.02      0.44
34  0.2051659508 0.047939453    0.45   0.21      0.34
35  0.1949972105 0.127526317    0.11   0.41      0.48
36  0.1501706354 0.223797508    0.00   0.33      0.67
37  0.5207003108 0.066549173    0.20   0.24      0.56
38  0.5236612200 0.051768607    0.14   0.24      0.62
39  0.1879518463 0.015031463    0.64   0.13      0.23
40  0.0697359189 0.039807259    0.58   0.26      0.16
41  0.4181159961 0.088068782    0.21   0.32      0.47
42  0.5131186347 0.101597229    0.09   0.28      0.63
43  0.2157169608 0.003683605    0.73   0.05      0.22
44  0.6425793993 0.055022811    0.19   0.17      0.64
45  0.3815027971 0.056310999    0.21   0.34      0.45
46  0.0996890648 0.223146441    0.00   0.39      0.61
47  0.5669520360 0.092102266    0.10   0.20      0.70
48  0.2316538268 0.041891185    0.39   0.31      0.30
49  0.4489371716 0.130244154    0.04   0.35      0.61
50  0.2407603527 0.206365328    0.02   0.30      0.68
51  0.0712956265 0.207486779    0.01   0.32      0.67
52  0.0007998373 0.143503035    0.14   0.47      0.39
53  0.4538287790 0.089541137    0.14   0.29      0.57
54  0.5439038782 0.088888652    0.15   0.25      0.60
55  0.0748277465 0.253699270    0.00   0.35      0.65
56  0.0688712522 0.167997385    0.08   0.44      0.48
57  0.0654822430 0.192912189    0.04   0.45      0.51
58  0.1402736185 0.224003070    0.02   0.39      0.59
59  0.3854908259 0.043540487    0.28   0.21      0.51
60  0.0552308140 0.158442005    0.08   0.46      0.46
61  0.1745627797 0.193372162    0.03   0.33      0.64
62  0.1975991826 0.102002787    0.16   0.32      0.52
63  0.4974161726 0.006594677    0.55   0.04      0.41
64  0.5698190974 0.031432939    0.23   0.19      0.58
65  0.1066541199 0.235914549    0.00   0.32      0.68
66  0.2465530492 0.135699951    0.07   0.36      0.57
67  0.5054137846 0.107268668    0.12   0.26      0.62
68  0.5618604843 0.041129840    0.23   0.21      0.56
69  0.4362582935 0.111647224    0.09   0.29      0.62
70  0.1746078641 0.004744923    0.71   0.05      0.24
71  0.0530258648 0.209847145    0.04   0.41      0.55
72  0.5152178404 0.012141681    0.42   0.09      0.49
73  0.1087629637 0.080690191    0.31   0.42      0.27
74  0.0957121542 0.219123597    0.01   0.34      0.65
75  0.1066395536 0.209354426    0.00   0.40      0.60
76  0.4532544455 0.107106182    0.14   0.28      0.58
77  0.5541089666 0.112190146    0.11   0.25      0.64
78  0.4019361949 0.099704520    0.10   0.43      0.47
79  0.2418311622 0.088400312    0.21   0.38      0.41
80  0.5247077902 0.033615675    0.32   0.12      0.56
81  0.5346561414 0.044904931    0.15   0.17      0.68
82  0.0504093417 0.126975213    0.15   0.46      0.39
83  0.2440801950 0.130250581    0.07   0.30      0.63
84  0.3883457214 0.121453661    0.11   0.43      0.46
85  0.3687864060 0.228908076    0.01   0.30      0.69
86  0.3649159262 0.023173434    0.44   0.18      0.38
87  0.4526514569 0.062596292    0.29   0.18      0.53
88  0.1763720242 0.100046678    0.20   0.44      0.36
89  0.5991840723 0.033221688    0.31   0.17      0.52
90  0.3414211194 0.123069375    0.08   0.36      0.56
91  0.6835276331 0.091641018    0.11   0.24      0.65
92  0.6488395191 0.018276512    0.29   0.11      0.60
93  0.5637293973 0.139061751    0.09   0.24      0.67
94  0.1793943653 0.192006090    0.05   0.34      0.61
95  0.5049296857 0.129537759    0.06   0.27      0.67
96  0.2627635235 0.128290564    0.08   0.44      0.48
97  0.5328487556 0.111497822    0.09   0.26      0.65
98  0.4543718162 0.173620888    0.05   0.30      0.65
99  0.2592005094 0.177020230    0.03   0.36      0.61
100 0.2434344876 0.015972186    0.64   0.17      0.19
