     prob.meio   prob.mito euploid mosaic aneuploid
1   0.40431999 0.101637253    0.10   0.37      0.53
2   0.02009669 0.061610503    0.37   0.39      0.24
3   0.26091967 0.119996228    0.07   0.36      0.57
4   0.38733743 0.031522404    0.37   0.16      0.47
5   0.22358666 0.039216717    0.45   0.27      0.28
6   0.62077349 0.007634879    0.36   0.04      0.60
7   0.36159657 0.048447767    0.26   0.28      0.46
8   0.30441291 0.186495607    0.08   0.34      0.58
9   0.67342083 0.141204461    0.07   0.20      0.73
10  0.08759876 0.145366638    0.08   0.47      0.45
11  0.71809358 0.006559083    0.30   0.01      0.69
12  0.07942713 0.131434797    0.08   0.51      0.41
13  0.07769214 0.054372865    0.42   0.39      0.19
14  0.54104728 0.114197552    0.07   0.24      0.69
15  0.35908809 0.076702491    0.22   0.36      0.42
16  0.29412571 0.004286465    0.57   0.02      0.41
17  0.18838241 0.049434565    0.38   0.28      0.34
18  0.36045750 0.039721838    0.30   0.29      0.41
19  0.72216103 0.051263046    0.17   0.11      0.72
20  0.56873170 0.116866930    0.08   0.19      0.73
21  0.28067053 0.106319999    0.18   0.32      0.50
22  0.47409670 0.112385436    0.08   0.25      0.67
23  0.59036426 0.125816638    0.06   0.23      0.71
24  0.52761726 0.089547280    0.09   0.25      0.66
25  0.12779118 0.074410926    0.30   0.40      0.30
26  0.71821882 0.044399591    0.15   0.09      0.76
27  0.29853546 0.098537263    0.26   0.31      0.43
28  0.67631981 0.053947471    0.22   0.07      0.71
29  0.16962161 0.165227879    0.04   0.39      0.57
30  0.55180777 0.019394329    0.37   0.14      0.49
31  0.26292456 0.044862555    0.35   0.37      0.28
32  0.65907332 0.040837602    0.18   0.14      0.68
33  0.52825537 0.002333221    0.45   0.04      0.51
34  0.33167678 0.068226930    0.24   0.33      0.43
35  0.41020862 0.158776876    0.04   0.35      0.61
36  0.28119978 0.183704004    0.03   0.30      0.67
37  0.25903724 0.168264881    0.05   0.34      0.61
38  0.39481420 0.053178492    0.17   0.27      0.56
39  0.58335052 0.091817955    0.11   0.17      0.72
40  0.55261138 0.015624289    0.43   0.09      0.48
41  0.42844991 0.049565424    0.22   0.26      0.52
42  0.63402935 0.095427281    0.11   0.20      0.69
43  0.23135979 0.046109910    0.39   0.29      0.32
44  0.20144827 0.088957638    0.24   0.39      0.37
45  0.61173897 0.093001383    0.11   0.14      0.75
46  0.07145600 0.179358107    0.04   0.42      0.54
47  0.22565377 0.094361837    0.17   0.39      0.44
48  0.23459010 0.052897741    0.33   0.35      0.32
49  0.64975831 0.041072237    0.22   0.15      0.63
50  0.31794681 0.168408760    0.07   0.32      0.61
51  0.02183193 0.067936499    0.24   0.54      0.22
52  0.21484512 0.077453106    0.26   0.33      0.41
53  0.31762470 0.084809297    0.16   0.36      0.48
54  0.47710891 0.015835863    0.33   0.09      0.58
55  0.41236004 0.132726401    0.11   0.22      0.67
56  0.50019607 0.108937265    0.11   0.24      0.65
57  0.43441075 0.083940593    0.13   0.35      0.52
58  0.38236992 0.148454270    0.07   0.37      0.56
59  0.24462226 0.087991542    0.27   0.38      0.35
60  0.17660220 0.037818932    0.46   0.33      0.21
61  0.22728493 0.034488993    0.46   0.34      0.20
62  0.36647227 0.098309739    0.08   0.27      0.65
63  0.38267758 0.093942626    0.16   0.30      0.54
64  0.28056523 0.148221044    0.06   0.37      0.57
65  0.35091624 0.041948501    0.34   0.25      0.41
66  0.72465051 0.030002647    0.17   0.14      0.69
67  0.06603644 0.082254549    0.25   0.45      0.30
68  0.34284771 0.039816077    0.38   0.17      0.45
69  0.38000192 0.095198202    0.14   0.29      0.57
70  0.68373770 0.068570656    0.09   0.20      0.71
71  0.59120981 0.004621775    0.41   0.03      0.56
72  0.32057176 0.074015019    0.16   0.42      0.42
73  0.03936014 0.095706855    0.27   0.47      0.26
74  0.44271006 0.110187272    0.13   0.33      0.54
75  0.25421332 0.099290109    0.13   0.33      0.54
76  0.46928934 0.113261075    0.14   0.25      0.61
77  0.55889056 0.080168456    0.12   0.23      0.65
78  0.34395797 0.124401472    0.10   0.40      0.50
79  0.22133839 0.059699109    0.23   0.39      0.38
80  0.11144870 0.049040988    0.40   0.36      0.24
81  0.47982855 0.014862690    0.43   0.09      0.48
82  0.59403900 0.098793983    0.11   0.19      0.70
83  0.17213535 0.198057408    0.03   0.38      0.59
84  0.29550131 0.070500796    0.22   0.35      0.43
85  0.27189186 0.078331829    0.30   0.34      0.36
86  0.36165634 0.199690690    0.03   0.31      0.66
87  0.27670371 0.097242482    0.11   0.43      0.46
88  0.39630301 0.112103495    0.14   0.25      0.61
89  0.03147705 0.022936868    0.67   0.24      0.09
90  0.73939444 0.063365960    0.14   0.11      0.75
91  0.32235088 0.125265186    0.09   0.42      0.49
92  0.46172578 0.123349656    0.05   0.34      0.61
93  0.64803313 0.081046812    0.13   0.20      0.67
94  0.46343494 0.179109089    0.06   0.27      0.67
95  0.25007420 0.152945671    0.12   0.41      0.47
96  0.57848033 0.099604484    0.09   0.26      0.65
97  0.73388659 0.028162873    0.23   0.06      0.71
98  0.26825940 0.058059721    0.34   0.28      0.38
99  0.41269630 0.096047118    0.11   0.39      0.50
100 0.08796744 0.026166841    0.61   0.29      0.10
