     prob.meio   prob.mito euploid mosaic aneuploid
1   0.19393622 0.256719174    0.00   0.24      0.76
2   0.23721915 0.017358874    0.58   0.16      0.26
3   0.50638213 0.096637103    0.13   0.30      0.57
4   0.14743640 0.246456233    0.00   0.26      0.74
5   0.55259467 0.078446737    0.14   0.28      0.58
6   0.56936402 0.024819187    0.28   0.12      0.60
7   0.09379205 0.302389076    0.00   0.24      0.76
8   0.27836473 0.283275549    0.01   0.23      0.76
9   0.54194364 0.033450341    0.27   0.16      0.57
10  0.58517660 0.177637591    0.03   0.20      0.77
11  0.52627716 0.132866864    0.09   0.22      0.69
12  0.31716497 0.152608347    0.06   0.33      0.61
13  0.27259384 0.022070895    0.46   0.17      0.37
14  0.35578862 0.185023861    0.02   0.21      0.77
15  0.59965937 0.135732204    0.05   0.27      0.68
16  0.54740797 0.126674502    0.03   0.30      0.67
17  0.62251592 0.023023988    0.33   0.12      0.55
18  0.22069027 0.033834926    0.50   0.23      0.27
19  0.05229867 0.236351286    0.02   0.29      0.69
20  0.58018433 0.067180111    0.07   0.26      0.67
21  0.22555235 0.223626538    0.01   0.26      0.73
22  0.64137156 0.122119002    0.06   0.19      0.75
23  0.59621714 0.228960759    0.01   0.23      0.76
24  0.69213103 0.066733517    0.14   0.16      0.70
25  0.10021997 0.233446820    0.02   0.31      0.67
26  0.38958980 0.135829583    0.09   0.33      0.58
27  0.60431862 0.155121217    0.05   0.25      0.70
28  0.13964237 0.015313740    0.62   0.22      0.16
29  0.52953827 0.022173848    0.39   0.09      0.52
30  0.19980094 0.241797242    0.02   0.30      0.68
31  0.51488726 0.149122425    0.05   0.31      0.64
32  0.17677865 0.025043275    0.54   0.24      0.22
33  0.49607962 0.208622253    0.01   0.24      0.75
34  0.60441251 0.137713049    0.02   0.24      0.74
35  0.55142707 0.198908333    0.01   0.23      0.76
36  0.55397176 0.101347589    0.10   0.17      0.73
37  0.37495036 0.006796432    0.55   0.14      0.31
38  0.50530417 0.052766167    0.25   0.18      0.57
39  0.43964098 0.108909327    0.08   0.26      0.66
40  0.44858482 0.170733750    0.04   0.23      0.73
41  0.58741802 0.072375641    0.09   0.26      0.65
42  0.06562087 0.263853734    0.01   0.25      0.74
43  0.34380115 0.072401705    0.25   0.30      0.45
44  0.37738067 0.272332000    0.00   0.24      0.76
45  0.49110387 0.190051528    0.03   0.22      0.75
46  0.45118854 0.070880831    0.21   0.24      0.55
47  0.63819130 0.043303704    0.13   0.23      0.64
48  0.65112346 0.035665289    0.28   0.12      0.60
49  0.13922329 0.223532228    0.03   0.28      0.69
50  0.49134001 0.025867571    0.33   0.08      0.59
51  0.42143179 0.240493528    0.01   0.26      0.73
52  0.13940977 0.019227768    0.65   0.21      0.14
53  0.28515042 0.050273360    0.24   0.35      0.41
54  0.48287384 0.159630882    0.06   0.30      0.64
55  0.67689199 0.041339098    0.14   0.13      0.73
56  0.59464075 0.084346778    0.09   0.20      0.71
57  0.38672228 0.081622529    0.12   0.34      0.54
58  0.55371099 0.047546023    0.25   0.17      0.58
59  0.18194114 0.033943746    0.50   0.26      0.24
60  0.48965180 0.025523453    0.28   0.14      0.58
61  0.46739330 0.064013214    0.25   0.33      0.42
62  0.40287314 0.210051703    0.02   0.26      0.72
63  0.63164922 0.068179253    0.14   0.13      0.73
64  0.34823279 0.024231422    0.48   0.17      0.35
65  0.48302319 0.176215346    0.02   0.26      0.72
66  0.23499402 0.004550397    0.70   0.04      0.26
67  0.54147964 0.010061098    0.42   0.03      0.55
68  0.14642874 0.270437901    0.00   0.28      0.72
69  0.59195272 0.025347958    0.23   0.16      0.61
70  0.32413085 0.235363625    0.00   0.26      0.74
71  0.10055860 0.250479720    0.00   0.27      0.73
72  0.53599983 0.074480851    0.15   0.28      0.57
73  0.56550922 0.012900187    0.24   0.07      0.69
74  0.11155465 0.020441758    0.67   0.17      0.16
75  0.42135720 0.118744746    0.05   0.28      0.67
76  0.17027197 0.032045633    0.49   0.26      0.25
77  0.51682033 0.068740665    0.22   0.22      0.56
78  0.69828014 0.063763262    0.12   0.18      0.70
79  0.32514728 0.163159875    0.05   0.32      0.63
80  0.15136587 0.064931559    0.37   0.30      0.33
81  0.63916598 0.088690707    0.16   0.14      0.70
82  0.49170971 0.121209771    0.03   0.24      0.73
83  0.36888926 0.045314680    0.37   0.22      0.41
84  0.09047900 0.020223708    0.66   0.18      0.16
85  0.57788044 0.150149339    0.04   0.23      0.73
86  0.61816037 0.084212271    0.13   0.20      0.67
87  0.59442246 0.184367674    0.03   0.23      0.74
88  0.02675324 0.259603206    0.01   0.30      0.69
89  0.42088460 0.197299857    0.01   0.28      0.71
90  0.10868841 0.283420398    0.00   0.26      0.74
91  0.28562331 0.158541704    0.05   0.33      0.62
92  0.23237987 0.154557882    0.06   0.27      0.67
93  0.13706292 0.284247119    0.01   0.22      0.77
94  0.62613934 0.147587137    0.03   0.25      0.72
95  0.26288815 0.023294717    0.45   0.22      0.33
96  0.50588322 0.128010869    0.04   0.30      0.66
97  0.35139739 0.004198167    0.61   0.02      0.37
98  0.48487160 0.084982770    0.17   0.26      0.57
99  0.58705054 0.088647573    0.08   0.17      0.75
100 0.47974151 0.164523733    0.02   0.30      0.68
