       prob.meio   prob.mito euploid mosaic aneuploid
1   0.5274386629 0.018098864    0.43   0.09      0.48
2   0.2975005116 0.122154198    0.06   0.45      0.49
3   0.5145081854 0.067731107    0.23   0.25      0.52
4   0.5257944900 0.059982339    0.20   0.18      0.62
5   0.1630782832 0.115573588    0.17   0.44      0.39
6   0.3885094963 0.135187735    0.06   0.39      0.55
7   0.4939403923 0.164663324    0.05   0.31      0.64
8   0.0613287184 0.219473921    0.03   0.36      0.61
9   0.5941087354 0.145382837    0.06   0.23      0.71
10  0.2774368506 0.046291168    0.33   0.28      0.39
11  0.5294680742 0.034569647    0.26   0.17      0.57
12  0.1924423622 0.184281260    0.04   0.36      0.60
13  0.0315390676 0.218591527    0.00   0.36      0.64
14  0.4333905403 0.088888136    0.14   0.35      0.51
15  0.2332483798 0.005945384    0.65   0.11      0.24
16  0.3868668184 0.070992061    0.15   0.29      0.56
17  0.2856840158 0.017142413    0.50   0.18      0.32
18  0.1305476541 0.175979744    0.05   0.41      0.54
19  0.3168437670 0.241897493    0.01   0.31      0.68
20  0.4275756651 0.037070806    0.32   0.20      0.48
21  0.4684626716 0.170303819    0.06   0.27      0.67
22  0.4443180880 0.014487862    0.44   0.13      0.43
23  0.6146423863 0.073720907    0.13   0.21      0.66
24  0.0002062006 0.239033059    0.01   0.38      0.61
25  0.1174750931 0.095513096    0.17   0.46      0.37
26  0.0898003122 0.251363859    0.03   0.28      0.69
27  0.1569997829 0.132509157    0.07   0.37      0.56
28  0.1663871405 0.006853342    0.74   0.05      0.21
29  0.1101695742 0.110828344    0.16   0.46      0.38
30  0.1462854024 0.024886667    0.57   0.25      0.18
31  0.1978373358 0.216359406    0.01   0.33      0.66
32  0.3841351268 0.183864272    0.02   0.37      0.61
33  0.4895384891 0.050616633    0.25   0.26      0.49
34  0.2842886925 0.060308302    0.35   0.23      0.42
35  0.3012917722 0.137371378    0.11   0.33      0.56
36  0.1179628673 0.041637057    0.47   0.32      0.21
37  0.2185426643 0.191124015    0.03   0.28      0.69
38  0.3637748428 0.168441848    0.06   0.34      0.60
39  0.3119578860 0.056481475    0.30   0.29      0.41
40  0.3556064335 0.058157975    0.28   0.34      0.38
41  0.7594410116 0.016789935    0.24   0.08      0.68
42  0.6698015139 0.080459848    0.13   0.17      0.70
43  0.3357026258 0.034256253    0.37   0.22      0.41
44  0.2622079193 0.236177046    0.02   0.28      0.70
45  0.5058157165 0.023724226    0.39   0.14      0.47
46  0.2744019262 0.204932064    0.01   0.32      0.67
47  0.1486463058 0.244755135    0.00   0.35      0.65
48  0.1593817859 0.096938560    0.17   0.43      0.40
49  0.2453634308 0.157615472    0.06   0.35      0.59
50  0.6356939229 0.038548404    0.27   0.09      0.64
51  0.0396330194 0.152388639    0.09   0.39      0.52
52  0.5077535356 0.098404261    0.09   0.27      0.64
53  0.4818003683 0.024120793    0.26   0.17      0.57
54  0.3555779031 0.106958892    0.10   0.33      0.57
55  0.4822912484 0.071512735    0.20   0.17      0.63
56  0.3104283009 0.083218587    0.25   0.40      0.35
57  0.6271634072 0.038041962    0.26   0.19      0.55
58  0.4559108538 0.147667491    0.04   0.30      0.66
59  0.6012958547 0.025496439    0.30   0.06      0.64
60  0.3929143648 0.151743589    0.07   0.28      0.65
61  0.2766570756 0.054227505    0.34   0.32      0.34
62  0.0920139197 0.028322690    0.57   0.27      0.16
63  0.1969943354 0.166422798    0.03   0.43      0.54
64  0.0759692516 0.046490887    0.48   0.32      0.20
65  0.3144815050 0.101347426    0.24   0.29      0.47
66  0.1047553881 0.177721003    0.04   0.44      0.52
67  0.3183419101 0.090295118    0.23   0.37      0.40
68  0.4026712738 0.165664244    0.04   0.30      0.66
69  0.2145891085 0.068141859    0.29   0.36      0.35
70  0.6989856474 0.052721498    0.13   0.17      0.70
71  0.3510405929 0.149838971    0.06   0.36      0.58
72  0.3733417606 0.138192095    0.07   0.38      0.55
73  0.4597311395 0.080246098    0.18   0.30      0.52
74  0.5683018807 0.042759198    0.28   0.12      0.60
75  0.2397802540 0.037142895    0.45   0.24      0.31
76  0.1215856951 0.212383600    0.02   0.42      0.56
77  0.5900226550 0.017119902    0.35   0.11      0.54
78  0.0906707947 0.076658039    0.28   0.41      0.31
79  0.3506879788 0.054985055    0.24   0.30      0.46
80  0.4740096380 0.110296498    0.11   0.22      0.67
81  0.3613211180 0.084164881    0.18   0.37      0.45
82  0.6484481555 0.034298732    0.13   0.17      0.70
83  0.1978487896 0.148338825    0.10   0.39      0.51
84  0.4540486489 0.061894946    0.21   0.21      0.58
85  0.1151265688 0.163143680    0.05   0.41      0.54
86  0.3626006329 0.025511433    0.40   0.15      0.45
87  0.4341430808 0.106962418    0.12   0.28      0.60
88  0.4177847649 0.049653712    0.32   0.31      0.37
89  0.3648183206 0.120700983    0.07   0.38      0.55
90  0.1019567428 0.035617592    0.52   0.29      0.19
91  0.3374141583 0.023051599    0.38   0.19      0.43
92  0.5235537449 0.173709109    0.01   0.31      0.68
93  0.2091655487 0.030632525    0.49   0.27      0.24
94  0.3382540303 0.130736704    0.12   0.33      0.55
95  0.3734474364 0.209305343    0.03   0.28      0.69
96  0.6230696130 0.003810868    0.39   0.02      0.59
97  0.5490766561 0.070654892    0.15   0.25      0.60
98  0.1225946613 0.128185561    0.06   0.47      0.47
99  0.2904222491 0.187968139    0.05   0.30      0.65
100 0.0485907670 0.272374676    0.02   0.30      0.68
