     prob.meio    prob.mito euploid mosaic aneuploid
1   0.27335854 0.0489053815    0.29   0.36      0.35
2   0.13323852 0.1218115091    0.12   0.35      0.53
3   0.47082813 0.0416183437    0.27   0.20      0.53
4   0.42030980 0.1261934962    0.08   0.32      0.60
5   0.56479021 0.0921395386    0.08   0.27      0.65
6   0.55679187 0.0510997777    0.17   0.19      0.64
7   0.34906980 0.0432746774    0.35   0.26      0.39
8   0.05818984 0.2211244272    0.05   0.43      0.52
9   0.23421973 0.0356435841    0.53   0.23      0.24
10  0.18807745 0.2165106093    0.01   0.34      0.65
11  0.34519658 0.1325581926    0.08   0.35      0.57
12  0.55538209 0.0767557626    0.18   0.22      0.60
13  0.08909372 0.2791610763    0.01   0.35      0.64
14  0.45691494 0.1714161499    0.06   0.29      0.65
15  0.55282508 0.0106504583    0.33   0.05      0.62
16  0.15834184 0.1783917150    0.03   0.36      0.61
17  0.22127839 0.1057300980    0.12   0.37      0.51
18  0.15351738 0.1777690982    0.05   0.41      0.54
19  0.23809241 0.0236979311    0.63   0.17      0.20
20  0.44096640 0.0901053580    0.13   0.25      0.62
21  0.11600968 0.1961049463    0.05   0.31      0.64
22  0.10711653 0.0999877774    0.22   0.51      0.27
23  0.44991285 0.0464614548    0.22   0.24      0.54
24  0.26873365 0.0831740971    0.20   0.35      0.45
25  0.30511444 0.0661342258    0.30   0.27      0.43
26  0.46954137 0.0864761688    0.13   0.28      0.59
27  0.52334530 0.0544627821    0.23   0.21      0.56
28  0.24082733 0.0007474788    0.79   0.01      0.20
29  0.19262810 0.1265888403    0.13   0.37      0.50
30  0.28570961 0.1645532653    0.06   0.38      0.56
31  0.15480495 0.1522955280    0.09   0.46      0.45
32  0.04109927 0.0785234380    0.26   0.43      0.31
33  0.35531588 0.1638340845    0.05   0.32      0.63
34  0.39881379 0.1043993621    0.16   0.29      0.55
35  0.23365631 0.1407273156    0.10   0.46      0.44
36  0.39400422 0.0590071746    0.15   0.37      0.48
37  0.57354266 0.0226020156    0.26   0.13      0.61
38  0.19871484 0.0116881905    0.73   0.07      0.20
39  0.54994975 0.0646934807    0.16   0.24      0.60
40  0.41780356 0.0079352488    0.51   0.09      0.40
41  0.25990602 0.1739155070    0.06   0.35      0.59
42  0.42400365 0.1102116429    0.08   0.33      0.59
43  0.07883784 0.0935367793    0.21   0.50      0.29
44  0.19807912 0.1666790845    0.07   0.46      0.47
45  0.37297590 0.0236949227    0.39   0.16      0.45
46  0.02634520 0.1886617306    0.03   0.40      0.57
47  0.11684170 0.1777436014    0.03   0.43      0.54
48  0.37295922 0.1135359842    0.15   0.32      0.53
49  0.07558808 0.1049023920    0.19   0.39      0.42
50  0.40073202 0.0992959454    0.15   0.33      0.52
51  0.13695420 0.0595592165    0.32   0.39      0.29
52  0.48487505 0.1016231650    0.11   0.25      0.64
53  0.16989212 0.0683384307    0.29   0.42      0.29
54  0.33739155 0.0417709092    0.33   0.21      0.46
55  0.59111566 0.0686278765    0.18   0.22      0.60
56  0.54146700 0.0318058489    0.23   0.16      0.61
57  0.11369719 0.0824128194    0.23   0.42      0.35
58  0.35726172 0.0917447074    0.15   0.38      0.47
59  0.57139462 0.0081888258    0.43   0.09      0.48
60  0.09814071 0.1882943807    0.05   0.43      0.52
61  0.10505064 0.2592697404    0.01   0.34      0.65
62  0.60922187 0.0030140127    0.39   0.02      0.59
63  0.06262893 0.2218833906    0.02   0.33      0.65
64  0.41122744 0.0373250069    0.30   0.25      0.45
65  0.05588213 0.2536986559    0.01   0.39      0.60
66  0.45387512 0.1434098342    0.05   0.34      0.61
67  0.36986050 0.1621257407    0.04   0.31      0.65
68  0.20623857 0.0819813351    0.18   0.41      0.41
69  0.29676096 0.0841498678    0.25   0.39      0.36
70  0.13812948 0.1406294736    0.06   0.51      0.43
71  0.18566564 0.1738093898    0.05   0.33      0.62
72  0.12087628 0.1619493871    0.02   0.34      0.64
73  0.01099302 0.2348683206    0.02   0.39      0.59
74  0.09096354 0.0539046389    0.41   0.38      0.21
75  0.42737543 0.1295342438    0.12   0.31      0.57
76  0.33245204 0.0800299330    0.20   0.27      0.53
77  0.58183759 0.0543223014    0.19   0.18      0.63
78  0.21563252 0.0585890382    0.35   0.39      0.26
79  0.65131082 0.0251383940    0.27   0.09      0.64
80  0.27085365 0.0803478970    0.25   0.37      0.38
81  0.08700952 0.2308360778    0.00   0.42      0.58
82  0.03528778 0.1989854204    0.03   0.42      0.55
83  0.42957134 0.1497990058    0.05   0.30      0.65
84  0.61270359 0.0350149660    0.21   0.18      0.61
85  0.03709279 0.1389748713    0.13   0.49      0.38
86  0.50197464 0.0276007515    0.35   0.17      0.48
87  0.57763199 0.0646622078    0.18   0.22      0.60
88  0.19106484 0.0598061993    0.32   0.37      0.31
89  0.36580683 0.1221767087    0.09   0.40      0.51
90  0.05431912 0.1666472631    0.04   0.56      0.40
91  0.26304835 0.1459093851    0.10   0.42      0.48
92  0.12406979 0.1098396890    0.08   0.51      0.41
93  0.39187235 0.0845559135    0.18   0.34      0.48
94  0.14544476 0.0548463555    0.35   0.39      0.26
95  0.05416627 0.1598797971    0.07   0.54      0.39
96  0.18276973 0.1727364662    0.05   0.45      0.50
97  0.09285798 0.1439936466    0.09   0.43      0.48
98  0.27304439 0.0574696194    0.39   0.27      0.34
99  0.04894566 0.1882307318    0.02   0.46      0.52
100 0.08286584 0.1117931949    0.10   0.49      0.41
