      prob.meio   prob.mito euploid mosaic aneuploid
1   0.182756516 0.116694020    0.14   0.42      0.44
2   0.204324839 0.081036273    0.22   0.43      0.35
3   0.470854016 0.096206993    0.09   0.31      0.60
4   0.444703036 0.132937982    0.07   0.28      0.65
5   0.635649315 0.001474327    0.36   0.00      0.64
6   0.140254656 0.210762043    0.01   0.43      0.56
7   0.257374521 0.010395240    0.60   0.15      0.25
8   0.157235602 0.177838389    0.03   0.31      0.66
9   0.454413261 0.055414998    0.23   0.21      0.56
10  0.416346401 0.092244568    0.12   0.25      0.63
11  0.341906224 0.071949024    0.25   0.29      0.46
12  0.444529227 0.046378574    0.32   0.20      0.48
13  0.233565518 0.017065509    0.58   0.18      0.24
14  0.299045219 0.075836065    0.24   0.29      0.47
15  0.382162071 0.036152894    0.34   0.23      0.43
16  0.140747820 0.034130493    0.56   0.29      0.15
17  0.483553576 0.077350162    0.16   0.24      0.60
18  0.184643463 0.201069822    0.01   0.44      0.55
19  0.322485889 0.007033985    0.49   0.10      0.41
20  0.597156268 0.028664615    0.22   0.18      0.60
21  0.527808899 0.061507727    0.20   0.17      0.63
22  0.099866328 0.207623857    0.02   0.47      0.51
23  0.201333259 0.168922475    0.06   0.34      0.60
24  0.054378667 0.096484976    0.24   0.43      0.33
25  0.375988079 0.014976871    0.52   0.09      0.39
26  0.533690515 0.129761132    0.06   0.26      0.68
27  0.374452122 0.162330166    0.05   0.40      0.55
28  0.471940069 0.107510522    0.12   0.30      0.58
29  0.597815980 0.070993255    0.13   0.15      0.72
30  0.379293393 0.165869609    0.04   0.29      0.67
31  0.148629369 0.099398352    0.18   0.42      0.40
32  0.319852365 0.044303395    0.41   0.29      0.30
33  0.231136346 0.031728786    0.43   0.29      0.28
34  0.458776511 0.063630919    0.23   0.25      0.52
35  0.658771264 0.073420419    0.13   0.15      0.72
36  0.266229692 0.095119915    0.14   0.36      0.50
37  0.659036256 0.021553796    0.25   0.08      0.67
38  0.415049740 0.191996947    0.01   0.30      0.69
39  0.277436184 0.140726949    0.03   0.33      0.64
40  0.256038311 0.217448483    0.02   0.34      0.64
41  0.316958293 0.018832770    0.47   0.16      0.37
42  0.136295504 0.041539098    0.48   0.32      0.20
43  0.727219481 0.097444321    0.07   0.23      0.70
44  0.496775463 0.046405310    0.30   0.24      0.46
45  0.163463056 0.069851420    0.30   0.40      0.30
46  0.726802641 0.017575486    0.23   0.09      0.68
47  0.147641734 0.144084063    0.05   0.40      0.55
48  0.341084803 0.143109347    0.06   0.39      0.55
49  0.120273696 0.253666953    0.01   0.36      0.63
50  0.391196240 0.171969140    0.08   0.27      0.65
51  0.710448462 0.058221156    0.11   0.19      0.70
52  0.447387133 0.211631679    0.01   0.30      0.69
53  0.454548927 0.160332375    0.00   0.33      0.67
54  0.458601399 0.053866619    0.29   0.12      0.59
55  0.496411553 0.016438080    0.43   0.10      0.47
56  0.557502519 0.078086135    0.13   0.15      0.72
57  0.579671922 0.110915237    0.09   0.19      0.72
58  0.133020490 0.048356470    0.39   0.33      0.28
59  0.594885011 0.082340549    0.16   0.24      0.60
60  0.028961282 0.238217833    0.02   0.35      0.63
61  0.466573343 0.017828549    0.38   0.13      0.49
62  0.457716617 0.037712581    0.34   0.22      0.44
63  0.042003586 0.156090708    0.14   0.41      0.45
64  0.021486009 0.103555816    0.20   0.44      0.36
65  0.005000233 0.172092009    0.05   0.46      0.49
66  0.150679961 0.141634543    0.15   0.39      0.46
67  0.547789704 0.066993077    0.24   0.22      0.54
68  0.331329045 0.106406244    0.15   0.29      0.56
69  0.194204398 0.004473836    0.67   0.06      0.27
70  0.593583070 0.152145045    0.07   0.24      0.69
71  0.685761986 0.023343095    0.24   0.09      0.67
72  0.349441630 0.169343366    0.02   0.31      0.67
73  0.342986577 0.204157452    0.00   0.31      0.69
74  0.282197338 0.142659241    0.09   0.34      0.57
75  0.208116295 0.058950804    0.27   0.42      0.31
76  0.336182881 0.161254714    0.08   0.29      0.63
77  0.705320606 0.031141072    0.24   0.13      0.63
78  0.260761653 0.224384970    0.00   0.34      0.66
79  0.583147619 0.088117834    0.14   0.22      0.64
80  0.624514217 0.060169942    0.17   0.18      0.65
81  0.555955692 0.144057522    0.08   0.32      0.60
82  0.338760582 0.070747338    0.21   0.35      0.44
83  0.161035820 0.214185486    0.02   0.39      0.59
84  0.272256044 0.161532072    0.05   0.38      0.57
85  0.166197003 0.057392142    0.32   0.32      0.36
86  0.658580397 0.035737400    0.20   0.18      0.62
87  0.158503739 0.095867688    0.25   0.29      0.46
88  0.355275339 0.028295210    0.44   0.24      0.32
89  0.377566543 0.200205772    0.00   0.32      0.68
90  0.283406973 0.192511426    0.02   0.38      0.60
91  0.576630785 0.112456177    0.10   0.25      0.65
92  0.491608511 0.072003987    0.21   0.16      0.63
93  0.460781944 0.031779320    0.31   0.18      0.51
94  0.510011534 0.066745892    0.22   0.18      0.60
95  0.463260409 0.045060567    0.28   0.20      0.52
96  0.522295547 0.024957773    0.41   0.15      0.44
97  0.138291723 0.220618809    0.03   0.36      0.61
98  0.278921220 0.236920142    0.00   0.32      0.68
99  0.070341347 0.198447633    0.05   0.37      0.58
100 0.226077054 0.087473275    0.24   0.36      0.40
