      prob.meio   prob.mito euploid mosaic aneuploid
1   0.361935845 0.042100416    0.36   0.27      0.37
2   0.605714634 0.006797432    0.32   0.04      0.64
3   0.183787562 0.092783952    0.14   0.41      0.45
4   0.139402966 0.160098236    0.04   0.39      0.57
5   0.426158031 0.100663321    0.10   0.32      0.58
6   0.072572663 0.196429806    0.06   0.38      0.56
7   0.072868180 0.136293786    0.08   0.47      0.45
8   0.610625883 0.034007421    0.26   0.13      0.61
9   0.139691140 0.032429193    0.50   0.38      0.12
10  0.282131300 0.122454845    0.10   0.40      0.50
11  0.414119297 0.118233696    0.14   0.29      0.57
12  0.205685828 0.113707010    0.11   0.43      0.46
13  0.157950080 0.134745604    0.10   0.51      0.39
14  0.675418962 0.084803220    0.11   0.17      0.72
15  0.452487811 0.123369769    0.09   0.29      0.62
16  0.219909473 0.131920545    0.09   0.50      0.41
17  0.371142552 0.150214456    0.07   0.41      0.52
18  0.788609946 0.033146362    0.21   0.05      0.74
19  0.715823198 0.033132037    0.15   0.14      0.71
20  0.353688036 0.069884692    0.28   0.23      0.49
21  0.174387529 0.075383792    0.25   0.33      0.42
22  0.325820306 0.078935783    0.22   0.32      0.46
23  0.132402005 0.125129638    0.15   0.40      0.45
24  0.132023934 0.109825573    0.18   0.38      0.44
25  0.587520556 0.011666303    0.40   0.12      0.48
26  0.479589205 0.009898035    0.41   0.08      0.51
27  0.512465876 0.141436118    0.08   0.28      0.64
28  0.697048718 0.038704809    0.13   0.11      0.76
29  0.270669342 0.118959707    0.08   0.40      0.52
30  0.022785051 0.095329496    0.29   0.43      0.28
31  0.242872810 0.113128811    0.15   0.29      0.56
32  0.189296576 0.137819240    0.08   0.41      0.51
33  0.333371267 0.040465608    0.45   0.18      0.37
34  0.357109097 0.077397672    0.23   0.28      0.49
35  0.512122232 0.099072670    0.12   0.26      0.62
36  0.271321986 0.036140627    0.37   0.24      0.39
37  0.332534760 0.149198417    0.07   0.32      0.61
38  0.131483207 0.115920240    0.12   0.43      0.45
39  0.476554391 0.047087167    0.24   0.19      0.57
40  0.529610849 0.075417956    0.14   0.17      0.69
41  0.222340113 0.131221694    0.13   0.45      0.42
42  0.013217007 0.055620595    0.43   0.47      0.10
43  0.676272115 0.080693275    0.10   0.15      0.75
44  0.368822621 0.018714563    0.46   0.15      0.39
45  0.420953730 0.038609313    0.30   0.25      0.45
46  0.436117704 0.108720305    0.10   0.28      0.62
47  0.339621126 0.071258095    0.25   0.31      0.44
48  0.744294861 0.016312656    0.22   0.04      0.74
49  0.677976575 0.013766100    0.23   0.03      0.74
50  0.469700551 0.053508023    0.21   0.27      0.52
51  0.306723233 0.150577836    0.09   0.38      0.53
52  0.374585609 0.062554589    0.23   0.26      0.51
53  0.532148824 0.067208418    0.19   0.17      0.64
54  0.238070486 0.005274484    0.60   0.15      0.25
55  0.593696706 0.055874525    0.17   0.18      0.65
56  0.136466795 0.171297834    0.05   0.41      0.54
57  0.261181277 0.018142113    0.57   0.14      0.29
58  0.281734951 0.030118598    0.48   0.21      0.31
59  0.141105863 0.009603499    0.72   0.13      0.15
60  0.282852399 0.005887025    0.66   0.10      0.24
61  0.366997008 0.077867830    0.17   0.33      0.50
62  0.130749343 0.066903793    0.27   0.48      0.25
63  0.003899001 0.077195910    0.25   0.52      0.23
64  0.339114577 0.137280250    0.07   0.33      0.60
65  0.724149965 0.064770727    0.13   0.11      0.76
66  0.188227545 0.022562316    0.56   0.21      0.23
67  0.445367450 0.031359162    0.32   0.20      0.48
68  0.518157007 0.093137376    0.12   0.23      0.65
69  0.137107227 0.101003133    0.18   0.45      0.37
70  0.311134672 0.071896993    0.25   0.35      0.40
71  0.402632523 0.013406742    0.53   0.10      0.37
72  0.513855597 0.061233054    0.26   0.21      0.53
73  0.390415993 0.097647880    0.14   0.30      0.56
74  0.633916503 0.064207229    0.22   0.11      0.67
75  0.098021010 0.103612627    0.18   0.51      0.31
76  0.069695242 0.058110450    0.37   0.44      0.19
77  0.564325853 0.027758808    0.23   0.13      0.64
78  0.380515494 0.085861121    0.19   0.41      0.40
79  0.052509822 0.041587600    0.52   0.30      0.18
80  0.518737079 0.070192624    0.25   0.27      0.48
81  0.055155659 0.108806489    0.25   0.50      0.25
82  0.173033156 0.123357318    0.12   0.40      0.48
83  0.439204813 0.022171565    0.33   0.21      0.46
84  0.213571434 0.143563315    0.05   0.43      0.52
85  0.432130686 0.023561786    0.43   0.15      0.42
86  0.155953159 0.016105480    0.64   0.17      0.19
87  0.674500501 0.070885995    0.13   0.18      0.69
88  0.448902942 0.003610909    0.51   0.06      0.43
89  0.121403833 0.086715494    0.21   0.48      0.31
90  0.088197077 0.031603005    0.47   0.36      0.17
91  0.256446411 0.084797563    0.17   0.36      0.47
92  0.222235755 0.022869142    0.60   0.16      0.24
93  0.457581191 0.095971909    0.16   0.22      0.62
94  0.133558001 0.105863607    0.14   0.51      0.35
95  0.372047440 0.103547223    0.08   0.41      0.51
96  0.392116732 0.067614670    0.16   0.34      0.50
97  0.424902054 0.119403986    0.14   0.33      0.53
98  0.446739311 0.172756975    0.04   0.29      0.67
99  0.418709841 0.013168626    0.41   0.11      0.48
100 0.723024416 0.078378919    0.11   0.13      0.76
