     prob.meio    prob.mito euploid mosaic aneuploid
1   0.10623421 0.2048912290    0.02   0.35      0.63
2   0.26179528 0.0156330715    0.69   0.07      0.24
3   0.11902277 0.1964560451    0.03   0.40      0.57
4   0.13956915 0.1298848104    0.07   0.43      0.50
5   0.49054298 0.0061150915    0.41   0.03      0.56
6   0.58416910 0.1247229101    0.05   0.25      0.70
7   0.03351026 0.2239766633    0.02   0.37      0.61
8   0.44939738 0.1213972750    0.07   0.33      0.60
9   0.51143971 0.0765532136    0.19   0.28      0.53
10  0.54495966 0.0639873617    0.24   0.17      0.59
11  0.64906646 0.1164696109    0.07   0.23      0.70
12  0.30994560 0.1310736032    0.09   0.32      0.59
13  0.29983071 0.0472183644    0.31   0.32      0.37
14  0.13526802 0.1572126211    0.08   0.42      0.50
15  0.55444845 0.0252920678    0.23   0.18      0.59
16  0.17299662 0.2327378860    0.01   0.39      0.60
17  0.33352430 0.0908191537    0.16   0.26      0.58
18  0.03941997 0.0942657485    0.26   0.43      0.31
19  0.34913573 0.0579560383    0.30   0.16      0.54
20  0.23746469 0.1541368298    0.08   0.38      0.54
21  0.29433873 0.1092443613    0.13   0.43      0.44
22  0.14791641 0.1963358675    0.01   0.39      0.60
23  0.50825154 0.0576661816    0.15   0.20      0.65
24  0.49703352 0.1794157873    0.01   0.32      0.67
25  0.53222337 0.0473904214    0.20   0.22      0.58
26  0.64019282 0.0410175454    0.23   0.18      0.59
27  0.15640090 0.2112193699    0.03   0.28      0.69
28  0.61700139 0.0036589943    0.42   0.02      0.56
29  0.10616182 0.2447876772    0.00   0.35      0.65
30  0.49204742 0.0087294406    0.35   0.06      0.59
31  0.49487157 0.0736157170    0.15   0.26      0.59
32  0.29877230 0.0776637339    0.22   0.37      0.41
33  0.18028863 0.0006218785    0.76   0.00      0.24
34  0.33083575 0.0265768163    0.41   0.17      0.42
35  0.66165126 0.0607961304    0.20   0.20      0.60
36  0.40457599 0.0912463502    0.18   0.25      0.57
37  0.53083452 0.0022054673    0.46   0.02      0.52
38  0.16160874 0.1049681364    0.18   0.46      0.36
39  0.23822638 0.0417941664    0.40   0.35      0.25
40  0.21574702 0.0648627372    0.38   0.32      0.30
41  0.20772475 0.0274910452    0.50   0.26      0.24
42  0.19231130 0.1427812583    0.12   0.36      0.52
43  0.01511927 0.1452595207    0.17   0.45      0.38
44  0.09985251 0.1991227402    0.01   0.39      0.60
45  0.14417385 0.0470424378    0.40   0.33      0.27
46  0.12007614 0.0642542047    0.34   0.39      0.27
47  0.24092134 0.1718890101    0.02   0.35      0.63
48  0.10882282 0.0762335332    0.29   0.42      0.29
49  0.41223713 0.1417139652    0.06   0.28      0.66
50  0.16052525 0.1859958998    0.05   0.42      0.53
51  0.61520481 0.0608481795    0.18   0.21      0.61
52  0.34057649 0.1855294749    0.01   0.31      0.68
53  0.25435908 0.2285768739    0.01   0.33      0.66
54  0.23452257 0.0491020698    0.31   0.39      0.30
55  0.48926702 0.0449807118    0.23   0.18      0.59
56  0.49484242 0.0133244877    0.30   0.04      0.66
57  0.46056173 0.0553097464    0.21   0.28      0.51
58  0.17247975 0.2818938619    0.01   0.32      0.67
59  0.31431550 0.1160849167    0.15   0.36      0.49
60  0.43574980 0.0310979735    0.30   0.19      0.51
61  0.23553455 0.0676866337    0.32   0.40      0.28
62  0.65933089 0.1256572020    0.08   0.22      0.70
63  0.35910615 0.0644826991    0.21   0.30      0.49
64  0.23191017 0.2028475723    0.02   0.30      0.68
65  0.11262484 0.0380905031    0.57   0.23      0.20
66  0.18438889 0.2047254706    0.05   0.27      0.68
67  0.19496283 0.1927960431    0.01   0.41      0.58
68  0.37742456 0.1648005343    0.06   0.34      0.60
69  0.21353761 0.1417719652    0.10   0.38      0.52
70  0.33777475 0.1201914775    0.12   0.28      0.60
71  0.49160047 0.0922812610    0.06   0.33      0.61
72  0.30575742 0.0658286826    0.24   0.35      0.41
73  0.48821399 0.0673139396    0.16   0.25      0.59
74  0.33505735 0.0617326484    0.22   0.28      0.50
75  0.17604177 0.1850708621    0.04   0.40      0.56
76  0.14263025 0.1868481629    0.01   0.42      0.57
77  0.19861857 0.1209265301    0.13   0.38      0.49
78  0.21786232 0.1648004802    0.05   0.38      0.57
79  0.12507627 0.1837965110    0.03   0.42      0.55
80  0.22123581 0.1851231153    0.03   0.40      0.57
81  0.25378609 0.0409782145    0.35   0.36      0.29
82  0.45292484 0.0647049297    0.22   0.20      0.58
83  0.37985470 0.0451288002    0.38   0.20      0.42
84  0.03576045 0.2057845728    0.03   0.41      0.56
85  0.23520125 0.0350462608    0.38   0.28      0.34
86  0.19428912 0.2068619246    0.01   0.31      0.68
87  0.32008130 0.0058442962    0.55   0.09      0.36
88  0.30969264 0.0176269240    0.51   0.18      0.31
89  0.43374553 0.0231520343    0.37   0.08      0.55
90  0.24783394 0.0450592558    0.42   0.32      0.26
91  0.37055311 0.0258438278    0.47   0.23      0.30
92  0.20926048 0.0879913950    0.23   0.35      0.42
93  0.14627481 0.0636948524    0.40   0.37      0.23
94  0.46808853 0.0953515749    0.12   0.37      0.51
95  0.28948331 0.0850120704    0.23   0.37      0.40
96  0.12267729 0.2579010101    0.00   0.35      0.65
97  0.35530353 0.1785966344    0.02   0.39      0.59
98  0.58568688 0.0554066799    0.19   0.21      0.60
99  0.27833930 0.2308008629    0.01   0.32      0.67
100 0.14237648 0.0469089586    0.45   0.33      0.22
