     prob.meio    prob.mito euploid mosaic aneuploid
1   0.38690211 0.2081863161    0.03   0.34      0.63
2   0.61349874 0.1312761903    0.07   0.22      0.71
3   0.07938612 0.1744251901    0.06   0.40      0.54
4   0.29512314 0.2229251110    0.02   0.38      0.60
5   0.42515119 0.0301877726    0.34   0.18      0.48
6   0.18199970 0.1793963169    0.05   0.38      0.57
7   0.14250349 0.1088317921    0.24   0.42      0.34
8   0.01419581 0.1660625602    0.03   0.44      0.53
9   0.47559777 0.0662017746    0.29   0.28      0.43
10  0.05180076 0.0976655099    0.21   0.55      0.24
11  0.52145675 0.0250541836    0.31   0.18      0.51
12  0.32251297 0.1149180986    0.14   0.37      0.49
13  0.65164304 0.0690664547    0.09   0.17      0.74
14  0.49523783 0.0507924529    0.23   0.22      0.55
15  0.67079748 0.0997311722    0.09   0.15      0.76
16  0.30960367 0.0269132827    0.45   0.19      0.36
17  0.73431335 0.0520712126    0.11   0.14      0.75
18  0.47727215 0.1124486590    0.10   0.26      0.64
19  0.19123111 0.0211697908    0.61   0.20      0.19
20  0.32089070 0.1395525476    0.08   0.36      0.56
21  0.20617028 0.0354863775    0.55   0.26      0.19
22  0.36848002 0.1596242506    0.04   0.31      0.65
23  0.53740927 0.0423674129    0.26   0.17      0.57
24  0.02506422 0.1415628782    0.10   0.51      0.39
25  0.03542342 0.0363688725    0.52   0.37      0.11
26  0.12843256 0.0703396504    0.35   0.41      0.24
27  0.21346331 0.0417211233    0.42   0.31      0.27
28  0.13661411 0.0749338954    0.26   0.47      0.27
29  0.37436665 0.0134349475    0.50   0.12      0.38
30  0.18037391 0.0486837730    0.37   0.38      0.25
31  0.18410314 0.0366167477    0.47   0.27      0.26
32  0.64344234 0.1213064466    0.06   0.23      0.71
33  0.69003298 0.0182447927    0.20   0.08      0.72
34  0.60152051 0.0197954453    0.29   0.07      0.64
35  0.25324919 0.0876223166    0.19   0.37      0.44
36  0.23373811 0.1454626701    0.06   0.43      0.51
37  0.53700095 0.0114212129    0.40   0.07      0.53
38  0.32094862 0.1396197579    0.05   0.42      0.53
39  0.25342642 0.0131373433    0.55   0.16      0.29
40  0.17406704 0.1047795240    0.24   0.39      0.37
41  0.52965323 0.0397875146    0.24   0.14      0.62
42  0.46619305 0.1283311734    0.09   0.21      0.70
43  0.41648999 0.0291216657    0.36   0.16      0.48
44  0.34828135 0.0676466252    0.26   0.36      0.38
45  0.38988104 0.0718224591    0.23   0.31      0.46
46  0.38782182 0.0774614222    0.19   0.29      0.52
47  0.07068107 0.0437588040    0.42   0.47      0.11
48  0.68685941 0.0880260775    0.09   0.17      0.74
49  0.61673622 0.1164612765    0.08   0.21      0.71
50  0.48108463 0.1825070241    0.03   0.29      0.68
51  0.02757646 0.0911472617    0.20   0.51      0.29
52  0.22610420 0.0945955976    0.19   0.41      0.40
53  0.50695240 0.0018490723    0.44   0.03      0.53
54  0.43589869 0.0368763958    0.32   0.24      0.44
55  0.42925410 0.1330622975    0.08   0.32      0.60
56  0.50604256 0.0004322643    0.46   0.00      0.54
57  0.33566225 0.0903117971    0.17   0.41      0.42
58  0.70079905 0.0990968912    0.06   0.22      0.72
59  0.10686518 0.1882680517    0.03   0.41      0.56
60  0.14729122 0.2132817630    0.02   0.36      0.62
61  0.11459797 0.2048165160    0.05   0.39      0.56
62  0.45827911 0.1001438270    0.14   0.24      0.62
63  0.30680783 0.0794479095    0.17   0.39      0.44
64  0.44271010 0.0950473864    0.09   0.36      0.55
65  0.52708535 0.1210603646    0.08   0.21      0.71
66  0.18655160 0.0251670135    0.56   0.17      0.27
67  0.43285164 0.1587100008    0.04   0.27      0.69
68  0.14077417 0.0509534525    0.33   0.42      0.25
69  0.63582478 0.1119897775    0.06   0.26      0.68
70  0.24553038 0.1478555333    0.07   0.42      0.51
71  0.36293938 0.0883159116    0.17   0.38      0.45
72  0.57841046 0.0900160966    0.12   0.26      0.62
73  0.03465391 0.1613627959    0.07   0.47      0.46
74  0.57731267 0.0591084866    0.23   0.16      0.61
75  0.58924011 0.0137007709    0.27   0.07      0.66
76  0.47060763 0.1378522001    0.10   0.28      0.62
77  0.60009530 0.0542707648    0.11   0.17      0.72
78  0.48112437 0.0401094176    0.23   0.27      0.50
79  0.34739884 0.0457694319    0.32   0.31      0.37
80  0.01048746 0.0858238533    0.24   0.48      0.28
81  0.48238936 0.0506679071    0.31   0.21      0.48
82  0.26196573 0.0925791028    0.18   0.38      0.44
83  0.43381072 0.0092353879    0.46   0.06      0.48
84  0.25724306 0.0882185581    0.19   0.33      0.48
85  0.46830060 0.0705803353    0.18   0.25      0.57
86  0.30050545 0.1837134010    0.04   0.32      0.64
87  0.36637080 0.1399157317    0.09   0.34      0.57
88  0.40823908 0.0975282718    0.14   0.43      0.43
89  0.19349816 0.0369540979    0.50   0.27      0.23
90  0.05799028 0.1399797434    0.08   0.48      0.44
91  0.47787519 0.0873402350    0.09   0.23      0.68
92  0.36035844 0.0193010434    0.45   0.15      0.40
93  0.06827063 0.1137861283    0.22   0.51      0.27
94  0.24622162 0.0457011580    0.35   0.28      0.37
95  0.16799542 0.0476040016    0.46   0.32      0.22
96  0.38383918 0.0117970954    0.54   0.09      0.37
97  0.12263666 0.0455813741    0.40   0.36      0.24
98  0.33305899 0.0646120382    0.22   0.38      0.40
99  0.61482793 0.1289124235    0.09   0.16      0.75
100 0.02434712 0.1113689374    0.21   0.51      0.28
