      prob.meio    prob.mito euploid mosaic aneuploid
1   0.465267434 0.0804213744    0.12   0.34      0.54
2   0.130429317 0.1816787021    0.07   0.37      0.56
3   0.158178461 0.1649814541    0.09   0.33      0.58
4   0.474061302 0.0186813101    0.38   0.14      0.48
5   0.281754098 0.1120484821    0.11   0.41      0.48
6   0.177470498 0.1470916572    0.05   0.45      0.50
7   0.044956160 0.0982663524    0.17   0.48      0.35
8   0.504387296 0.0845629838    0.17   0.24      0.59
9   0.067972407 0.2285465111    0.04   0.38      0.58
10  0.339868150 0.0533722292    0.28   0.22      0.50
11  0.434237582 0.0711158619    0.22   0.25      0.53
12  0.272735583 0.1778407076    0.04   0.39      0.57
13  0.143371735 0.2160363835    0.00   0.39      0.61
14  0.195402872 0.2186480721    0.02   0.32      0.66
15  0.127631958 0.1998141794    0.04   0.34      0.62
16  0.238917380 0.0093384020    0.70   0.06      0.24
17  0.013711662 0.0781312576    0.31   0.48      0.21
18  0.132142047 0.0793441967    0.28   0.38      0.34
19  0.483154700 0.1383842377    0.08   0.24      0.68
20  0.637413366 0.0690209656    0.19   0.17      0.64
21  0.619229556 0.0071398662    0.32   0.07      0.61
22  0.149551846 0.0693943163    0.36   0.36      0.28
23  0.611979108 0.0544190744    0.18   0.12      0.70
24  0.144232199 0.2098393657    0.03   0.35      0.62
25  0.222463467 0.1922275203    0.03   0.42      0.55
26  0.366096337 0.1563643601    0.04   0.40      0.56
27  0.525014797 0.0384951911    0.24   0.21      0.55
28  0.081363895 0.1613438076    0.07   0.48      0.45
29  0.090708062 0.1618031675    0.08   0.42      0.50
30  0.197693838 0.1181676134    0.15   0.42      0.43
31  0.197448759 0.0690228378    0.34   0.31      0.35
32  0.360028520 0.1229942953    0.14   0.37      0.49
33  0.736688116 0.0023679896    0.29   0.02      0.69
34  0.131603808 0.0186366686    0.71   0.13      0.16
35  0.198587843 0.0331125939    0.45   0.30      0.25
36  0.313932748 0.0663978611    0.25   0.28      0.47
37  0.017820960 0.1125963281    0.10   0.51      0.39
38  0.094354233 0.1887677768    0.03   0.37      0.60
39  0.007272105 0.1618978856    0.06   0.57      0.37
40  0.369487822 0.0367126346    0.39   0.18      0.43
41  0.146005339 0.2051460582    0.01   0.37      0.62
42  0.332725619 0.0302096019    0.40   0.15      0.45
43  0.234161845 0.0145665917    0.59   0.14      0.27
44  0.249435119 0.0742535403    0.31   0.40      0.29
45  0.586122610 0.1122933330    0.06   0.25      0.69
46  0.269742838 0.0140740324    0.66   0.17      0.17
47  0.148685657 0.0655142288    0.40   0.33      0.27
48  0.179846678 0.1636864950    0.04   0.39      0.57
49  0.410914169 0.0004047665    0.59   0.00      0.41
50  0.477922197 0.1231882982    0.06   0.28      0.66
51  0.015705144 0.0948599221    0.21   0.50      0.29
52  0.038647605 0.1850785918    0.02   0.44      0.54
53  0.197546771 0.1460769363    0.06   0.43      0.51
54  0.279331673 0.0113827046    0.57   0.11      0.32
55  0.565914231 0.0639934035    0.19   0.21      0.60
56  0.064688560 0.0762627651    0.32   0.44      0.24
57  0.016968820 0.0697599445    0.39   0.43      0.18
58  0.110323301 0.1256321147    0.12   0.56      0.32
59  0.350424706 0.0796613353    0.25   0.32      0.43
60  0.211076953 0.0733620110    0.26   0.44      0.30
61  0.243754107 0.1968185881    0.02   0.30      0.68
62  0.055413819 0.0445604632    0.41   0.36      0.23
63  0.237506620 0.0093577267    0.69   0.08      0.23
64  0.480437947 0.1780440949    0.00   0.33      0.67
65  0.360646116 0.1015526664    0.15   0.33      0.52
66  0.551726315 0.1112817782    0.12   0.26      0.62
67  0.548715820 0.0888887490    0.13   0.26      0.61
68  0.177147748 0.1862821712    0.05   0.38      0.57
69  0.006626496 0.1524541611    0.05   0.59      0.36
70  0.040276700 0.0836997875    0.33   0.47      0.20
71  0.452546956 0.1923482406    0.05   0.28      0.67
72  0.349880143 0.1618641997    0.03   0.32      0.65
73  0.286409565 0.0497538792    0.42   0.30      0.28
74  0.451771999 0.1051778905    0.17   0.32      0.51
75  0.390204068 0.0620521102    0.25   0.23      0.52
76  0.255909081 0.1581923768    0.06   0.41      0.53
77  0.440830897 0.1448738275    0.05   0.27      0.68
78  0.165479650 0.0161776522    0.59   0.19      0.22
79  0.102254551 0.0563027095    0.35   0.41      0.24
80  0.128926920 0.0864374614    0.29   0.42      0.29
81  0.434977810 0.0419901849    0.22   0.26      0.52
82  0.524409797 0.0446455956    0.24   0.15      0.61
83  0.069247417 0.0485909297    0.41   0.38      0.21
84  0.183098165 0.1225043465    0.11   0.41      0.48
85  0.208550835 0.1006258444    0.18   0.35      0.47
86  0.491496771 0.0887436366    0.12   0.27      0.61
87  0.342946593 0.0346912306    0.40   0.19      0.41
88  0.283757092 0.0069087823    0.65   0.08      0.27
89  0.442207252 0.0922300734    0.18   0.28      0.54
90  0.316007561 0.0298254276    0.51   0.19      0.30
91  0.436604474 0.0602878770    0.22   0.25      0.53
92  0.309158637 0.0276989634    0.40   0.20      0.40
93  0.188236152 0.0286070469    0.50   0.24      0.26
94  0.250754237 0.0897912469    0.13   0.40      0.47
95  0.217491374 0.0377367698    0.42   0.25      0.33
96  0.288205831 0.1450071274    0.07   0.36      0.57
97  0.657142316 0.0126386532    0.28   0.07      0.65
98  0.050763599 0.0860026104    0.34   0.41      0.25
99  0.034645184 0.0453711904    0.46   0.38      0.16
100 0.397805855 0.1118739448    0.12   0.33      0.55
