     prob.meio    prob.mito euploid mosaic aneuploid
1   0.33010118 0.0717621148    0.22   0.30      0.48
2   0.36649749 0.0056435501    0.53   0.07      0.40
3   0.37849996 0.0502471982    0.34   0.23      0.43
4   0.46146733 0.1422712838    0.05   0.33      0.62
5   0.36066286 0.0003030284    0.66   0.01      0.33
6   0.01512966 0.2297299881    0.00   0.35      0.65
7   0.23236445 0.0033702217    0.64   0.09      0.27
8   0.22811709 0.0857363786    0.27   0.34      0.39
9   0.12782791 0.1349599548    0.10   0.46      0.44
10  0.12788986 0.2362196341    0.00   0.37      0.63
11  0.30878272 0.0999896338    0.22   0.38      0.40
12  0.41819391 0.0750571026    0.19   0.32      0.49
13  0.50857436 0.1049080703    0.12   0.26      0.62
14  0.41949040 0.0421898426    0.26   0.23      0.51
15  0.25454588 0.0837755408    0.23   0.36      0.41
16  0.32769002 0.1341850145    0.09   0.38      0.53
17  0.35159025 0.0823275056    0.26   0.32      0.42
18  0.35102406 0.1151493508    0.07   0.38      0.55
19  0.24891032 0.0966965214    0.20   0.31      0.49
20  0.10326511 0.1972420253    0.03   0.34      0.63
21  0.57460480 0.1276649686    0.07   0.28      0.65
22  0.02841573 0.2291886376    0.03   0.34      0.63
23  0.03866322 0.2103924905    0.02   0.38      0.60
24  0.64626852 0.0080332167    0.33   0.04      0.63
25  0.39541910 0.0590923117    0.29   0.26      0.45
26  0.42655166 0.1670313168    0.02   0.35      0.63
27  0.09727206 0.0469281285    0.47   0.33      0.20
28  0.35010943 0.1815971592    0.05   0.33      0.62
29  0.41430940 0.1495853090    0.09   0.31      0.60
30  0.30074564 0.0126668150    0.55   0.08      0.37
31  0.40881390 0.0929904594    0.21   0.20      0.59
32  0.24253561 0.0247303965    0.53   0.21      0.26
33  0.37897233 0.1009860770    0.16   0.38      0.46
34  0.49667287 0.0988489394    0.08   0.22      0.70
35  0.43260415 0.1562224284    0.06   0.34      0.60
36  0.64964989 0.0703778295    0.18   0.19      0.63
37  0.39874730 0.0838788219    0.12   0.25      0.63
38  0.32633169 0.0365013040    0.39   0.18      0.43
39  0.41839558 0.0924637259    0.15   0.23      0.62
40  0.33350659 0.1457743428    0.04   0.29      0.67
41  0.43530869 0.0186295281    0.41   0.16      0.43
42  0.64837008 0.0453387329    0.20   0.12      0.68
43  0.29485011 0.0432169165    0.31   0.28      0.41
44  0.18081802 0.0054972651    0.73   0.08      0.19
45  0.13678497 0.0802865082    0.38   0.37      0.25
46  0.34234247 0.0593053612    0.36   0.29      0.35
47  0.27833585 0.1221568270    0.13   0.39      0.48
48  0.17449483 0.1276005732    0.12   0.39      0.49
49  0.12476781 0.0433209073    0.52   0.27      0.21
50  0.29987228 0.0595778765    0.34   0.30      0.36
51  0.46166119 0.0501563677    0.23   0.19      0.58
52  0.31811244 0.1553198535    0.03   0.36      0.61
53  0.47746026 0.0868919233    0.14   0.21      0.65
54  0.50506489 0.0953076705    0.13   0.33      0.54
55  0.51976011 0.1164437840    0.10   0.30      0.60
56  0.60621084 0.0547463740    0.15   0.16      0.69
57  0.14265068 0.1909492984    0.03   0.44      0.53
58  0.08561022 0.1525727194    0.12   0.44      0.44
59  0.20199998 0.0859517220    0.31   0.41      0.28
60  0.08099157 0.2185153842    0.00   0.37      0.63
61  0.18060827 0.0132227666    0.60   0.20      0.20
62  0.45489247 0.1611464256    0.04   0.32      0.64
63  0.60140772 0.1043984466    0.09   0.26      0.65
64  0.55064510 0.0023675796    0.42   0.01      0.57
65  0.12851827 0.0776254451    0.37   0.39      0.24
66  0.23348075 0.0039117418    0.76   0.04      0.20
67  0.70170958 0.0215430432    0.23   0.10      0.67
68  0.39371143 0.0869521487    0.14   0.26      0.60
69  0.12601016 0.2248035278    0.01   0.40      0.59
70  0.24110383 0.0669580041    0.19   0.42      0.39
71  0.67500117 0.1414684425    0.07   0.24      0.69
72  0.11029894 0.2253460474    0.02   0.44      0.54
73  0.38012629 0.1377427951    0.05   0.29      0.66
74  0.29350004 0.1924832680    0.01   0.33      0.66
75  0.08638962 0.2316504924    0.00   0.41      0.59
76  0.57855704 0.1352459081    0.06   0.30      0.64
77  0.61327040 0.0972194099    0.10   0.22      0.68
78  0.36496105 0.1245722587    0.09   0.39      0.52
79  0.14865021 0.2159813878    0.02   0.33      0.65
80  0.41170308 0.1440931058    0.05   0.30      0.65
81  0.47255549 0.1221080439    0.07   0.31      0.62
82  0.36866770 0.1819526935    0.03   0.31      0.66
83  0.17161112 0.0411296741    0.38   0.33      0.29
84  0.38648546 0.1543556130    0.07   0.36      0.57
85  0.58322322 0.1094463153    0.11   0.20      0.69
86  0.55381189 0.0108570738    0.35   0.05      0.60
87  0.59710315 0.0574354958    0.14   0.17      0.69
88  0.42265227 0.0089088171    0.49   0.12      0.39
89  0.25631109 0.1109625450    0.07   0.41      0.52
90  0.41105363 0.1173453748    0.09   0.37      0.54
91  0.28901104 0.1709730753    0.04   0.33      0.63
92  0.28889191 0.0679217612    0.29   0.29      0.42
93  0.14842735 0.0577437794    0.30   0.42      0.28
94  0.46112074 0.0231967065    0.43   0.17      0.40
95  0.26326998 0.0713040982    0.24   0.43      0.33
96  0.29438591 0.0883489980    0.14   0.41      0.45
97  0.15122295 0.0984934254    0.18   0.40      0.42
98  0.41196939 0.0677100178    0.18   0.27      0.55
99  0.48812470 0.0450223743    0.25   0.20      0.55
100 0.49505467 0.0808894222    0.16   0.25      0.59
