     prob.meio   prob.mito euploid mosaic aneuploid
1   0.39172427 0.114971326    0.11   0.39      0.50
2   0.46565814 0.065673148    0.27   0.16      0.57
3   0.20034124 0.073532766    0.30   0.38      0.32
4   0.36735464 0.080325665    0.16   0.29      0.55
5   0.03502006 0.135911455    0.14   0.45      0.41
6   0.23457224 0.117900296    0.20   0.38      0.42
7   0.73100817 0.108091724    0.08   0.20      0.72
8   0.19839419 0.156528568    0.04   0.39      0.57
9   0.73339546 0.008472362    0.24   0.04      0.72
10  0.10612800 0.040768612    0.56   0.32      0.12
11  0.78560335 0.032490368    0.20   0.06      0.74
12  0.47902992 0.024959781    0.37   0.15      0.48
13  0.31030901 0.114576365    0.11   0.34      0.55
14  0.14470006 0.046133324    0.41   0.38      0.21
15  0.51978487 0.111143704    0.11   0.22      0.67
16  0.13071909 0.042797948    0.46   0.36      0.18
17  0.44471017 0.111998160    0.12   0.21      0.67
18  0.50353556 0.028934664    0.31   0.09      0.60
19  0.01064974 0.152896833    0.10   0.51      0.39
20  0.69362749 0.006214621    0.26   0.04      0.70
21  0.08765279 0.079460316    0.31   0.42      0.27
22  0.62262714 0.017632974    0.30   0.06      0.64
23  0.07648161 0.069281213    0.40   0.35      0.25
24  0.23725569 0.105073693    0.09   0.42      0.49
25  0.64068431 0.074951520    0.11   0.21      0.68
26  0.33404215 0.099201893    0.20   0.32      0.48
27  0.05821100 0.147751753    0.13   0.44      0.43
28  0.10692019 0.218962027    0.05   0.30      0.65
29  0.08774765 0.114422671    0.17   0.43      0.40
30  0.26895224 0.136400113    0.09   0.37      0.54
31  0.24192667 0.056462920    0.31   0.35      0.34
32  0.34003825 0.141826593    0.08   0.32      0.60
33  0.39487032 0.132264094    0.08   0.26      0.66
34  0.64364973 0.088073194    0.19   0.19      0.62
35  0.01402440 0.140288410    0.13   0.45      0.42
36  0.50549731 0.087138748    0.14   0.26      0.60
37  0.47429960 0.083982722    0.14   0.27      0.59
38  0.01979326 0.072673064    0.34   0.47      0.19
39  0.25935852 0.136716905    0.08   0.38      0.54
40  0.36583459 0.046784958    0.26   0.29      0.45
41  0.20805650 0.135301156    0.12   0.35      0.53
42  0.40104176 0.016369362    0.42   0.11      0.47
43  0.49682297 0.115821593    0.07   0.37      0.56
44  0.42644764 0.075325620    0.18   0.27      0.55
45  0.63947884 0.075876625    0.11   0.20      0.69
46  0.45773916 0.008735379    0.48   0.06      0.46
47  0.54866696 0.006823801    0.35   0.04      0.61
48  0.27578895 0.114217974    0.07   0.44      0.49
49  0.24399104 0.013201101    0.63   0.08      0.29
50  0.41675782 0.090765048    0.14   0.32      0.54
51  0.49873635 0.079113609    0.18   0.31      0.51
52  0.05292567 0.052418612    0.44   0.38      0.18
53  0.15436711 0.028714185    0.48   0.34      0.18
54  0.59335299 0.006826997    0.40   0.04      0.56
55  0.63324538 0.097315107    0.08   0.23      0.69
56  0.01353780 0.055497326    0.49   0.41      0.10
57  0.34478219 0.139987263    0.04   0.40      0.56
58  0.18496485 0.036988078    0.51   0.25      0.24
59  0.54921549 0.103958135    0.09   0.30      0.61
60  0.48953719 0.063107712    0.27   0.13      0.60
61  0.20496967 0.070778991    0.33   0.34      0.33
62  0.24651064 0.036381328    0.38   0.25      0.37
63  0.23715689 0.129448742    0.14   0.50      0.36
64  0.29824065 0.201532418    0.04   0.33      0.63
65  0.30846930 0.144288604    0.07   0.30      0.63
66  0.55816423 0.101291758    0.11   0.20      0.69
67  0.24206940 0.006511204    0.69   0.10      0.21
68  0.14997724 0.154027698    0.08   0.48      0.44
69  0.11135153 0.075325214    0.31   0.40      0.29
70  0.31200526 0.030890020    0.39   0.20      0.41
71  0.65050478 0.019975952    0.28   0.08      0.64
72  0.24071080 0.170853186    0.03   0.34      0.63
73  0.65514436 0.015010535    0.32   0.08      0.60
74  0.62938572 0.055323499    0.16   0.15      0.69
75  0.14789970 0.077123731    0.23   0.45      0.32
76  0.15499843 0.114511106    0.14   0.44      0.42
77  0.39494065 0.094916618    0.20   0.26      0.54
78  0.12757596 0.023268884    0.63   0.20      0.17
79  0.32080927 0.119035963    0.15   0.35      0.50
80  0.45852280 0.019916771    0.42   0.12      0.46
81  0.09594577 0.105993311    0.20   0.45      0.35
82  0.41861643 0.120993844    0.06   0.30      0.64
83  0.03600548 0.073724286    0.30   0.48      0.22
84  0.02208097 0.076575450    0.32   0.49      0.19
85  0.30307417 0.190502912    0.07   0.27      0.66
86  0.58080533 0.022228835    0.23   0.09      0.68
87  0.19193628 0.068991797    0.18   0.50      0.32
88  0.71432796 0.056915344    0.11   0.18      0.71
89  0.11726646 0.057203007    0.45   0.38      0.17
90  0.41910368 0.138373216    0.05   0.35      0.60
91  0.54100935 0.072613407    0.15   0.16      0.69
92  0.18641737 0.034527884    0.41   0.30      0.29
93  0.55778611 0.005109016    0.44   0.04      0.52
94  0.38864742 0.066649364    0.24   0.31      0.45
95  0.09734630 0.149979988    0.12   0.42      0.46
96  0.10125356 0.041723669    0.43   0.35      0.22
97  0.40917592 0.074053515    0.20   0.22      0.58
98  0.04707881 0.204137810    0.03   0.34      0.63
99  0.01891169 0.049028236    0.49   0.39      0.12
100 0.20812639 0.048399242    0.37   0.34      0.29
