     prob.meio   prob.mito euploid mosaic aneuploid
1   0.28113826 0.090988500    0.20   0.34      0.46
2   0.56009505 0.055161938    0.18   0.20      0.62
3   0.07386378 0.179752543    0.01   0.37      0.62
4   0.47357542 0.018844125    0.40   0.14      0.46
5   0.30277209 0.173051696    0.02   0.34      0.64
6   0.55430362 0.011033466    0.43   0.05      0.52
7   0.45829410 0.044829826    0.27   0.19      0.54
8   0.28417112 0.147935468    0.06   0.30      0.64
9   0.39110516 0.062752867    0.23   0.25      0.52
10  0.21796378 0.182523371    0.05   0.29      0.66
11  0.37320776 0.163405136    0.06   0.30      0.64
12  0.24237940 0.122544554    0.08   0.34      0.58
13  0.08076494 0.212773967    0.04   0.40      0.56
14  0.16317403 0.115191451    0.12   0.45      0.43
15  0.19780812 0.106389943    0.17   0.39      0.44
16  0.55221968 0.095833100    0.12   0.23      0.65
17  0.38179832 0.110593042    0.13   0.31      0.56
18  0.30219652 0.122434836    0.10   0.33      0.57
19  0.28432930 0.048707506    0.29   0.31      0.40
20  0.33295206 0.046215106    0.33   0.29      0.38
21  0.32783002 0.111147808    0.18   0.27      0.55
22  0.18709473 0.179395197    0.03   0.35      0.62
23  0.39234916 0.023843378    0.47   0.16      0.37
24  0.31673795 0.078517147    0.20   0.31      0.49
25  0.26521911 0.150269527    0.07   0.33      0.60
26  0.20397626 0.153139330    0.07   0.38      0.55
27  0.26026550 0.192231406    0.04   0.36      0.60
28  0.43468034 0.076597979    0.14   0.32      0.54
29  0.23844313 0.082125195    0.20   0.35      0.45
30  0.17351520 0.046074869    0.38   0.27      0.35
31  0.41269402 0.144180494    0.05   0.43      0.52
32  0.30814194 0.172927092    0.04   0.35      0.61
33  0.27740453 0.199822488    0.02   0.36      0.62
34  0.20802469 0.073704156    0.29   0.32      0.39
35  0.32634091 0.094453344    0.16   0.32      0.52
36  0.44129361 0.024259863    0.42   0.10      0.48
37  0.07683763 0.176081327    0.07   0.34      0.59
38  0.37480929 0.010455437    0.49   0.10      0.41
39  0.63987495 0.059823193    0.12   0.21      0.67
40  0.18567362 0.042411728    0.48   0.26      0.26
41  0.57331239 0.005580476    0.38   0.06      0.56
42  0.32026526 0.153583436    0.04   0.37      0.59
43  0.19150164 0.122758626    0.15   0.41      0.44
44  0.31370105 0.198587498    0.06   0.36      0.58
45  0.27527192 0.059225631    0.33   0.34      0.33
46  0.26230092 0.162569161    0.04   0.30      0.66
47  0.24137086 0.151923529    0.08   0.40      0.52
48  0.45433968 0.127091680    0.07   0.26      0.67
49  0.27179913 0.070714945    0.22   0.32      0.46
50  0.27811577 0.147163660    0.04   0.33      0.63
51  0.50329372 0.053106548    0.26   0.19      0.55
52  0.12834886 0.145065701    0.08   0.37      0.55
53  0.18261248 0.027123632    0.58   0.24      0.18
54  0.14601583 0.195177603    0.02   0.35      0.63
55  0.61490936 0.105251887    0.10   0.21      0.69
56  0.35596083 0.061312272    0.23   0.33      0.44
57  0.46505151 0.064427279    0.26   0.27      0.47
58  0.24146390 0.118203905    0.11   0.42      0.47
59  0.54165237 0.071156317    0.17   0.26      0.57
60  0.36798320 0.108118549    0.13   0.36      0.51
61  0.34147148 0.076230756    0.26   0.28      0.46
62  0.14630162 0.171709663    0.03   0.37      0.60
63  0.53634876 0.083027451    0.22   0.16      0.62
64  0.39004594 0.058107881    0.30   0.24      0.46
65  0.33923789 0.161057896    0.02   0.33      0.65
66  0.30951305 0.084414591    0.16   0.29      0.55
67  0.40342619 0.114014855    0.12   0.30      0.58
68  0.37111601 0.107301240    0.16   0.35      0.49
69  0.50690037 0.039080851    0.24   0.18      0.58
70  0.53468189 0.084776971    0.16   0.29      0.55
71  0.32564950 0.051062356    0.22   0.33      0.45
72  0.46714087 0.119048472    0.09   0.28      0.63
73  0.43093674 0.003313131    0.54   0.05      0.41
74  0.39415305 0.013863361    0.45   0.10      0.45
75  0.43367701 0.118256798    0.12   0.27      0.61
76  0.31833416 0.023757721    0.57   0.09      0.34
77  0.18930014 0.009533843    0.72   0.07      0.21
78  0.27217222 0.109165297    0.13   0.37      0.50
79  0.30396171 0.211287228    0.04   0.30      0.66
80  0.43605556 0.074874569    0.17   0.30      0.53
81  0.50942341 0.035909832    0.25   0.16      0.59
82  0.44109748 0.030266323    0.34   0.20      0.46
83  0.37788418 0.098203208    0.17   0.33      0.50
84  0.26977726 0.030355571    0.41   0.28      0.31
85  0.25134388 0.081388913    0.16   0.44      0.40
86  0.35603843 0.043538446    0.39   0.27      0.34
87  0.69460766 0.033953351    0.27   0.15      0.58
88  0.12627995 0.127487163    0.09   0.42      0.49
89  0.49573088 0.030656908    0.30   0.18      0.52
90  0.10216703 0.090013216    0.25   0.41      0.34
91  0.59025710 0.009008665    0.34   0.08      0.58
92  0.30300723 0.063207667    0.33   0.33      0.34
93  0.31814055 0.151429895    0.06   0.32      0.62
94  0.62641718 0.068335228    0.20   0.26      0.54
95  0.39772727 0.139963135    0.04   0.34      0.62
96  0.38762352 0.005555088    0.55   0.05      0.40
97  0.44071005 0.015489818    0.40   0.14      0.46
98  0.35410450 0.076594185    0.18   0.37      0.45
99  0.23050951 0.045503470    0.42   0.24      0.34
100 0.11246915 0.080289203    0.30   0.41      0.29
