     prob.meio   prob.mito euploid mosaic aneuploid
1   0.62889521 0.033401483    0.21   0.10      0.69
2   0.22407045 0.045287961    0.40   0.30      0.30
3   0.42703822 0.170475729    0.03   0.31      0.66
4   0.16193079 0.177851782    0.04   0.39      0.57
5   0.52986363 0.003448720    0.55   0.03      0.42
6   0.32285148 0.014031740    0.50   0.16      0.34
7   0.14402293 0.092751053    0.22   0.32      0.46
8   0.06156042 0.240590392    0.03   0.37      0.60
9   0.21546090 0.076036663    0.27   0.35      0.38
10  0.28567540 0.074185757    0.22   0.38      0.40
11  0.55026648 0.070778709    0.21   0.23      0.56
12  0.32682778 0.045241621    0.31   0.32      0.37
13  0.19314416 0.049839690    0.38   0.37      0.25
14  0.59458906 0.055853803    0.20   0.15      0.65
15  0.03210068 0.243146744    0.00   0.34      0.66
16  0.39325709 0.129895867    0.09   0.32      0.59
17  0.55400534 0.137856669    0.06   0.28      0.66
18  0.18363108 0.107850607    0.15   0.40      0.45
19  0.40752135 0.019717843    0.44   0.19      0.37
20  0.31812026 0.081239353    0.20   0.29      0.51
21  0.62764550 0.002167628    0.35   0.03      0.62
22  0.28309230 0.128654496    0.06   0.41      0.53
23  0.59030482 0.141446224    0.07   0.24      0.69
24  0.21401610 0.042967927    0.34   0.35      0.31
25  0.50382713 0.009625813    0.38   0.07      0.55
26  0.26942813 0.127202330    0.09   0.34      0.57
27  0.16930911 0.132835325    0.14   0.43      0.43
28  0.35347685 0.070654819    0.27   0.37      0.36
29  0.48852805 0.138223290    0.09   0.22      0.69
30  0.09540559 0.228003748    0.03   0.28      0.69
31  0.40846709 0.136903994    0.07   0.25      0.68
32  0.32462246 0.088677265    0.18   0.21      0.61
33  0.21311390 0.198658268    0.02   0.31      0.67
34  0.41699065 0.106657125    0.11   0.41      0.48
35  0.41321712 0.008464887    0.53   0.08      0.39
36  0.58384793 0.092990604    0.10   0.19      0.71
37  0.62799911 0.116700723    0.04   0.30      0.66
38  0.56419546 0.056442061    0.21   0.18      0.61
39  0.24651951 0.035443006    0.57   0.21      0.22
40  0.29919614 0.078985683    0.21   0.42      0.37
41  0.51213300 0.013484169    0.43   0.10      0.47
42  0.23793773 0.160204735    0.06   0.30      0.64
43  0.13299625 0.216588158    0.01   0.37      0.62
44  0.49152748 0.095655460    0.13   0.25      0.62
45  0.36600112 0.085582473    0.17   0.26      0.57
46  0.10078143 0.265794633    0.00   0.35      0.65
47  0.72634533 0.095763292    0.10   0.21      0.69
48  0.25263818 0.017695751    0.59   0.17      0.24
49  0.69912601 0.022909512    0.21   0.10      0.69
50  0.35253706 0.022415872    0.45   0.13      0.42
51  0.27869851 0.034276421    0.36   0.27      0.37
52  0.49600710 0.115439513    0.09   0.22      0.69
53  0.50915565 0.081790355    0.12   0.20      0.68
54  0.68047762 0.022903445    0.19   0.13      0.68
55  0.11905662 0.171391431    0.03   0.41      0.56
56  0.57749689 0.156016242    0.05   0.27      0.68
57  0.31088351 0.082162833    0.23   0.31      0.46
58  0.08476855 0.145787213    0.07   0.46      0.47
59  0.30730883 0.138011612    0.15   0.28      0.57
60  0.50495679 0.015968232    0.42   0.09      0.49
61  0.61139026 0.027690415    0.25   0.12      0.63
62  0.53504162 0.015599747    0.46   0.09      0.45
63  0.15651407 0.118044145    0.10   0.39      0.51
64  0.56738891 0.002596522    0.39   0.01      0.60
65  0.05836072 0.069112360    0.31   0.41      0.28
66  0.59289289 0.159186811    0.05   0.25      0.70
67  0.47893657 0.033390701    0.30   0.15      0.55
68  0.09030414 0.235090447    0.00   0.43      0.57
69  0.04973204 0.228445023    0.00   0.40      0.60
70  0.35082161 0.088756107    0.23   0.27      0.50
71  0.26393120 0.121121549    0.06   0.44      0.50
72  0.27781479 0.070484904    0.28   0.35      0.37
73  0.66345926 0.052004889    0.17   0.15      0.68
74  0.31206484 0.044776008    0.33   0.23      0.44
75  0.23312881 0.023108843    0.57   0.22      0.21
76  0.23651107 0.086889643    0.24   0.36      0.40
77  0.32867947 0.096408779    0.13   0.37      0.50
78  0.36395494 0.024580066    0.50   0.14      0.36
79  0.47116956 0.041130375    0.25   0.21      0.54
80  0.53171397 0.067544986    0.20   0.18      0.62
81  0.11241635 0.236525182    0.01   0.34      0.65
82  0.12832503 0.054735121    0.44   0.32      0.24
83  0.19681035 0.192744406    0.04   0.38      0.58
84  0.47293275 0.075286548    0.23   0.28      0.49
85  0.25807422 0.148689918    0.04   0.37      0.59
86  0.08306490 0.222880105    0.00   0.36      0.64
87  0.30557757 0.050849907    0.37   0.20      0.43
88  0.35455494 0.147009202    0.08   0.39      0.53
89  0.26823136 0.087271702    0.20   0.32      0.48
90  0.66539810 0.063997348    0.16   0.15      0.69
91  0.21992901 0.099683703    0.24   0.34      0.42
92  0.26608479 0.140919626    0.10   0.40      0.50
93  0.35284620 0.094427376    0.13   0.29      0.58
94  0.18252955 0.117535993    0.17   0.39      0.44
95  0.45695972 0.170624719    0.02   0.29      0.69
96  0.10260704 0.117406258    0.11   0.46      0.43
97  0.58197745 0.074067105    0.10   0.19      0.71
98  0.59350088 0.029456718    0.23   0.13      0.64
99  0.44802495 0.032081068    0.28   0.24      0.48
100 0.32902590 0.089147353    0.19   0.39      0.42
