     prob.meio   prob.mito euploid mosaic aneuploid
1   0.59105294 0.098960476    0.10   0.23      0.67
2   0.19542516 0.115308252    0.13   0.42      0.45
3   0.15236199 0.015419369    0.64   0.15      0.21
4   0.40252528 0.022976179    0.38   0.12      0.50
5   0.66661405 0.020388253    0.21   0.11      0.68
6   0.21527391 0.040740472    0.37   0.34      0.29
7   0.50355834 0.015357339    0.36   0.08      0.56
8   0.37936290 0.105341448    0.10   0.36      0.54
9   0.57348624 0.002987446    0.41   0.04      0.55
10  0.45073818 0.103486262    0.09   0.38      0.53
11  0.37447214 0.145052136    0.05   0.35      0.60
12  0.28842281 0.159836239    0.03   0.40      0.57
13  0.03377719 0.165208940    0.09   0.36      0.55
14  0.66629158 0.014076334    0.30   0.09      0.61
15  0.08186380 0.151934208    0.09   0.44      0.47
16  0.58687712 0.025962671    0.35   0.09      0.56
17  0.21471097 0.158793991    0.06   0.36      0.58
18  0.28481010 0.111587736    0.08   0.43      0.49
19  0.61070835 0.083915079    0.13   0.23      0.64
20  0.38340243 0.004006994    0.64   0.01      0.35
21  0.11576222 0.040413515    0.52   0.27      0.21
22  0.33685041 0.044580093    0.36   0.24      0.40
23  0.59308146 0.148941868    0.09   0.22      0.69
24  0.40639297 0.038180867    0.31   0.18      0.51
25  0.47890625 0.117272446    0.10   0.24      0.66
26  0.46000185 0.112036154    0.07   0.29      0.64
27  0.28038003 0.134938042    0.06   0.42      0.52
28  0.21725043 0.032794634    0.47   0.29      0.24
29  0.51965231 0.064244776    0.22   0.23      0.55
30  0.29914989 0.121395858    0.10   0.34      0.56
31  0.17920369 0.189128894    0.05   0.34      0.61
32  0.55397892 0.001014823    0.40   0.00      0.60
33  0.04006655 0.103989980    0.30   0.41      0.29
34  0.45209211 0.069551723    0.26   0.19      0.55
35  0.26392959 0.085343739    0.20   0.43      0.37
36  0.36057890 0.039875502    0.30   0.25      0.45
37  0.59568395 0.031653807    0.22   0.16      0.62
38  0.28462615 0.051033606    0.29   0.37      0.34
39  0.31072247 0.024554550    0.42   0.22      0.36
40  0.13825624 0.232793419    0.03   0.32      0.65
41  0.59015064 0.082066008    0.14   0.17      0.69
42  0.45757145 0.051353717    0.25   0.20      0.55
43  0.52185698 0.069190533    0.16   0.19      0.65
44  0.60307000 0.027834590    0.22   0.13      0.65
45  0.40187432 0.096551624    0.12   0.34      0.54
46  0.46179776 0.112694845    0.09   0.28      0.63
47  0.42838424 0.046393068    0.29   0.24      0.47
48  0.49706425 0.010303757    0.40   0.08      0.52
49  0.23055257 0.146774734    0.09   0.34      0.57
50  0.37905333 0.185059164    0.03   0.31      0.66
51  0.35217320 0.113416208    0.19   0.39      0.42
52  0.15824414 0.145377105    0.07   0.37      0.56
53  0.26491104 0.116658778    0.19   0.39      0.42
54  0.34190205 0.026142546    0.45   0.16      0.39
55  0.38094418 0.144180941    0.06   0.26      0.68
56  0.16412344 0.204454414    0.02   0.37      0.61
57  0.62573319 0.026927316    0.22   0.12      0.66
58  0.31228430 0.003160391    0.65   0.02      0.33
59  0.06108733 0.165065797    0.03   0.40      0.57
60  0.29904530 0.119103394    0.19   0.34      0.47
61  0.45033669 0.068297976    0.29   0.20      0.51
62  0.59868267 0.020967901    0.32   0.14      0.54
63  0.23776680 0.121854247    0.10   0.41      0.49
64  0.15914410 0.223805534    0.01   0.38      0.61
65  0.33450530 0.128114349    0.10   0.34      0.56
66  0.27985338 0.010922288    0.67   0.07      0.26
67  0.14559281 0.029494990    0.53   0.29      0.18
68  0.19027973 0.131822585    0.09   0.44      0.47
69  0.22321032 0.136777080    0.11   0.37      0.52
70  0.29735558 0.004875178    0.63   0.04      0.33
71  0.22459480 0.118448431    0.11   0.42      0.47
72  0.09662126 0.050276941    0.48   0.28      0.24
73  0.33333362 0.001970183    0.61   0.02      0.37
74  0.45396991 0.091994327    0.13   0.34      0.53
75  0.30542649 0.083555519    0.23   0.27      0.50
76  0.27955942 0.089107671    0.16   0.34      0.50
77  0.21458222 0.181682885    0.04   0.31      0.65
78  0.16577584 0.161813303    0.10   0.35      0.55
79  0.29667535 0.013818476    0.53   0.11      0.36
80  0.26910299 0.056904754    0.38   0.26      0.36
81  0.48348070 0.054915377    0.26   0.19      0.55
82  0.37815294 0.035670114    0.43   0.21      0.36
83  0.26806393 0.102640412    0.19   0.39      0.42
84  0.24774709 0.178602773    0.03   0.34      0.63
85  0.18443421 0.045604075    0.38   0.37      0.25
86  0.18173002 0.091081702    0.17   0.44      0.39
87  0.53214731 0.013173862    0.35   0.07      0.58
88  0.58050013 0.013931882    0.36   0.11      0.53
89  0.58342070 0.004633343    0.39   0.01      0.60
90  0.35045540 0.166895525    0.04   0.36      0.60
91  0.40255490 0.084600763    0.16   0.37      0.47
92  0.43940701 0.178705395    0.03   0.31      0.66
93  0.22992707 0.015007925    0.61   0.12      0.27
94  0.40071145 0.096845020    0.15   0.35      0.50
95  0.18886169 0.051964250    0.46   0.30      0.24
96  0.27972898 0.170771331    0.03   0.38      0.59
97  0.30459771 0.059744851    0.27   0.36      0.37
98  0.20111308 0.081768590    0.25   0.38      0.37
99  0.25179533 0.141848055    0.10   0.45      0.45
100 0.53207392 0.156006671    0.09   0.23      0.68
