     prob.meio   prob.mito euploid mosaic aneuploid
1   0.04087146 0.204767642    0.02   0.36      0.62
2   0.38381429 0.044583316    0.35   0.20      0.45
3   0.20199519 0.180464979    0.03   0.41      0.56
4   0.47122989 0.156678250    0.04   0.32      0.64
5   0.77062564 0.064770110    0.09   0.22      0.69
6   0.21656382 0.090902644    0.15   0.46      0.39
7   0.58346683 0.039470178    0.22   0.17      0.61
8   0.57061590 0.116562152    0.08   0.22      0.70
9   0.26142658 0.063111947    0.20   0.39      0.41
10  0.58687265 0.026214458    0.24   0.08      0.68
11  0.48431474 0.106309336    0.07   0.31      0.62
12  0.29137896 0.152868737    0.03   0.32      0.65
13  0.27829401 0.182437876    0.01   0.33      0.66
14  0.23939028 0.092587384    0.17   0.41      0.42
15  0.13571621 0.154398923    0.07   0.38      0.55
16  0.21262343 0.047934461    0.37   0.32      0.31
17  0.17360470 0.150089426    0.04   0.41      0.55
18  0.25559905 0.053769683    0.32   0.31      0.37
19  0.27809311 0.092911080    0.17   0.32      0.51
20  0.35001281 0.175975845    0.01   0.34      0.65
21  0.17185007 0.157720138    0.08   0.39      0.53
22  0.42556094 0.187690860    0.04   0.29      0.67
23  0.38717273 0.082011435    0.14   0.33      0.53
24  0.10173717 0.199345034    0.02   0.37      0.61
25  0.42160186 0.120988641    0.12   0.36      0.52
26  0.23027092 0.054834100    0.32   0.34      0.34
27  0.51448616 0.012046552    0.35   0.09      0.56
28  0.28953874 0.097961445    0.09   0.44      0.47
29  0.44893963 0.122827474    0.05   0.34      0.61
30  0.50476752 0.077370410    0.20   0.25      0.55
31  0.20225259 0.092241806    0.28   0.29      0.43
32  0.21323082 0.002389672    0.73   0.00      0.27
33  0.13727813 0.016051073    0.69   0.13      0.18
34  0.57797263 0.047078038    0.24   0.21      0.55
35  0.64187378 0.093872250    0.10   0.22      0.68
36  0.23452260 0.044413087    0.38   0.33      0.29
37  0.31968070 0.167360531    0.06   0.29      0.65
38  0.34163320 0.091218223    0.17   0.44      0.39
39  0.46841615 0.194485321    0.05   0.26      0.69
40  0.43360816 0.076393120    0.18   0.22      0.60
41  0.12773789 0.234797719    0.00   0.38      0.62
42  0.56474115 0.074789684    0.17   0.22      0.61
43  0.24541245 0.029380833    0.43   0.21      0.36
44  0.11688758 0.064777075    0.32   0.37      0.31
45  0.44433261 0.140615636    0.06   0.28      0.66
46  0.37865819 0.067970794    0.27   0.31      0.42
47  0.55850782 0.070930132    0.19   0.20      0.61
48  0.34505402 0.149242236    0.04   0.32      0.64
49  0.32163195 0.083069761    0.22   0.36      0.42
50  0.48648906 0.042223190    0.32   0.16      0.52
51  0.29843164 0.145164756    0.05   0.38      0.57
52  0.22813814 0.015909317    0.58   0.17      0.25
53  0.30319193 0.067597379    0.36   0.26      0.38
54  0.20767852 0.217550168    0.01   0.42      0.57
55  0.17008876 0.107376533    0.16   0.35      0.49
56  0.26316713 0.200618490    0.02   0.34      0.64
57  0.44513136 0.059963224    0.22   0.29      0.49
58  0.72710880 0.038315082    0.15   0.19      0.66
59  0.13641261 0.080531966    0.26   0.42      0.32
60  0.23447717 0.145153296    0.09   0.38      0.53
61  0.51900261 0.104763206    0.13   0.27      0.60
62  0.41284869 0.053270519    0.23   0.27      0.50
63  0.55485979 0.024979966    0.28   0.12      0.60
64  0.41815977 0.038988275    0.34   0.26      0.40
65  0.37586398 0.202472686    0.02   0.33      0.65
66  0.35308701 0.157344164    0.06   0.29      0.65
67  0.50488391 0.147550529    0.07   0.34      0.59
68  0.29476814 0.150338802    0.03   0.32      0.65
69  0.48758108 0.114263417    0.08   0.24      0.68
70  0.63277700 0.076619932    0.11   0.19      0.70
71  0.47856069 0.092904518    0.11   0.33      0.56
72  0.22832963 0.231614050    0.02   0.32      0.66
73  0.29195391 0.080522649    0.21   0.38      0.41
74  0.51131745 0.078947359    0.09   0.29      0.62
75  0.06979848 0.231358248    0.01   0.33      0.66
76  0.11729416 0.211632573    0.02   0.36      0.62
77  0.27576883 0.146570483    0.06   0.38      0.56
78  0.46875926 0.050970500    0.31   0.22      0.47
79  0.45751925 0.157586520    0.05   0.30      0.65
80  0.39436958 0.166276376    0.05   0.38      0.57
81  0.10296894 0.094002773    0.26   0.43      0.31
82  0.33830201 0.155059159    0.04   0.34      0.62
83  0.26828033 0.132043947    0.08   0.38      0.54
84  0.28579726 0.073817692    0.27   0.26      0.47
85  0.61479087 0.066760656    0.17   0.18      0.65
86  0.44652315 0.060271491    0.17   0.25      0.58
87  0.17926949 0.138489092    0.20   0.31      0.49
88  0.43314981 0.114795296    0.10   0.33      0.57
89  0.29251123 0.162810378    0.04   0.38      0.58
90  0.41619315 0.135882646    0.06   0.28      0.66
91  0.46353132 0.203975469    0.03   0.30      0.67
92  0.34030254 0.099913176    0.12   0.36      0.52
93  0.44893621 0.003298607    0.47   0.03      0.50
94  0.30120417 0.180359707    0.02   0.36      0.62
95  0.32539109 0.079841572    0.22   0.37      0.41
96  0.39098804 0.164423455    0.07   0.27      0.66
97  0.49126472 0.111918732    0.10   0.27      0.63
98  0.61506463 0.102540869    0.08   0.22      0.70
99  0.62795851 0.026280776    0.30   0.11      0.59
100 0.28574530 0.024005132    0.43   0.21      0.36
