      prob.meio   prob.mito euploid mosaic aneuploid
1   0.044146192 0.181508077    0.04   0.40      0.56
2   0.689607144 0.012061633    0.27   0.12      0.61
3   0.413658700 0.027353885    0.26   0.17      0.57
4   0.398715540 0.033364047    0.34   0.15      0.51
5   0.201407574 0.095228442    0.18   0.33      0.49
6   0.382265205 0.102776591    0.14   0.23      0.63
7   0.590939211 0.108763939    0.10   0.26      0.64
8   0.425483229 0.048512310    0.27   0.18      0.55
9   0.457924505 0.105089239    0.12   0.34      0.54
10  0.483225402 0.047858710    0.27   0.26      0.47
11  0.368069679 0.017000799    0.48   0.14      0.38
12  0.117337624 0.077199267    0.31   0.34      0.35
13  0.260196571 0.012170818    0.62   0.17      0.21
14  0.174119854 0.029099379    0.52   0.26      0.22
15  0.333540364 0.148940951    0.05   0.38      0.57
16  0.348177693 0.059203210    0.18   0.37      0.45
17  0.350196838 0.190837653    0.04   0.28      0.68
18  0.316145198 0.021095406    0.51   0.22      0.27
19  0.582731779 0.053143429    0.18   0.22      0.60
20  0.004276286 0.237236795    0.02   0.32      0.66
21  0.219472416 0.132050226    0.11   0.34      0.55
22  0.168304967 0.167173451    0.03   0.43      0.54
23  0.097775345 0.126014551    0.13   0.44      0.43
24  0.278742700 0.158560873    0.03   0.42      0.55
25  0.465734742 0.138224913    0.09   0.22      0.69
26  0.054501431 0.206223506    0.01   0.40      0.59
27  0.392354692 0.120404341    0.12   0.22      0.66
28  0.466165694 0.087506770    0.15   0.21      0.64
29  0.229208636 0.095586519    0.16   0.42      0.42
30  0.247678566 0.193958128    0.03   0.35      0.62
31  0.315961655 0.078063964    0.25   0.35      0.40
32  0.003880040 0.147268983    0.12   0.44      0.44
33  0.579262516 0.113112851    0.09   0.23      0.68
34  0.225504074 0.022163173    0.51   0.19      0.30
35  0.058453738 0.203550467    0.02   0.39      0.59
36  0.442759430 0.071428120    0.28   0.28      0.44
37  0.226218559 0.125519618    0.13   0.43      0.44
38  0.088520486 0.189021924    0.03   0.39      0.58
39  0.421316283 0.142575522    0.06   0.27      0.67
40  0.241563936 0.087223871    0.15   0.41      0.44
41  0.416120052 0.048218728    0.34   0.25      0.41
42  0.447416360 0.147707430    0.07   0.28      0.65
43  0.129077148 0.239327387    0.04   0.28      0.68
44  0.205575717 0.059282587    0.31   0.31      0.38
45  0.520641538 0.018500946    0.43   0.13      0.44
46  0.287047064 0.041970978    0.41   0.25      0.34
47  0.663201268 0.073777797    0.15   0.19      0.66
48  0.300308458 0.036903640    0.40   0.22      0.38
49  0.672525070 0.022079985    0.26   0.14      0.60
50  0.118176032 0.208317828    0.03   0.36      0.61
51  0.413408201 0.038597720    0.41   0.23      0.36
52  0.151879940 0.194922226    0.05   0.40      0.55
53  0.355651676 0.081107036    0.14   0.39      0.47
54  0.673291436 0.013107740    0.32   0.11      0.57
55  0.280979580 0.046146007    0.29   0.38      0.33
56  0.413908450 0.125510850    0.09   0.26      0.65
57  0.290126866 0.071477588    0.19   0.39      0.42
58  0.533804623 0.068448517    0.19   0.26      0.55
59  0.349770023 0.028130666    0.47   0.22      0.31
60  0.384947307 0.093881884    0.12   0.35      0.53
61  0.119836080 0.212556587    0.01   0.38      0.61
62  0.149093919 0.181506402    0.05   0.34      0.61
63  0.279076987 0.144737373    0.06   0.28      0.66
64  0.051577058 0.132896098    0.15   0.43      0.42
65  0.147455391 0.162989106    0.08   0.43      0.49
66  0.144555696 0.184993581    0.03   0.32      0.65
67  0.026972025 0.217163602    0.03   0.35      0.62
68  0.160487849 0.168720015    0.03   0.42      0.55
69  0.542868076 0.193208063    0.05   0.28      0.67
70  0.530960794 0.078820662    0.20   0.22      0.58
71  0.423172641 0.081426311    0.18   0.37      0.45
72  0.603506788 0.000542751    0.45   0.00      0.55
73  0.588993571 0.007135774    0.36   0.02      0.62
74  0.556069979 0.076961388    0.22   0.24      0.54
75  0.273150490 0.109459283    0.14   0.40      0.46
76  0.381955732 0.126540608    0.16   0.30      0.54
77  0.424785933 0.031516480    0.33   0.23      0.44
78  0.142384289 0.132047075    0.10   0.42      0.48
79  0.118370690 0.182568754    0.04   0.39      0.57
80  0.177358439 0.096374377    0.22   0.39      0.39
81  0.180509377 0.074184000    0.31   0.33      0.36
82  0.313690836 0.172487809    0.03   0.36      0.61
83  0.324555839 0.038254582    0.31   0.29      0.40
84  0.279303032 0.124793185    0.12   0.34      0.54
85  0.511918237 0.141712400    0.08   0.26      0.66
86  0.189273963 0.075811201    0.27   0.41      0.32
87  0.121180342 0.150753305    0.05   0.34      0.61
88  0.451459774 0.138476439    0.12   0.26      0.62
89  0.558054339 0.028225862    0.32   0.09      0.59
90  0.110174385 0.169075263    0.04   0.37      0.59
91  0.148147491 0.006530853    0.74   0.06      0.20
92  0.451882454 0.147456019    0.06   0.32      0.62
93  0.212739361 0.109967605    0.14   0.43      0.43
94  0.243851239 0.080572637    0.20   0.38      0.42
95  0.340753735 0.022441333    0.42   0.19      0.39
96  0.314192326 0.209650415    0.02   0.35      0.63
97  0.142553541 0.015689057    0.59   0.20      0.21
98  0.198202583 0.081432854    0.20   0.38      0.42
99  0.216720910 0.070076686    0.29   0.35      0.36
100 0.151676549 0.150487734    0.07   0.41      0.52
