     prob.meio   prob.mito euploid mosaic aneuploid
1   0.36343221 0.107256443    0.12   0.36      0.52
2   0.39263594 0.129978375    0.07   0.33      0.60
3   0.46253242 0.151156214    0.06   0.30      0.64
4   0.25756984 0.189903481    0.03   0.33      0.64
5   0.47674726 0.129003257    0.07   0.26      0.67
6   0.47271000 0.108246270    0.09   0.26      0.65
7   0.37364633 0.047545807    0.24   0.29      0.47
8   0.27585742 0.130847188    0.07   0.39      0.54
9   0.28411193 0.077789498    0.21   0.38      0.41
10  0.27923498 0.085350671    0.16   0.33      0.51
11  0.41542340 0.018877140    0.40   0.23      0.37
12  0.31427952 0.010489260    0.51   0.09      0.40
13  0.23198124 0.030990690    0.45   0.31      0.24
14  0.39243424 0.105979614    0.10   0.35      0.55
15  0.29763029 0.202564297    0.02   0.34      0.64
16  0.14309362 0.140322506    0.10   0.38      0.52
17  0.44114966 0.080212472    0.17   0.22      0.61
18  0.28078019 0.069533230    0.31   0.33      0.36
19  0.17552838 0.175399542    0.04   0.38      0.58
20  0.50591503 0.082267419    0.15   0.24      0.61
21  0.60622254 0.117211949    0.14   0.24      0.62
22  0.41637980 0.135548887    0.05   0.36      0.59
23  0.47624194 0.012411748    0.44   0.12      0.44
24  0.33726517 0.035149442    0.33   0.27      0.40
25  0.43521829 0.052451857    0.27   0.24      0.49
26  0.59988061 0.085929316    0.10   0.20      0.70
27  0.14823646 0.065462274    0.29   0.31      0.40
28  0.32035503 0.018413519    0.42   0.15      0.43
29  0.54537505 0.119882493    0.12   0.22      0.66
30  0.66789730 0.035716621    0.17   0.16      0.67
31  0.45361402 0.101964493    0.14   0.28      0.58
32  0.45316322 0.149910421    0.10   0.21      0.69
33  0.22085521 0.095629053    0.21   0.40      0.39
34  0.54931121 0.050231893    0.23   0.22      0.55
35  0.42139509 0.082844689    0.20   0.37      0.43
36  0.07285272 0.117702272    0.20   0.45      0.35
37  0.35586753 0.015739785    0.46   0.15      0.39
38  0.53516474 0.092054630    0.14   0.27      0.59
39  0.52995640 0.125669497    0.09   0.25      0.66
40  0.29549136 0.079913672    0.17   0.26      0.57
41  0.24419899 0.013498908    0.60   0.11      0.29
42  0.07484065 0.220218998    0.03   0.42      0.55
43  0.43374777 0.059616757    0.17   0.33      0.50
44  0.60013913 0.058707931    0.18   0.16      0.66
45  0.42276169 0.016888279    0.47   0.11      0.42
46  0.22082930 0.066684582    0.30   0.36      0.34
47  0.35273505 0.043178948    0.45   0.16      0.39
48  0.60066167 0.014182390    0.31   0.08      0.61
49  0.25191107 0.175151084    0.04   0.35      0.61
50  0.58039866 0.043055205    0.15   0.17      0.68
51  0.29491952 0.174756337    0.02   0.35      0.63
52  0.52569706 0.056920474    0.15   0.20      0.65
53  0.19107450 0.210527103    0.02   0.35      0.63
54  0.06385935 0.202001772    0.03   0.32      0.65
55  0.33450417 0.171397558    0.03   0.33      0.64
56  0.29874078 0.131800987    0.04   0.42      0.54
57  0.11591097 0.177662793    0.04   0.37      0.59
58  0.21803983 0.153214176    0.05   0.42      0.53
59  0.44368932 0.073250275    0.20   0.28      0.52
60  0.36730950 0.114307608    0.07   0.39      0.54
61  0.10962525 0.189624571    0.02   0.34      0.64
62  0.66758011 0.029000028    0.23   0.11      0.66
63  0.42180248 0.059205156    0.21   0.23      0.56
64  0.34061374 0.102661881    0.19   0.35      0.46
65  0.37302711 0.056280430    0.17   0.33      0.50
66  0.21231091 0.035954903    0.49   0.24      0.27
67  0.48454141 0.016737187    0.35   0.08      0.57
68  0.32559597 0.177589295    0.06   0.38      0.56
69  0.42132118 0.091984351    0.13   0.28      0.59
70  0.27298831 0.139967178    0.07   0.36      0.57
71  0.28755652 0.051638107    0.36   0.30      0.34
72  0.16430432 0.159292134    0.05   0.41      0.54
73  0.33045788 0.152765673    0.06   0.37      0.57
74  0.42179114 0.008745284    0.53   0.05      0.42
75  0.63078667 0.059598542    0.15   0.17      0.68
76  0.05109299 0.137927774    0.10   0.41      0.49
77  0.01141369 0.190102063    0.04   0.44      0.52
78  0.35097277 0.034151624    0.39   0.27      0.34
79  0.56931389 0.008474679    0.32   0.04      0.64
80  0.56483977 0.105384406    0.09   0.25      0.66
81  0.17984916 0.184785317    0.03   0.40      0.57
82  0.29475659 0.092303756    0.16   0.33      0.51
83  0.38381130 0.160521019    0.04   0.31      0.65
84  0.31124558 0.001007845    0.65   0.02      0.33
85  0.33818521 0.139438226    0.07   0.36      0.57
86  0.52847738 0.011671934    0.37   0.06      0.57
87  0.14461555 0.219810405    0.01   0.38      0.61
88  0.51000923 0.045568652    0.26   0.24      0.50
89  0.36696704 0.133531479    0.08   0.27      0.65
90  0.24607652 0.051798426    0.36   0.37      0.27
91  0.32040418 0.160684283    0.01   0.35      0.64
92  0.10302658 0.140891771    0.10   0.43      0.47
93  0.08001153 0.189887794    0.05   0.33      0.62
94  0.38081891 0.075139225    0.24   0.32      0.44
95  0.34570446 0.102358129    0.10   0.40      0.50
96  0.43881747 0.042634798    0.21   0.24      0.55
97  0.24417578 0.103150820    0.19   0.42      0.39
98  0.52295259 0.122662201    0.05   0.34      0.61
99  0.54891126 0.022841328    0.34   0.12      0.54
100 0.01619563 0.234228956    0.02   0.33      0.65
