     prob.meio   prob.mito euploid mosaic aneuploid
1   0.47121382 0.034560565    0.26   0.13      0.61
2   0.16677900 0.091085318    0.19   0.43      0.38
3   0.29102570 0.186583532    0.01   0.38      0.61
4   0.20638699 0.188316189    0.03   0.37      0.60
5   0.68988790 0.024993875    0.24   0.08      0.68
6   0.18788736 0.022246676    0.62   0.19      0.19
7   0.33367724 0.054763692    0.27   0.26      0.47
8   0.56066939 0.039173703    0.18   0.21      0.61
9   0.17258248 0.078912588    0.31   0.32      0.37
10  0.63658676 0.047783024    0.13   0.17      0.70
11  0.20031962 0.185683911    0.02   0.36      0.62
12  0.63843176 0.039824926    0.21   0.12      0.67
13  0.43728588 0.168842406    0.02   0.32      0.66
14  0.44037199 0.011803293    0.45   0.16      0.39
15  0.51341371 0.028202119    0.23   0.19      0.58
16  0.07231600 0.176260694    0.06   0.42      0.52
17  0.32414602 0.081547244    0.15   0.38      0.47
18  0.18036770 0.127015986    0.12   0.46      0.42
19  0.20875048 0.155164842    0.10   0.43      0.47
20  0.55130525 0.013347229    0.32   0.10      0.58
21  0.27877525 0.040795298    0.46   0.24      0.30
22  0.59240687 0.008451547    0.32   0.06      0.62
23  0.19170670 0.119586209    0.11   0.46      0.43
24  0.28883935 0.197674606    0.00   0.35      0.65
25  0.39122295 0.032970943    0.37   0.23      0.40
26  0.20969053 0.174724795    0.03   0.32      0.65
27  0.28705700 0.083366015    0.22   0.39      0.39
28  0.25886180 0.025528178    0.50   0.26      0.24
29  0.42366891 0.016186590    0.50   0.06      0.44
30  0.30169424 0.080561713    0.18   0.39      0.43
31  0.34783138 0.123249323    0.08   0.35      0.57
32  0.46419746 0.058173317    0.30   0.20      0.50
33  0.45857546 0.003561303    0.49   0.03      0.48
34  0.58859395 0.046392519    0.21   0.18      0.61
35  0.60305761 0.082239836    0.17   0.22      0.61
36  0.22243039 0.232643446    0.02   0.35      0.63
37  0.18626264 0.025540216    0.62   0.18      0.20
38  0.31174057 0.149935291    0.07   0.33      0.60
39  0.28683638 0.112733549    0.16   0.34      0.50
40  0.31384630 0.006096260    0.60   0.07      0.33
41  0.48608165 0.115551688    0.10   0.20      0.70
42  0.12554132 0.021381770    0.64   0.20      0.16
43  0.49488667 0.107000915    0.14   0.34      0.52
44  0.43631180 0.002447612    0.51   0.01      0.48
45  0.08024905 0.180472453    0.02   0.40      0.58
46  0.26097708 0.037092246    0.38   0.27      0.35
47  0.40369438 0.184652516    0.04   0.32      0.64
48  0.04985116 0.248287496    0.01   0.32      0.67
49  0.27260352 0.046505277    0.34   0.32      0.34
50  0.21410180 0.167884548    0.03   0.44      0.53
51  0.52344144 0.024637320    0.33   0.15      0.52
52  0.08756079 0.162419614    0.05   0.44      0.51
53  0.23563304 0.046682822    0.34   0.32      0.34
54  0.19500798 0.066037873    0.24   0.43      0.33
55  0.02628490 0.240780902    0.00   0.38      0.62
56  0.12761586 0.062631281    0.32   0.40      0.28
57  0.31080224 0.127559927    0.09   0.41      0.50
58  0.21352131 0.080403233    0.33   0.33      0.34
59  0.43155849 0.133698910    0.10   0.26      0.64
60  0.07835409 0.168901935    0.03   0.41      0.56
61  0.20375030 0.114724055    0.09   0.35      0.56
62  0.23447365 0.247036551    0.01   0.34      0.65
63  0.39550740 0.074776680    0.21   0.27      0.52
64  0.22570533 0.115644328    0.10   0.42      0.48
65  0.44585254 0.052085212    0.24   0.17      0.59
66  0.25070339 0.161273076    0.04   0.45      0.51
67  0.24092987 0.187907001    0.03   0.30      0.67
68  0.15317785 0.018999618    0.62   0.17      0.21
69  0.34324693 0.134680536    0.09   0.40      0.51
70  0.29088768 0.145480432    0.05   0.39      0.56
71  0.27893114 0.132665796    0.10   0.33      0.57
72  0.20453811 0.089989122    0.19   0.36      0.45
73  0.18341783 0.073310755    0.35   0.35      0.30
74  0.70332060 0.024401922    0.23   0.09      0.68
75  0.22541226 0.165116798    0.07   0.34      0.59
76  0.49228542 0.011402596    0.31   0.08      0.61
77  0.14030515 0.224339308    0.00   0.40      0.60
78  0.07846591 0.131617893    0.09   0.46      0.45
79  0.33629710 0.039675629    0.38   0.17      0.45
80  0.49664428 0.074525669    0.14   0.30      0.56
81  0.57301059 0.082392013    0.12   0.26      0.62
82  0.15599381 0.137287231    0.07   0.43      0.50
83  0.42408719 0.098436786    0.14   0.23      0.63
84  0.18987217 0.116983213    0.12   0.36      0.52
85  0.46580588 0.050547563    0.26   0.21      0.53
86  0.18023883 0.082887729    0.24   0.33      0.43
87  0.65151560 0.004047928    0.33   0.04      0.63
88  0.31252939 0.130765101    0.04   0.40      0.56
89  0.23406744 0.247463440    0.01   0.36      0.63
90  0.62374563 0.120272669    0.07   0.23      0.70
91  0.25923281 0.157485825    0.06   0.41      0.53
92  0.08355725 0.222021752    0.01   0.35      0.64
93  0.29319805 0.030991629    0.46   0.19      0.35
94  0.59180841 0.031132757    0.36   0.12      0.52
95  0.44182041 0.040433476    0.27   0.22      0.51
96  0.50939352 0.078585083    0.10   0.31      0.59
97  0.26254290 0.101723169    0.16   0.36      0.48
98  0.24765878 0.120459615    0.06   0.42      0.52
99  0.15141720 0.066600968    0.29   0.37      0.34
100 0.47441877 0.047760135    0.27   0.27      0.46
