      prob.meio   prob.mito euploid mosaic aneuploid
1   0.186744909 0.116713618    0.11   0.46      0.43
2   0.502434383 0.103091010    0.13   0.25      0.62
3   0.315179675 0.074149728    0.16   0.34      0.50
4   0.180882083 0.059330099    0.28   0.35      0.37
5   0.292710911 0.054216638    0.38   0.21      0.41
6   0.352513627 0.025043447    0.41   0.16      0.43
7   0.385805530 0.130028424    0.11   0.31      0.58
8   0.353519049 0.092175067    0.16   0.36      0.48
9   0.082260908 0.150093402    0.10   0.47      0.43
10  0.221582299 0.163420342    0.06   0.39      0.55
11  0.609940806 0.007008413    0.34   0.03      0.63
12  0.224595636 0.071232453    0.20   0.38      0.42
13  0.410904321 0.138292123    0.02   0.38      0.60
14  0.316311738 0.140132473    0.05   0.45      0.50
15  0.396292854 0.087488531    0.16   0.31      0.53
16  0.312056256 0.026122276    0.51   0.14      0.35
17  0.642964203 0.015970095    0.32   0.11      0.57
18  0.042740517 0.082050752    0.33   0.41      0.26
19  0.471078206 0.064972306    0.25   0.22      0.53
20  0.052036780 0.221957712    0.01   0.38      0.61
21  0.088809954 0.066170060    0.31   0.46      0.23
22  0.237571394 0.055111416    0.37   0.25      0.38
23  0.062999753 0.092103024    0.27   0.49      0.24
24  0.304006221 0.104485771    0.15   0.32      0.53
25  0.274109420 0.111197989    0.08   0.42      0.50
26  0.643045450 0.038921057    0.23   0.17      0.60
27  0.353122320 0.101705513    0.15   0.29      0.56
28  0.260137402 0.140710892    0.09   0.37      0.54
29  0.122991984 0.090686387    0.19   0.56      0.25
30  0.032988615 0.170063272    0.04   0.47      0.49
31  0.326684287 0.028568410    0.47   0.17      0.36
32  0.097985861 0.174610188    0.03   0.42      0.55
33  0.073784999 0.117842815    0.17   0.59      0.24
34  0.118120614 0.189750506    0.03   0.43      0.54
35  0.358245551 0.125109503    0.10   0.36      0.54
36  0.070496168 0.180531022    0.05   0.44      0.51
37  0.075806461 0.206872586    0.00   0.39      0.61
38  0.128502387 0.165088345    0.04   0.43      0.53
39  0.050233311 0.171388613    0.03   0.46      0.51
40  0.376870586 0.118707558    0.06   0.38      0.56
41  0.077162402 0.180956088    0.05   0.43      0.52
42  0.170524055 0.187835951    0.04   0.39      0.57
43  0.037960704 0.249215559    0.00   0.47      0.53
44  0.373383919 0.139054541    0.10   0.28      0.62
45  0.185681252 0.208723776    0.01   0.37      0.62
46  0.142423681 0.114276655    0.14   0.55      0.31
47  0.525478983 0.066408137    0.23   0.15      0.62
48  0.099290908 0.224199170    0.01   0.39      0.60
49  0.486754998 0.106864519    0.03   0.40      0.57
50  0.024692601 0.220993141    0.01   0.46      0.53
51  0.531122078 0.031471398    0.40   0.10      0.50
52  0.079385675 0.074243014    0.37   0.39      0.24
53  0.005584908 0.136908259    0.09   0.55      0.36
54  0.320703555 0.146154735    0.09   0.35      0.56
55  0.579221465 0.047574408    0.17   0.21      0.62
56  0.085199733 0.145310951    0.06   0.54      0.40
57  0.216278134 0.137832278    0.10   0.35      0.55
58  0.432632357 0.009515851    0.57   0.04      0.39
59  0.550185812 0.035381300    0.31   0.15      0.54
60  0.245702412 0.028375330    0.50   0.25      0.25
61  0.290989279 0.070902870    0.24   0.32      0.44
62  0.029418064 0.155366303    0.08   0.54      0.38
63  0.503987255 0.002696247    0.46   0.03      0.51
64  0.108768580 0.153038965    0.10   0.49      0.41
65  0.200821380 0.155645785    0.05   0.41      0.54
66  0.067394543 0.132530817    0.16   0.43      0.41
67  0.024336449 0.218065264    0.02   0.44      0.54
68  0.006796393 0.165245197    0.07   0.43      0.50
69  0.400113573 0.041935149    0.26   0.24      0.50
70  0.175227491 0.175903383    0.07   0.43      0.50
71  0.267850964 0.145374184    0.09   0.31      0.60
72  0.465537047 0.025010840    0.29   0.14      0.57
73  0.164674168 0.219960930    0.01   0.40      0.59
74  0.052497350 0.094021846    0.23   0.45      0.32
75  0.625896656 0.008716821    0.36   0.06      0.58
76  0.126686901 0.196560513    0.04   0.39      0.57
77  0.322627251 0.078666378    0.18   0.40      0.42
78  0.092949452 0.084115152    0.26   0.44      0.30
79  0.222080558 0.106934078    0.17   0.44      0.39
80  0.156472827 0.104417058    0.20   0.43      0.37
81  0.108578795 0.168504443    0.01   0.46      0.53
82  0.287456154 0.129050501    0.09   0.39      0.52
83  0.007156232 0.120389080    0.17   0.47      0.36
84  0.491601384 0.017578401    0.41   0.06      0.53
85  0.091123124 0.184864923    0.02   0.38      0.60
86  0.314919308 0.048862525    0.35   0.24      0.41
87  0.468702737 0.103207620    0.12   0.28      0.60
88  0.185458943 0.077142398    0.34   0.38      0.28
89  0.002990821 0.210869786    0.01   0.37      0.62
90  0.070215905 0.132589464    0.12   0.54      0.34
91  0.238475685 0.195872474    0.04   0.37      0.59
92  0.111168034 0.203909885    0.03   0.45      0.52
93  0.271490915 0.031293705    0.47   0.24      0.29
94  0.156812504 0.082043483    0.22   0.48      0.30
95  0.468565117 0.017917897    0.37   0.18      0.45
96  0.145493329 0.080380089    0.28   0.45      0.27
97  0.180176215 0.179593476    0.03   0.41      0.56
98  0.264814343 0.064386868    0.23   0.37      0.40
99  0.274548404 0.092248798    0.24   0.38      0.38
100 0.163768812 0.080453758    0.27   0.40      0.33
