      prob.meio   prob.mito euploid mosaic aneuploid
1   0.523647411 0.005782582    0.49   0.05      0.46
2   0.640993075 0.067436818    0.16   0.23      0.61
3   0.053589728 0.180806716    0.02   0.45      0.53
4   0.366838345 0.133673029    0.06   0.35      0.59
5   0.062627385 0.236140258    0.00   0.35      0.65
6   0.371602175 0.075904562    0.20   0.30      0.50
7   0.236055900 0.155229739    0.04   0.35      0.61
8   0.199095153 0.113603337    0.15   0.41      0.44
9   0.436729993 0.062187109    0.24   0.27      0.49
10  0.007672479 0.210436499    0.04   0.40      0.56
11  0.291460247 0.136990112    0.09   0.40      0.51
12  0.373345479 0.079112102    0.20   0.36      0.44
13  0.499352591 0.023285124    0.32   0.18      0.50
14  0.185760936 0.169092062    0.04   0.44      0.52
15  0.125407146 0.254761091    0.02   0.32      0.66
16  0.241922032 0.122891210    0.08   0.48      0.44
17  0.170144278 0.215088026    0.01   0.33      0.66
18  0.331605709 0.189448425    0.02   0.40      0.58
19  0.324718719 0.158045908    0.06   0.33      0.61
20  0.199541887 0.123773255    0.16   0.41      0.43
21  0.003861816 0.212555598    0.02   0.38      0.60
22  0.450926484 0.149358253    0.03   0.36      0.61
23  0.628970026 0.008726506    0.32   0.04      0.64
24  0.417470704 0.140514975    0.06   0.33      0.61
25  0.428154207 0.052279923    0.28   0.27      0.45
26  0.243649459 0.054515034    0.32   0.28      0.40
27  0.655301412 0.013183752    0.29   0.12      0.59
28  0.489112257 0.039263042    0.29   0.18      0.53
29  0.336769220 0.094265749    0.13   0.26      0.61
30  0.080002114 0.249363165    0.00   0.31      0.69
31  0.163543377 0.191151556    0.05   0.32      0.63
32  0.498824149 0.072032906    0.16   0.28      0.56
33  0.177210962 0.157409483    0.02   0.40      0.58
34  0.206808258 0.197138893    0.04   0.32      0.64
35  0.144920165 0.046899923    0.34   0.35      0.31
36  0.635738645 0.033516827    0.17   0.14      0.69
37  0.219379901 0.081627446    0.19   0.36      0.45
38  0.298260297 0.225549241    0.01   0.31      0.68
39  0.233454463 0.136013320    0.08   0.33      0.59
40  0.234804578 0.171805416    0.06   0.31      0.63
41  0.233967111 0.226625025    0.01   0.30      0.69
42  0.381918353 0.210893012    0.03   0.31      0.66
43  0.625540223 0.059946385    0.19   0.20      0.61
44  0.603764169 0.103911461    0.07   0.23      0.70
45  0.376344127 0.145880047    0.02   0.40      0.58
46  0.137820796 0.190777438    0.01   0.35      0.64
47  0.332931221 0.164130046    0.03   0.39      0.58
48  0.612478597 0.075135738    0.10   0.21      0.69
49  0.567460501 0.017934948    0.30   0.07      0.63
50  0.322325500 0.168968128    0.03   0.39      0.58
51  0.492708688 0.061148525    0.24   0.24      0.52
52  0.210332853 0.228287903    0.01   0.30      0.69
53  0.227141808 0.103744793    0.17   0.35      0.48
54  0.295856727 0.195395725    0.02   0.38      0.60
55  0.072536864 0.178917617    0.05   0.37      0.58
56  0.630327292 0.079353211    0.18   0.17      0.65
57  0.190683352 0.081977638    0.25   0.38      0.37
58  0.591646124 0.081052164    0.14   0.19      0.67
59  0.438476739 0.005724450    0.57   0.02      0.41
60  0.326050676 0.190100680    0.01   0.30      0.69
61  0.421019981 0.114000666    0.11   0.32      0.57
62  0.730356843 0.032018774    0.25   0.07      0.68
63  0.137126203 0.117820576    0.23   0.45      0.32
64  0.276991714 0.034683983    0.46   0.27      0.27
65  0.300590764 0.108302606    0.18   0.36      0.46
66  0.146413709 0.231392060    0.02   0.34      0.64
67  0.441565073 0.108503612    0.09   0.33      0.58
68  0.058284428 0.191104105    0.03   0.42      0.55
69  0.339263501 0.084644261    0.17   0.34      0.49
70  0.318758592 0.055844211    0.27   0.32      0.41
71  0.216313676 0.057071434    0.42   0.31      0.27
72  0.311217002 0.041214689    0.38   0.22      0.40
73  0.132832719 0.209387359    0.01   0.31      0.68
74  0.501239048 0.020027802    0.45   0.11      0.44
75  0.495984870 0.014751316    0.42   0.12      0.46
76  0.433510541 0.182530736    0.02   0.34      0.64
77  0.323821867 0.166365943    0.08   0.28      0.64
78  0.079245770 0.249124473    0.00   0.35      0.65
79  0.513337854 0.074764779    0.15   0.25      0.60
80  0.169840895 0.136210032    0.10   0.46      0.44
81  0.031857688 0.129360217    0.11   0.46      0.43
82  0.352652789 0.057315738    0.30   0.24      0.46
83  0.075940522 0.198586623    0.01   0.40      0.59
84  0.479150569 0.052443058    0.19   0.22      0.59
85  0.396864105 0.148858031    0.05   0.35      0.60
86  0.310084901 0.126113701    0.10   0.36      0.54
87  0.369257327 0.107759103    0.15   0.22      0.63
88  0.548460185 0.122763562    0.12   0.25      0.63
89  0.267762450 0.016383432    0.56   0.12      0.32
90  0.184665272 0.201439359    0.06   0.36      0.58
91  0.548123810 0.109026724    0.06   0.26      0.68
92  0.539671922 0.005052387    0.35   0.05      0.60
93  0.219190112 0.110849722    0.13   0.35      0.52
94  0.323556424 0.150516490    0.03   0.44      0.53
95  0.122566990 0.246304087    0.01   0.32      0.67
96  0.168834922 0.120992441    0.08   0.45      0.47
97  0.032919921 0.177791435    0.05   0.42      0.53
98  0.369587647 0.033600062    0.31   0.26      0.43
99  0.261284285 0.138720665    0.09   0.40      0.51
100 0.440642279 0.162899032    0.05   0.30      0.65
