      prob.meio   prob.mito euploid mosaic aneuploid
1   0.464536877 0.047131388    0.19   0.23      0.58
2   0.645500618 0.045261089    0.18   0.12      0.70
3   0.644190743 0.113636120    0.08   0.24      0.68
4   0.276274820 0.111864500    0.15   0.34      0.51
5   0.567007790 0.067570956    0.17   0.28      0.55
6   0.596286797 0.038802890    0.23   0.11      0.66
7   0.622215738 0.001882437    0.36   0.00      0.64
8   0.255304287 0.176964266    0.05   0.42      0.53
9   0.274142045 0.040439263    0.41   0.25      0.34
10  0.335538526 0.105858205    0.08   0.41      0.51
11  0.030562804 0.073865238    0.33   0.44      0.23
12  0.314297823 0.141012824    0.07   0.31      0.62
13  0.464523457 0.082086200    0.18   0.33      0.49
14  0.250660137 0.019964311    0.55   0.15      0.30
15  0.167016820 0.020983042    0.53   0.27      0.20
16  0.377374368 0.097353779    0.13   0.41      0.46
17  0.331946459 0.111578478    0.13   0.31      0.56
18  0.674239868 0.003609504    0.31   0.02      0.67
19  0.545462952 0.127147224    0.07   0.33      0.60
20  0.648795733 0.038835689    0.18   0.21      0.61
21  0.008747005 0.159366805    0.09   0.45      0.46
22  0.100902875 0.083934775    0.21   0.53      0.26
23  0.540933707 0.064120441    0.21   0.25      0.54
24  0.116897978 0.016440128    0.68   0.15      0.17
25  0.411313504 0.008054007    0.50   0.07      0.43
26  0.587596849 0.067648407    0.25   0.22      0.53
27  0.519942421 0.078104159    0.14   0.29      0.57
28  0.433646045 0.039098343    0.25   0.24      0.51
29  0.016923657 0.110646545    0.14   0.50      0.36
30  0.433835355 0.076431273    0.22   0.19      0.59
31  0.552905959 0.022021888    0.31   0.09      0.60
32  0.725344839 0.069975216    0.11   0.17      0.72
33  0.226914072 0.005038804    0.66   0.09      0.25
34  0.776902524 0.047321923    0.14   0.11      0.75
35  0.048168264 0.065923328    0.31   0.39      0.30
36  0.069031279 0.109024236    0.21   0.45      0.34
37  0.449216759 0.044577676    0.33   0.23      0.44
38  0.390307147 0.024177547    0.48   0.14      0.38
39  0.284065564 0.057594741    0.31   0.30      0.39
40  0.131812299 0.010402037    0.71   0.11      0.18
41  0.519084837 0.154515755    0.07   0.29      0.64
42  0.289262266 0.001089679    0.70   0.02      0.28
43  0.148496240 0.140123177    0.06   0.41      0.53
44  0.474215781 0.059572586    0.14   0.29      0.57
45  0.453496868 0.104362969    0.17   0.27      0.56
46  0.253678496 0.001109193    0.70   0.01      0.29
47  0.589521137 0.075044580    0.16   0.25      0.59
48  0.422903004 0.075808842    0.15   0.36      0.49
49  0.192273251 0.134978281    0.10   0.35      0.55
50  0.181840954 0.127294879    0.11   0.46      0.43
51  0.503037550 0.085725194    0.17   0.28      0.55
52  0.035756021 0.078880434    0.37   0.48      0.15
53  0.541328131 0.040593101    0.28   0.20      0.52
54  0.110483826 0.085015799    0.27   0.42      0.31
55  0.781261543 0.078721471    0.15   0.09      0.76
56  0.259343070 0.105745924    0.19   0.35      0.46
57  0.487744412 0.156777152    0.06   0.27      0.67
58  0.295794395 0.142252827    0.11   0.25      0.64
59  0.470477212 0.100004073    0.06   0.34      0.60
60  0.251473608 0.020980820    0.45   0.24      0.31
61  0.414452665 0.026366462    0.42   0.18      0.40
62  0.167069929 0.110810157    0.22   0.37      0.41
63  0.505149061 0.056670867    0.24   0.21      0.55
64  0.472453451 0.024679297    0.37   0.19      0.44
65  0.405320433 0.002096865    0.56   0.04      0.40
66  0.105827604 0.047150210    0.43   0.35      0.22
67  0.136561018 0.076172960    0.19   0.43      0.38
68  0.558235733 0.065400452    0.19   0.18      0.63
69  0.492306111 0.025596370    0.43   0.16      0.41
70  0.082485751 0.039414066    0.45   0.31      0.24
71  0.173070084 0.081345813    0.25   0.48      0.27
72  0.514148393 0.036762130    0.30   0.14      0.56
73  0.625575843 0.011293856    0.31   0.05      0.64
74  0.277154808 0.141231424    0.07   0.38      0.55
75  0.348312907 0.095126158    0.16   0.38      0.46
76  0.273286155 0.066480717    0.21   0.39      0.40
77  0.152408566 0.048458568    0.43   0.35      0.22
78  0.135995121 0.098576827    0.22   0.40      0.38
79  0.154795049 0.075561092    0.27   0.51      0.22
80  0.763945676 0.007681596    0.20   0.04      0.76
81  0.191511833 0.130707989    0.11   0.48      0.41
82  0.170648339 0.043191518    0.36   0.38      0.26
83  0.019396908 0.041827592    0.59   0.32      0.09
84  0.649112767 0.034215908    0.27   0.06      0.67
85  0.378133196 0.035550951    0.39   0.16      0.45
86  0.374314261 0.069614577    0.29   0.30      0.41
87  0.487620626 0.106840780    0.15   0.18      0.67
88  0.557863567 0.076480997    0.09   0.24      0.67
89  0.687784024 0.025772794    0.21   0.05      0.74
90  0.577553715 0.065999228    0.11   0.18      0.71
91  0.199044990 0.002800428    0.72   0.04      0.24
92  0.154109924 0.044351504    0.42   0.34      0.24
93  0.701011089 0.034649914    0.20   0.12      0.68
94  0.378343587 0.067643324    0.23   0.30      0.47
95  0.192551072 0.133775852    0.11   0.44      0.45
96  0.336507350 0.010790294    0.57   0.15      0.28
97  0.577092067 0.152472396    0.06   0.28      0.66
98  0.317506392 0.101605239    0.10   0.40      0.50
99  0.353802594 0.049306705    0.24   0.29      0.47
100 0.637337836 0.036196735    0.22   0.11      0.67
