     prob.meio   prob.mito euploid mosaic aneuploid
1   0.78698201 0.043080936    0.18   0.10      0.72
2   0.20645122 0.172466111    0.02   0.33      0.65
3   0.25483117 0.235848238    0.00   0.31      0.69
4   0.17021085 0.139272852    0.12   0.45      0.43
5   0.22605639 0.111749520    0.15   0.40      0.45
6   0.08006330 0.251355588    0.00   0.31      0.69
7   0.41536860 0.205088811    0.00   0.30      0.70
8   0.62907965 0.050822258    0.11   0.22      0.67
9   0.36512055 0.096616848    0.17   0.23      0.60
10  0.22764186 0.105759700    0.14   0.40      0.46
11  0.30132061 0.067769926    0.27   0.24      0.49
12  0.47627496 0.023950808    0.34   0.12      0.54
13  0.43317389 0.142927838    0.03   0.32      0.65
14  0.61630857 0.011965362    0.29   0.10      0.61
15  0.12564030 0.101510608    0.18   0.45      0.37
16  0.56458973 0.120709766    0.06   0.25      0.69
17  0.14671019 0.018696405    0.61   0.23      0.16
18  0.34020866 0.057450747    0.39   0.21      0.40
19  0.22834568 0.108275527    0.12   0.44      0.44
20  0.21839656 0.038905511    0.46   0.27      0.27
21  0.49724947 0.045854591    0.20   0.18      0.62
22  0.41804585 0.149429750    0.07   0.31      0.62
23  0.24833331 0.218479330    0.03   0.31      0.66
24  0.60897748 0.036909728    0.23   0.13      0.64
25  0.45801239 0.049265971    0.28   0.21      0.51
26  0.43318620 0.023090024    0.38   0.12      0.50
27  0.18448789 0.172908390    0.08   0.41      0.51
28  0.10193766 0.033539577    0.60   0.26      0.14
29  0.56339787 0.026951534    0.29   0.12      0.59
30  0.41519945 0.166330351    0.01   0.35      0.64
31  0.24427005 0.111004565    0.13   0.41      0.46
32  0.32392124 0.105643590    0.08   0.47      0.45
33  0.68261436 0.092596153    0.06   0.21      0.73
34  0.44496114 0.054663108    0.26   0.20      0.54
35  0.13928470 0.212761368    0.03   0.36      0.61
36  0.34659433 0.170364610    0.03   0.31      0.66
37  0.61411881 0.138101349    0.06   0.26      0.68
38  0.27638803 0.175006407    0.02   0.36      0.62
39  0.64856379 0.042198557    0.22   0.10      0.68
40  0.45040059 0.087348670    0.12   0.27      0.61
41  0.17723909 0.252273228    0.00   0.32      0.68
42  0.10553027 0.160955031    0.06   0.45      0.49
43  0.16639413 0.066680453    0.30   0.39      0.31
44  0.31520208 0.180159936    0.02   0.38      0.60
45  0.40135560 0.143158371    0.04   0.37      0.59
46  0.34110155 0.154418634    0.03   0.35      0.62
47  0.46046182 0.112377995    0.11   0.27      0.62
48  0.26415387 0.073872590    0.24   0.29      0.47
49  0.22432290 0.035107402    0.52   0.16      0.32
50  0.39177116 0.089990964    0.13   0.31      0.56
51  0.31733551 0.015102128    0.60   0.09      0.31
52  0.46991742 0.147616767    0.07   0.23      0.70
53  0.37892223 0.003622839    0.54   0.07      0.39
54  0.26906234 0.169074235    0.06   0.30      0.64
55  0.35414499 0.223311825    0.01   0.30      0.69
56  0.06023754 0.293035605    0.00   0.28      0.72
57  0.37074822 0.032955214    0.34   0.21      0.45
58  0.09192717 0.215570958    0.00   0.32      0.68
59  0.63253480 0.052410728    0.23   0.13      0.64
60  0.32197627 0.210935246    0.00   0.33      0.67
61  0.45065520 0.121225973    0.06   0.30      0.64
62  0.10655795 0.109980649    0.16   0.48      0.36
63  0.15937177 0.153533031    0.09   0.46      0.45
64  0.44443280 0.148650818    0.04   0.27      0.69
65  0.17761378 0.225451318    0.01   0.35      0.64
66  0.30617939 0.084394597    0.20   0.33      0.47
67  0.02915112 0.259621174    0.00   0.29      0.71
68  0.19387863 0.015525942    0.65   0.14      0.21
69  0.44426815 0.158714701    0.04   0.27      0.69
70  0.26620433 0.195086121    0.03   0.28      0.69
71  0.32244827 0.041627204    0.23   0.23      0.54
72  0.17810521 0.084768448    0.27   0.40      0.33
73  0.25504986 0.001827696    0.80   0.00      0.20
74  0.22021793 0.095320626    0.22   0.33      0.45
75  0.53806955 0.004153801    0.47   0.05      0.48
76  0.50910855 0.078869303    0.16   0.20      0.64
77  0.04262797 0.185955235    0.02   0.43      0.55
78  0.37357062 0.086156141    0.13   0.32      0.55
79  0.65459950 0.010899436    0.27   0.08      0.65
80  0.64940382 0.039528116    0.20   0.16      0.64
81  0.05460037 0.149390244    0.09   0.41      0.50
82  0.03378554 0.214547213    0.01   0.38      0.61
83  0.46645655 0.214548644    0.00   0.29      0.71
84  0.46938493 0.179015557    0.04   0.24      0.72
85  0.46463593 0.090719084    0.12   0.27      0.61
86  0.27837213 0.126818021    0.14   0.38      0.48
87  0.54512212 0.028795040    0.26   0.11      0.63
88  0.19345833 0.031572645    0.59   0.25      0.16
89  0.45429213 0.069739893    0.16   0.30      0.54
90  0.11554127 0.185799617    0.03   0.37      0.60
91  0.53780211 0.055098342    0.13   0.18      0.69
92  0.52538379 0.087593028    0.15   0.22      0.63
93  0.48196927 0.160618264    0.04   0.28      0.68
94  0.41116883 0.067264334    0.21   0.31      0.48
95  0.05558980 0.222253171    0.02   0.41      0.57
96  0.08144385 0.298809314    0.00   0.31      0.69
97  0.16614512 0.113104160    0.17   0.46      0.37
98  0.24616041 0.130988105    0.09   0.48      0.43
99  0.06077794 0.040221147    0.52   0.31      0.17
100 0.40204331 0.152350169    0.06   0.22      0.72
