      prob.meio   prob.mito euploid mosaic aneuploid
1   0.067767360 0.129244449    0.19   0.52      0.29
2   0.297906900 0.071825656    0.20   0.33      0.47
3   0.314293947 0.153909762    0.04   0.34      0.62
4   0.546469163 0.129539996    0.07   0.30      0.63
5   0.499400060 0.090198558    0.11   0.23      0.66
6   0.457629632 0.014953887    0.40   0.11      0.49
7   0.161429398 0.122615560    0.14   0.48      0.38
8   0.158752877 0.106351277    0.18   0.40      0.42
9   0.140859614 0.160790047    0.10   0.41      0.49
10  0.645403195 0.073506478    0.12   0.16      0.72
11  0.640397960 0.067842113    0.13   0.18      0.69
12  0.708438125 0.042917565    0.22   0.14      0.64
13  0.433862524 0.135602964    0.05   0.41      0.54
14  0.483864247 0.028797457    0.30   0.15      0.55
15  0.279521521 0.104261482    0.13   0.32      0.55
16  0.374587631 0.025049804    0.42   0.18      0.40
17  0.552472096 0.031601858    0.26   0.10      0.64
18  0.499166724 0.044115646    0.24   0.19      0.57
19  0.206486132 0.070857511    0.31   0.37      0.32
20  0.508413843 0.030170911    0.34   0.13      0.53
21  0.204471753 0.110262587    0.15   0.45      0.40
22  0.017646939 0.115862472    0.26   0.51      0.23
23  0.582354468 0.017033836    0.30   0.07      0.63
24  0.511388463 0.143699103    0.09   0.23      0.68
25  0.292252541 0.050394458    0.34   0.33      0.33
26  0.405189534 0.082603207    0.19   0.23      0.58
27  0.548014684 0.011438668    0.39   0.04      0.57
28  0.567029038 0.012273586    0.42   0.09      0.49
29  0.078785259 0.164881924    0.07   0.45      0.48
30  0.349076981 0.133077398    0.07   0.36      0.57
31  0.494092581 0.104507928    0.11   0.31      0.58
32  0.439014017 0.008472625    0.51   0.08      0.41
33  0.642266498 0.084684603    0.08   0.22      0.70
34  0.534666526 0.028478374    0.28   0.13      0.59
35  0.568736807 0.032699386    0.24   0.18      0.58
36  0.624962196 0.052128693    0.27   0.10      0.63
37  0.552899835 0.011899524    0.39   0.07      0.54
38  0.540649658 0.108695802    0.11   0.22      0.67
39  0.095848869 0.048925279    0.50   0.30      0.20
40  0.270182328 0.031088454    0.53   0.21      0.26
41  0.705585527 0.016004593    0.23   0.08      0.69
42  0.066142893 0.070190398    0.33   0.43      0.24
43  0.445065412 0.116114995    0.14   0.29      0.57
44  0.115706670 0.063569722    0.36   0.40      0.24
45  0.463640600 0.103386939    0.08   0.27      0.65
46  0.145815275 0.131181172    0.14   0.37      0.49
47  0.749570461 0.006247826    0.25   0.02      0.73
48  0.167441234 0.076113950    0.15   0.51      0.34
49  0.460583639 0.147471882    0.07   0.25      0.68
50  0.405714255 0.090506804    0.15   0.32      0.53
51  0.510006568 0.124075650    0.06   0.38      0.56
52  0.144406079 0.086532142    0.26   0.38      0.36
53  0.168287012 0.057673119    0.36   0.42      0.22
54  0.027349796 0.114139448    0.15   0.44      0.41
55  0.478815970 0.072983394    0.21   0.23      0.56
56  0.165422424 0.126074685    0.09   0.47      0.44
57  0.534527102 0.073454224    0.17   0.22      0.61
58  0.526321833 0.088290465    0.21   0.32      0.47
59  0.739313426 0.006714399    0.21   0.02      0.77
60  0.196013670 0.002523028    0.73   0.03      0.24
61  0.401088729 0.025004959    0.42   0.21      0.37
62  0.708838396 0.015522658    0.20   0.05      0.75
63  0.363053086 0.013791580    0.49   0.08      0.43
64  0.074455042 0.061255181    0.41   0.41      0.18
65  0.432752359 0.059701362    0.21   0.30      0.49
66  0.207759053 0.144361196    0.07   0.44      0.49
67  0.339224342 0.021187065    0.53   0.14      0.33
68  0.267652694 0.158693956    0.06   0.44      0.50
69  0.548927066 0.079522916    0.18   0.20      0.62
70  0.500431106 0.054083619    0.17   0.20      0.63
71  0.256341504 0.051505695    0.37   0.24      0.39
72  0.516833338 0.105259652    0.12   0.24      0.64
73  0.264084795 0.057867181    0.23   0.33      0.44
74  0.167305821 0.006861630    0.62   0.13      0.25
75  0.072767190 0.093624313    0.20   0.51      0.29
76  0.466034680 0.030837069    0.36   0.19      0.45
77  0.154985689 0.187286892    0.05   0.40      0.55
78  0.504242270 0.054843455    0.24   0.21      0.55
79  0.148373332 0.065783128    0.35   0.46      0.19
80  0.064201775 0.103572407    0.19   0.45      0.36
81  0.278487869 0.125856695    0.09   0.41      0.50
82  0.251720782 0.025549845    0.59   0.19      0.22
83  0.582580252 0.022674601    0.36   0.18      0.46
84  0.552132847 0.086532107    0.10   0.26      0.64
85  0.381857915 0.003613806    0.58   0.04      0.38
86  0.446155183 0.157170627    0.04   0.35      0.61
87  0.351412176 0.090015329    0.16   0.26      0.58
88  0.261118274 0.037529811    0.48   0.29      0.23
89  0.243311391 0.103985470    0.22   0.32      0.46
90  0.073415003 0.085193309    0.32   0.40      0.28
91  0.033625966 0.152620770    0.08   0.47      0.45
92  0.573894781 0.057306923    0.25   0.18      0.57
93  0.178943006 0.110670344    0.13   0.43      0.44
94  0.368559815 0.068199727    0.27   0.23      0.50
95  0.003513680 0.084248689    0.26   0.50      0.24
96  0.007694035 0.066354872    0.40   0.45      0.15
97  0.449576840 0.074462346    0.18   0.31      0.51
98  0.187499433 0.020002869    0.60   0.20      0.20
99  0.187061661 0.091104921    0.20   0.40      0.40
100 0.752599310 0.009656755    0.21   0.03      0.76
