     prob.meio   prob.mito euploid mosaic aneuploid
1   0.02707003 0.113664040    0.16   0.44      0.40
2   0.21530768 0.061187446    0.33   0.37      0.30
3   0.30975107 0.187792888    0.03   0.36      0.61
4   0.35840602 0.137515899    0.05   0.31      0.64
5   0.54684470 0.166379380    0.05   0.28      0.67
6   0.22436861 0.096116234    0.14   0.39      0.47
7   0.24182926 0.161849425    0.07   0.40      0.53
8   0.08365182 0.239281570    0.02   0.36      0.62
9   0.17553831 0.048403946    0.44   0.33      0.23
10  0.43496581 0.024524523    0.36   0.12      0.52
11  0.15677104 0.110255939    0.21   0.36      0.43
12  0.20258911 0.022279623    0.58   0.23      0.19
13  0.21198146 0.134200406    0.07   0.40      0.53
14  0.08372495 0.079287332    0.29   0.41      0.30
15  0.12732655 0.087862906    0.22   0.36      0.42
16  0.34463462 0.013363612    0.50   0.10      0.40
17  0.08926017 0.208116918    0.02   0.41      0.57
18  0.28460328 0.099712878    0.15   0.41      0.44
19  0.31609863 0.128389300    0.10   0.30      0.60
20  0.58759774 0.031949929    0.25   0.09      0.66
21  0.52457288 0.038902699    0.32   0.18      0.50
22  0.23586641 0.182592885    0.07   0.39      0.54
23  0.64606566 0.032266458    0.20   0.15      0.65
24  0.37659053 0.071478656    0.21   0.32      0.47
25  0.62358863 0.050077368    0.25   0.13      0.62
26  0.38627851 0.108802291    0.14   0.31      0.55
27  0.37189093 0.083630721    0.16   0.27      0.57
28  0.14376248 0.156825953    0.11   0.43      0.46
29  0.38887371 0.090254036    0.12   0.38      0.50
30  0.43787217 0.025033388    0.39   0.15      0.46
31  0.04914166 0.220253104    0.03   0.31      0.66
32  0.32823165 0.019826208    0.43   0.20      0.37
33  0.46015060 0.064454234    0.25   0.24      0.51
34  0.50632956 0.024746840    0.40   0.10      0.50
35  0.63339255 0.039130715    0.18   0.21      0.61
36  0.32634643 0.135140985    0.05   0.39      0.56
37  0.49001254 0.049172594    0.22   0.19      0.59
38  0.13158240 0.160506540    0.10   0.40      0.50
39  0.61060532 0.012826078    0.37   0.08      0.55
40  0.37906371 0.099114341    0.14   0.38      0.48
41  0.31498113 0.010771461    0.62   0.13      0.25
42  0.36936822 0.130010281    0.12   0.32      0.56
43  0.49637503 0.085893023    0.12   0.24      0.64
44  0.37683353 0.139007200    0.09   0.27      0.64
45  0.26954987 0.172185358    0.07   0.28      0.65
46  0.08107240 0.188432731    0.03   0.35      0.62
47  0.44685321 0.083547782    0.17   0.27      0.56
48  0.50819080 0.054775059    0.23   0.18      0.59
49  0.29962120 0.049900574    0.49   0.18      0.33
50  0.31461822 0.158178280    0.04   0.38      0.58
51  0.11937021 0.119545870    0.12   0.45      0.43
52  0.46435703 0.112793022    0.11   0.28      0.61
53  0.25472343 0.153637885    0.09   0.45      0.46
54  0.37545739 0.068326202    0.20   0.29      0.51
55  0.51296990 0.019629531    0.36   0.12      0.52
56  0.31558483 0.047422135    0.36   0.20      0.44
57  0.09713562 0.199613673    0.02   0.41      0.57
58  0.34129363 0.047304047    0.30   0.26      0.44
59  0.39241624 0.060575368    0.23   0.27      0.50
60  0.15880335 0.073543611    0.27   0.40      0.33
61  0.46592273 0.098291882    0.13   0.30      0.57
62  0.31107383 0.019197849    0.46   0.14      0.40
63  0.25527758 0.102688270    0.17   0.38      0.45
64  0.28379152 0.156019059    0.05   0.39      0.56
65  0.42902081 0.086549596    0.16   0.32      0.52
66  0.45624134 0.122573253    0.12   0.27      0.61
67  0.37550982 0.108253882    0.11   0.35      0.54
68  0.53396246 0.012677665    0.40   0.04      0.56
69  0.16187868 0.132437083    0.08   0.43      0.49
70  0.57499388 0.034119411    0.35   0.13      0.52
71  0.49114007 0.014423774    0.44   0.08      0.48
72  0.31659679 0.118830187    0.10   0.38      0.52
73  0.52233354 0.044674236    0.16   0.23      0.61
74  0.41372618 0.027343387    0.44   0.12      0.44
75  0.09710692 0.082491680    0.29   0.37      0.34
76  0.11386824 0.075949121    0.38   0.30      0.32
77  0.32374723 0.095766393    0.22   0.30      0.48
78  0.19253189 0.069179915    0.32   0.39      0.29
79  0.25502437 0.202834547    0.02   0.35      0.63
80  0.41018366 0.137901339    0.04   0.39      0.57
81  0.36226200 0.031456122    0.42   0.18      0.40
82  0.13159384 0.180236907    0.05   0.38      0.57
83  0.57777073 0.033945420    0.24   0.12      0.64
84  0.41230507 0.002753768    0.61   0.03      0.36
85  0.45284736 0.016616368    0.42   0.07      0.51
86  0.27263417 0.015261775    0.50   0.19      0.31
87  0.47543191 0.059692239    0.22   0.27      0.51
88  0.58971769 0.061211378    0.17   0.23      0.60
89  0.12041774 0.119444609    0.14   0.41      0.45
90  0.36717802 0.166277761    0.03   0.31      0.66
91  0.51130621 0.085999634    0.17   0.21      0.62
92  0.04524792 0.185328797    0.03   0.40      0.57
93  0.64599087 0.061186090    0.14   0.19      0.67
94  0.16692742 0.041658486    0.33   0.40      0.27
95  0.44851160 0.096073338    0.18   0.27      0.55
96  0.01960902 0.074405913    0.36   0.38      0.26
97  0.60680501 0.065782433    0.13   0.26      0.61
98  0.33473429 0.143460336    0.05   0.35      0.60
99  0.43818701 0.148632125    0.08   0.34      0.58
100 0.27314986 0.147495837    0.08   0.43      0.49
