     prob.meio   prob.mito euploid mosaic aneuploid
1   0.31295838 0.178011326    0.04   0.28      0.68
2   0.52365827 0.106864788    0.10   0.24      0.66
3   0.66475138 0.034185021    0.21   0.11      0.68
4   0.52627740 0.100051918    0.05   0.33      0.62
5   0.38855416 0.172350790    0.03   0.36      0.61
6   0.12761959 0.219446230    0.02   0.33      0.65
7   0.23214797 0.195786028    0.02   0.29      0.69
8   0.47867130 0.159939025    0.06   0.28      0.66
9   0.43722103 0.093366099    0.10   0.31      0.59
10  0.39810999 0.016034106    0.51   0.11      0.38
11  0.32417886 0.063658807    0.17   0.33      0.50
12  0.54762054 0.107914211    0.12   0.27      0.61
13  0.30295451 0.006236808    0.60   0.06      0.34
14  0.20252207 0.061214238    0.37   0.35      0.28
15  0.03521378 0.219754160    0.01   0.38      0.61
16  0.27961004 0.034824880    0.40   0.23      0.37
17  0.11950777 0.249616033    0.01   0.36      0.63
18  0.31523033 0.015809310    0.50   0.16      0.34
19  0.17091929 0.146715409    0.08   0.42      0.50
20  0.28437296 0.091497443    0.17   0.31      0.52
21  0.35971333 0.076374443    0.23   0.33      0.44
22  0.68379289 0.039595847    0.17   0.16      0.67
23  0.33630471 0.157801134    0.06   0.33      0.61
24  0.24481132 0.125465818    0.10   0.40      0.50
25  0.70615099 0.074148474    0.13   0.16      0.71
26  0.17030593 0.152716272    0.04   0.40      0.56
27  0.23174216 0.093442131    0.21   0.32      0.47
28  0.35989420 0.188124930    0.02   0.33      0.65
29  0.22815214 0.019144803    0.55   0.20      0.25
30  0.53475285 0.135549896    0.05   0.25      0.70
31  0.63009324 0.081890017    0.15   0.18      0.67
32  0.18843223 0.014439617    0.70   0.13      0.17
33  0.33734620 0.130041486    0.05   0.42      0.53
34  0.29587861 0.009708207    0.68   0.09      0.23
35  0.21635259 0.143805238    0.16   0.38      0.46
36  0.09830188 0.230603764    0.00   0.40      0.60
37  0.74342453 0.044752856    0.13   0.16      0.71
38  0.34120111 0.083085844    0.21   0.29      0.50
39  0.10664970 0.126808730    0.12   0.40      0.48
40  0.38794828 0.024249174    0.35   0.22      0.43
41  0.25803216 0.148517117    0.08   0.36      0.56
42  0.45388523 0.094235283    0.11   0.26      0.63
43  0.38204143 0.029777634    0.33   0.14      0.53
44  0.16922214 0.034337599    0.45   0.27      0.28
45  0.05982139 0.194662221    0.04   0.45      0.51
46  0.27376532 0.074079491    0.21   0.44      0.35
47  0.13983952 0.086221354    0.23   0.44      0.33
48  0.46774906 0.169867171    0.02   0.34      0.64
49  0.59345098 0.131759632    0.07   0.26      0.67
50  0.20371745 0.081501902    0.27   0.35      0.38
51  0.42685709 0.028398636    0.40   0.16      0.44
52  0.25529540 0.139183569    0.07   0.38      0.55
53  0.30649529 0.185101056    0.02   0.40      0.58
54  0.21743756 0.041762599    0.52   0.26      0.22
55  0.37798546 0.175536444    0.03   0.28      0.69
56  0.22709371 0.165850811    0.08   0.43      0.49
57  0.47558344 0.132000846    0.10   0.33      0.57
58  0.26981375 0.023509082    0.51   0.22      0.27
59  0.17743816 0.026386061    0.55   0.25      0.20
60  0.16041662 0.054714870    0.31   0.35      0.34
61  0.33861176 0.124654987    0.10   0.36      0.54
62  0.12480770 0.072574984    0.33   0.39      0.28
63  0.37060324 0.107968092    0.13   0.31      0.56
64  0.01842686 0.067857927    0.36   0.39      0.25
65  0.68411186 0.067109125    0.10   0.19      0.71
66  0.52391462 0.001628051    0.52   0.01      0.47
67  0.27355955 0.129175915    0.09   0.37      0.54
68  0.28272638 0.165430549    0.03   0.45      0.52
69  0.10376457 0.073562797    0.29   0.43      0.28
70  0.30689421 0.162887365    0.03   0.40      0.57
71  0.58384242 0.091519360    0.14   0.26      0.60
72  0.45037428 0.049093214    0.21   0.20      0.59
73  0.17210554 0.180891029    0.06   0.37      0.57
74  0.26664555 0.139360894    0.09   0.36      0.55
75  0.47484865 0.083091671    0.08   0.28      0.64
76  0.32859400 0.008360713    0.53   0.06      0.41
77  0.44416954 0.127694631    0.12   0.25      0.63
78  0.49469705 0.100180752    0.06   0.28      0.66
79  0.15408992 0.181907135    0.07   0.43      0.50
80  0.14452049 0.050686727    0.35   0.33      0.32
81  0.37324717 0.031798043    0.38   0.15      0.47
82  0.24233025 0.147179805    0.08   0.44      0.48
83  0.07294247 0.228874274    0.00   0.35      0.65
84  0.28611140 0.077574025    0.20   0.40      0.40
85  0.12112420 0.241661142    0.00   0.36      0.64
86  0.63010162 0.026437156    0.32   0.14      0.54
87  0.54880393 0.067841950    0.20   0.15      0.65
88  0.15169679 0.198226260    0.02   0.43      0.55
89  0.11655807 0.053315608    0.39   0.31      0.30
90  0.44362804 0.063716316    0.22   0.28      0.50
91  0.21795439 0.183942628    0.06   0.37      0.57
92  0.62553054 0.002184714    0.47   0.01      0.52
93  0.41591741 0.057061832    0.25   0.24      0.51
94  0.13268018 0.050530633    0.45   0.34      0.21
95  0.51137120 0.132084356    0.08   0.24      0.68
96  0.13573113 0.203967704    0.01   0.39      0.60
97  0.21733695 0.181398340    0.06   0.32      0.62
98  0.20529637 0.007564163    0.68   0.11      0.21
99  0.24481358 0.051878519    0.35   0.35      0.30
100 0.46017897 0.041254966    0.30   0.17      0.53
