      prob.meio   prob.mito euploid mosaic aneuploid
1   0.238178566 0.064736498    0.23   0.32      0.45
2   0.193262945 0.070791437    0.21   0.37      0.42
3   0.309705245 0.170892955    0.06   0.36      0.58
4   0.527103377 0.036798576    0.25   0.14      0.61
5   0.519256121 0.097413478    0.12   0.27      0.61
6   0.173686390 0.102282256    0.18   0.46      0.36
7   0.400463889 0.078439241    0.24   0.26      0.50
8   0.671078730 0.009284004    0.28   0.01      0.71
9   0.429149214 0.072823658    0.28   0.26      0.46
10  0.040309032 0.141784825    0.12   0.48      0.40
11  0.264473814 0.038187763    0.44   0.24      0.32
12  0.560461634 0.115645909    0.10   0.23      0.67
13  0.779625076 0.013781269    0.19   0.03      0.78
14  0.384408594 0.076188331    0.17   0.25      0.58
15  0.505044159 0.051540745    0.19   0.20      0.61
16  0.029822520 0.138591863    0.10   0.51      0.39
17  0.603412898 0.112654140    0.08   0.22      0.70
18  0.418308801 0.081267159    0.19   0.35      0.46
19  0.114738266 0.062448095    0.31   0.39      0.30
20  0.643857533 0.056604030    0.16   0.18      0.66
21  0.004459060 0.083067969    0.26   0.46      0.28
22  0.382428279 0.072523114    0.18   0.29      0.53
23  0.356158162 0.028549500    0.47   0.18      0.35
24  0.131170439 0.055410424    0.35   0.42      0.23
25  0.317151022 0.012855393    0.55   0.09      0.36
26  0.520118689 0.042230715    0.19   0.13      0.68
27  0.452793610 0.079368376    0.13   0.23      0.64
28  0.383112694 0.049276859    0.35   0.15      0.50
29  0.181772497 0.035950406    0.54   0.29      0.17
30  0.133392728 0.037836880    0.49   0.31      0.20
31  0.235006754 0.153024571    0.07   0.36      0.57
32  0.216977545 0.071393462    0.31   0.35      0.34
33  0.007889098 0.066728548    0.34   0.51      0.15
34  0.452609394 0.006274057    0.49   0.03      0.48
35  0.368997999 0.016319978    0.51   0.12      0.37
36  0.062482483 0.103946059    0.22   0.44      0.34
37  0.195667402 0.144923935    0.05   0.35      0.60
38  0.163447519 0.096598875    0.13   0.49      0.38
39  0.616034722 0.060041087    0.12   0.20      0.68
40  0.490698094 0.104531708    0.08   0.26      0.66
41  0.198055403 0.071576843    0.34   0.35      0.31
42  0.202530107 0.005204655    0.68   0.11      0.21
43  0.740667820 0.002977900    0.23   0.00      0.77
44  0.512626915 0.099902527    0.10   0.27      0.63
45  0.260074129 0.177813045    0.03   0.37      0.60
46  0.023156317 0.073268909    0.33   0.52      0.15
47  0.733041922 0.028369534    0.18   0.04      0.78
48  0.115262395 0.033411364    0.56   0.28      0.16
49  0.155747535 0.107479818    0.22   0.38      0.40
50  0.283602484 0.175029741    0.07   0.32      0.61
51  0.202959632 0.184393615    0.05   0.31      0.64
52  0.321281751 0.091833769    0.16   0.37      0.47
53  0.306030175 0.074656747    0.23   0.37      0.40
54  0.229111618 0.049201441    0.35   0.34      0.31
55  0.375519094 0.079639393    0.17   0.33      0.50
56  0.722741976 0.038474939    0.18   0.08      0.74
57  0.675313427 0.048894042    0.12   0.12      0.76
58  0.366134766 0.181215388    0.05   0.35      0.60
59  0.394426728 0.027526086    0.42   0.13      0.45
60  0.235419690 0.127728753    0.11   0.45      0.44
61  0.564659726 0.009835124    0.25   0.08      0.67
62  0.049540808 0.077080167    0.26   0.42      0.32
63  0.248381411 0.194659290    0.05   0.31      0.64
64  0.233053375 0.086754640    0.25   0.35      0.40
65  0.397891017 0.048868823    0.29   0.21      0.50
66  0.424735994 0.081316181    0.14   0.27      0.59
67  0.444841435 0.082961752    0.15   0.24      0.61
68  0.357638182 0.036043946    0.36   0.23      0.41
69  0.300607477 0.044459025    0.40   0.21      0.39
70  0.336912290 0.089300538    0.21   0.40      0.39
71  0.082841479 0.086645731    0.24   0.50      0.26
72  0.384552932 0.128157495    0.09   0.31      0.60
73  0.037601630 0.026163478    0.66   0.23      0.11
74  0.322709179 0.116653349    0.12   0.32      0.56
75  0.418226607 0.134058331    0.08   0.22      0.70
76  0.122535275 0.149099314    0.13   0.49      0.38
77  0.180140784 0.073159339    0.26   0.40      0.34
78  0.446189560 0.159721500    0.06   0.35      0.59
79  0.282382032 0.110271816    0.16   0.32      0.52
80  0.156784956 0.080260206    0.24   0.41      0.35
81  0.484336877 0.061045840    0.25   0.33      0.42
82  0.272723466 0.133205925    0.10   0.33      0.57
83  0.192450962 0.123616210    0.05   0.44      0.51
84  0.285916345 0.177636865    0.05   0.42      0.53
85  0.240761993 0.114044842    0.20   0.35      0.45
86  0.044833171 0.071305616    0.25   0.52      0.23
87  0.267801658 0.147486431    0.09   0.34      0.57
88  0.133330037 0.074500500    0.34   0.36      0.30
89  0.105667294 0.081738563    0.29   0.36      0.35
90  0.405395236 0.097867734    0.10   0.24      0.66
91  0.138286570 0.025414103    0.66   0.21      0.13
92  0.478587212 0.126660151    0.11   0.21      0.68
93  0.591356594 0.061266436    0.18   0.18      0.64
94  0.476271274 0.056429095    0.26   0.27      0.47
95  0.633214789 0.082215061    0.15   0.25      0.60
96  0.348471833 0.165622785    0.04   0.31      0.65
97  0.227704357 0.081159503    0.22   0.44      0.34
98  0.283574713 0.179979190    0.05   0.30      0.65
99  0.104231658 0.140204754    0.11   0.46      0.43
100 0.056134861 0.095651432    0.18   0.48      0.34
