      prob.meio    prob.mito euploid mosaic aneuploid
1   0.422305423 0.0539589529    0.19   0.21      0.60
2   0.074111578 0.2032451285    0.01   0.43      0.56
3   0.186403835 0.1552173235    0.06   0.37      0.57
4   0.181532962 0.0221522325    0.52   0.20      0.28
5   0.080980767 0.1329327216    0.06   0.52      0.42
6   0.078963329 0.1725412295    0.03   0.39      0.58
7   0.316090351 0.1355736912    0.02   0.42      0.56
8   0.214058022 0.1132244156    0.16   0.38      0.46
9   0.172186644 0.1995812650    0.03   0.43      0.54
10  0.155310686 0.1016706582    0.22   0.36      0.42
11  0.116084220 0.1600047906    0.06   0.52      0.42
12  0.292975887 0.1831928357    0.02   0.42      0.56
13  0.064127334 0.0623760996    0.39   0.40      0.21
14  0.127563696 0.1103496754    0.17   0.44      0.39
15  0.300943399 0.0353061613    0.36   0.27      0.37
16  0.372986100 0.1726789565    0.05   0.32      0.63
17  0.360146132 0.1686773009    0.05   0.38      0.57
18  0.319754896 0.1659486797    0.03   0.44      0.53
19  0.585715381 0.0061527046    0.34   0.03      0.63
20  0.442066944 0.0634596471    0.18   0.35      0.47
21  0.184264281 0.1702719408    0.04   0.41      0.55
22  0.029984822 0.1767827759    0.04   0.40      0.56
23  0.049479847 0.2144287149    0.01   0.38      0.61
24  0.463532744 0.1492771178    0.08   0.31      0.61
25  0.338892086 0.0638513472    0.27   0.31      0.42
26  0.101664434 0.2176544573    0.02   0.41      0.57
27  0.535828241 0.0901748580    0.09   0.27      0.64
28  0.302463630 0.0819873617    0.22   0.33      0.45
29  0.121589505 0.1264391057    0.18   0.37      0.45
30  0.589408479 0.0002949084    0.36   0.00      0.64
31  0.425761204 0.1542736893    0.07   0.31      0.62
32  0.372631550 0.0292971013    0.35   0.21      0.44
33  0.132071814 0.1202493026    0.12   0.55      0.33
34  0.021491267 0.1872745187    0.04   0.58      0.38
35  0.540524599 0.0546568609    0.27   0.17      0.56
36  0.173991512 0.0733993624    0.27   0.42      0.31
37  0.014460625 0.1134898346    0.16   0.47      0.37
38  0.406145572 0.0317046305    0.29   0.12      0.59
39  0.391715984 0.0668353208    0.24   0.29      0.47
40  0.239180319 0.1644125064    0.08   0.39      0.53
41  0.374238836 0.0295237834    0.41   0.13      0.46
42  0.334746098 0.1572983358    0.05   0.40      0.55
43  0.171829923 0.1829984148    0.02   0.39      0.59
44  0.505506577 0.1233305950    0.02   0.35      0.63
45  0.131928733 0.1969655247    0.04   0.40      0.56
46  0.052371562 0.0859430160    0.23   0.43      0.34
47  0.020788796 0.1834507121    0.02   0.42      0.56
48  0.138555318 0.0763745683    0.25   0.48      0.27
49  0.117457994 0.0729877825    0.39   0.36      0.25
50  0.150747102 0.1165735859    0.13   0.41      0.46
51  0.121167773 0.1333295896    0.12   0.55      0.33
52  0.007636851 0.2362648293    0.02   0.41      0.57
53  0.121390219 0.2250094498    0.01   0.37      0.62
54  0.052597581 0.1513147193    0.07   0.39      0.54
55  0.153354923 0.2021367964    0.03   0.40      0.57
56  0.242627805 0.1719061974    0.03   0.39      0.58
57  0.359194968 0.1698826738    0.03   0.33      0.64
58  0.622052311 0.0504389787    0.15   0.22      0.63
59  0.370507156 0.1424714138    0.03   0.36      0.61
60  0.619806452 0.0384763528    0.22   0.14      0.64
61  0.205839878 0.1180210400    0.08   0.48      0.44
62  0.073098892 0.1739235767    0.03   0.37      0.60
63  0.429893716 0.0802723779    0.19   0.35      0.46
64  0.221690372 0.1674753882    0.06   0.46      0.48
65  0.162120180 0.1972865344    0.00   0.45      0.55
66  0.437252190 0.0451733931    0.29   0.25      0.46
67  0.146555704 0.1256010756    0.09   0.46      0.45
68  0.045284449 0.2070039106    0.04   0.32      0.64
69  0.221840077 0.1067120249    0.23   0.45      0.32
70  0.348059899 0.1589968570    0.08   0.38      0.54
71  0.068981480 0.0887790755    0.23   0.44      0.33
72  0.496181428 0.0226890601    0.43   0.16      0.41
73  0.057374423 0.2025292923    0.03   0.41      0.56
74  0.456415791 0.0338612879    0.32   0.22      0.46
75  0.426199220 0.1398871625    0.06   0.33      0.61
76  0.380918698 0.1618445064    0.09   0.30      0.61
77  0.460421016 0.0287658731    0.24   0.17      0.59
78  0.238858923 0.0954031760    0.10   0.44      0.46
79  0.024354592 0.2296027842    0.00   0.38      0.62
80  0.088703993 0.1612780450    0.09   0.41      0.50
81  0.267284364 0.0165186818    0.51   0.14      0.35
82  0.493904463 0.0136429491    0.44   0.08      0.48
83  0.177189927 0.0944661212    0.12   0.49      0.39
84  0.026543117 0.2656156493    0.00   0.36      0.64
85  0.394773596 0.1964463734    0.02   0.34      0.64
86  0.447006524 0.0059693286    0.49   0.04      0.47
87  0.007163072 0.1052991718    0.20   0.50      0.30
88  0.187996107 0.1002271045    0.22   0.44      0.34
89  0.488814874 0.0786147350    0.19   0.25      0.56
90  0.498442672 0.0627479514    0.11   0.33      0.56
91  0.294986347 0.1377354399    0.09   0.40      0.51
92  0.237142705 0.1229446752    0.02   0.43      0.55
93  0.069824064 0.2199087613    0.01   0.45      0.54
94  0.611798618 0.0121322398    0.34   0.02      0.64
95  0.322833232 0.0701578981    0.17   0.26      0.57
96  0.335121141 0.1843082560    0.05   0.33      0.62
97  0.324785833 0.0827056959    0.16   0.41      0.43
98  0.340701292 0.0324891871    0.40   0.24      0.36
99  0.111514499 0.0539856511    0.37   0.35      0.28
100 0.091928560 0.1926147176    0.06   0.41      0.53
