     prob.meio   prob.mito euploid mosaic aneuploid
1   0.34377178 0.033939211    0.41   0.25      0.34
2   0.40600805 0.138622841    0.06   0.34      0.60
3   0.52143724 0.131682750    0.07   0.29      0.64
4   0.65216663 0.039515102    0.22   0.13      0.65
5   0.48688903 0.006183642    0.45   0.08      0.47
6   0.58667040 0.013273756    0.34   0.09      0.57
7   0.73029340 0.006024788    0.18   0.08      0.74
8   0.52451132 0.036887952    0.25   0.14      0.61
9   0.20808939 0.087327363    0.23   0.44      0.33
10  0.21547577 0.147136026    0.09   0.39      0.52
11  0.47830426 0.004860545    0.55   0.03      0.42
12  0.56180692 0.063481044    0.19   0.26      0.55
13  0.39871602 0.078990815    0.13   0.29      0.58
14  0.14261466 0.064160370    0.30   0.44      0.26
15  0.64243875 0.008627577    0.30   0.06      0.64
16  0.16478685 0.042731012    0.47   0.33      0.20
17  0.23518102 0.023697032    0.54   0.19      0.27
18  0.61627002 0.028905528    0.26   0.09      0.65
19  0.30502975 0.006718430    0.60   0.06      0.34
20  0.22691853 0.103945110    0.20   0.42      0.38
21  0.47023257 0.105004215    0.13   0.24      0.63
22  0.27396174 0.127289359    0.09   0.44      0.47
23  0.44396518 0.111590207    0.08   0.30      0.62
24  0.37865667 0.122956477    0.16   0.35      0.49
25  0.21346732 0.076028236    0.22   0.45      0.33
26  0.27798795 0.118292440    0.13   0.44      0.43
27  0.55637302 0.135296807    0.08   0.25      0.67
28  0.35190466 0.025832176    0.49   0.15      0.36
29  0.66099107 0.070963836    0.16   0.13      0.71
30  0.69952218 0.041841434    0.18   0.12      0.70
31  0.03728683 0.058734679    0.29   0.50      0.21
32  0.35785790 0.096647441    0.27   0.30      0.43
33  0.49342519 0.105294716    0.08   0.24      0.68
34  0.33822350 0.053057032    0.36   0.32      0.32
35  0.47287159 0.030285360    0.36   0.10      0.54
36  0.72455611 0.099120179    0.10   0.22      0.68
37  0.22456714 0.097981896    0.22   0.30      0.48
38  0.45099294 0.011529892    0.43   0.13      0.44
39  0.05274512 0.153262034    0.11   0.47      0.42
40  0.34157610 0.096618237    0.16   0.29      0.55
41  0.54342164 0.039337330    0.24   0.21      0.55
42  0.47923263 0.047761449    0.33   0.22      0.45
43  0.23854272 0.030301987    0.51   0.28      0.21
44  0.40233603 0.026794714    0.42   0.21      0.37
45  0.49973824 0.059808941    0.19   0.24      0.57
46  0.11808023 0.044511917    0.43   0.38      0.19
47  0.58400059 0.003744878    0.33   0.05      0.62
48  0.43800423 0.044795536    0.27   0.24      0.49
49  0.29401479 0.046025975    0.31   0.36      0.33
50  0.22914160 0.127217368    0.13   0.35      0.52
51  0.04890630 0.066989864    0.35   0.41      0.24
52  0.44092676 0.027541609    0.37   0.20      0.43
53  0.21852667 0.045163557    0.34   0.39      0.27
54  0.41272175 0.028994964    0.41   0.18      0.41
55  0.41704322 0.071912046    0.19   0.32      0.49
56  0.67236297 0.097223805    0.10   0.21      0.69
57  0.25498334 0.101762760    0.16   0.35      0.49
58  0.04616721 0.087943605    0.21   0.46      0.33
59  0.59401009 0.030342113    0.22   0.15      0.63
60  0.49064807 0.007626942    0.47   0.07      0.46
61  0.11934779 0.092084454    0.20   0.49      0.31
62  0.07292249 0.082168259    0.32   0.48      0.20
63  0.27581193 0.030113766    0.41   0.27      0.32
64  0.19702227 0.076608787    0.24   0.46      0.30
65  0.56348856 0.109537599    0.14   0.19      0.67
66  0.63531593 0.011438305    0.36   0.07      0.57
67  0.28853305 0.033416694    0.48   0.20      0.32
68  0.52848077 0.069881472    0.18   0.20      0.62
69  0.29503316 0.053698354    0.32   0.32      0.36
70  0.19631890 0.083486518    0.24   0.38      0.38
71  0.71608872 0.032586097    0.17   0.11      0.72
72  0.62287097 0.069611621    0.12   0.18      0.70
73  0.38249377 0.050581754    0.40   0.20      0.40
74  0.35845781 0.036244265    0.38   0.22      0.40
75  0.27439800 0.081020215    0.31   0.32      0.37
76  0.42114080 0.061232194    0.15   0.29      0.56
77  0.23384140 0.020945230    0.58   0.17      0.25
78  0.11063337 0.089045769    0.22   0.42      0.36
79  0.16046762 0.085588770    0.15   0.45      0.40
80  0.12055958 0.077071943    0.30   0.37      0.33
81  0.37274255 0.006558490    0.59   0.05      0.36
82  0.38030264 0.143504087    0.09   0.37      0.54
83  0.40447207 0.071286320    0.21   0.23      0.56
84  0.10399117 0.025183881    0.54   0.26      0.20
85  0.47395041 0.035159513    0.34   0.17      0.49
86  0.56712395 0.056012347    0.16   0.19      0.65
87  0.68639260 0.035095305    0.15   0.12      0.73
88  0.53542318 0.057407491    0.16   0.23      0.61
89  0.49370243 0.108195821    0.12   0.20      0.68
90  0.10487735 0.083046475    0.26   0.44      0.30
91  0.29983262 0.136804703    0.07   0.34      0.59
92  0.29788461 0.121952890    0.14   0.36      0.50
93  0.48114084 0.065383504    0.16   0.26      0.58
94  0.44098314 0.093867895    0.17   0.22      0.61
95  0.51600991 0.059700494    0.11   0.31      0.58
96  0.26718513 0.059527359    0.24   0.36      0.40
97  0.60523328 0.047713224    0.16   0.17      0.67
98  0.34916745 0.096971275    0.19   0.33      0.48
99  0.43999065 0.050354472    0.27   0.21      0.52
100 0.66379341 0.008397347    0.32   0.05      0.63
