     prob.meio   prob.mito euploid mosaic aneuploid
1   0.16347264 0.025535816    0.57   0.18      0.25
2   0.29213324 0.055650673    0.35   0.24      0.41
3   0.43031123 0.162473942    0.03   0.36      0.61
4   0.63214366 0.012745242    0.29   0.09      0.62
5   0.13287843 0.200395977    0.02   0.34      0.64
6   0.27239076 0.008087619    0.62   0.14      0.24
7   0.30222686 0.174729121    0.06   0.28      0.66
8   0.34792861 0.120055198    0.14   0.35      0.51
9   0.54140310 0.020859497    0.28   0.20      0.52
10  0.30464563 0.161307690    0.06   0.40      0.54
11  0.07942865 0.155500030    0.10   0.41      0.49
12  0.24671539 0.031854241    0.46   0.29      0.25
13  0.30437962 0.026600379    0.48   0.16      0.36
14  0.26773953 0.131485387    0.06   0.39      0.55
15  0.49057623 0.060463753    0.17   0.28      0.55
16  0.13359324 0.026637457    0.59   0.23      0.18
17  0.23337847 0.144444878    0.03   0.38      0.59
18  0.24907905 0.102451809    0.14   0.45      0.41
19  0.15590501 0.169230338    0.07   0.39      0.54
20  0.19189140 0.034125017    0.55   0.20      0.25
21  0.41626944 0.153977274    0.03   0.32      0.65
22  0.57296110 0.045242583    0.23   0.18      0.59
23  0.40904536 0.004187117    0.48   0.05      0.47
24  0.50325693 0.061001767    0.17   0.22      0.61
25  0.32895888 0.155086818    0.06   0.35      0.59
26  0.45953049 0.038620750    0.35   0.19      0.46
27  0.35820980 0.133973228    0.08   0.30      0.62
28  0.26506056 0.070912861    0.28   0.35      0.37
29  0.30060882 0.134930636    0.09   0.33      0.58
30  0.13389009 0.105256659    0.20   0.44      0.36
31  0.35782595 0.014703423    0.47   0.14      0.39
32  0.19558398 0.079212650    0.24   0.38      0.38
33  0.26275042 0.161070474    0.03   0.34      0.63
34  0.07993804 0.131137269    0.08   0.44      0.48
35  0.21215294 0.050525437    0.29   0.39      0.32
36  0.30965338 0.081122752    0.14   0.42      0.44
37  0.56140650 0.021917468    0.38   0.06      0.56
38  0.29745961 0.074507867    0.19   0.29      0.52
39  0.54097540 0.030740779    0.26   0.18      0.56
40  0.07391567 0.197386096    0.03   0.39      0.58
41  0.46705796 0.111891197    0.10   0.27      0.63
42  0.09261341 0.242076771    0.02   0.37      0.61
43  0.20639466 0.105354996    0.11   0.45      0.44
44  0.42826647 0.005351214    0.51   0.12      0.37
45  0.45720942 0.110662041    0.12   0.32      0.56
46  0.19987866 0.206231299    0.04   0.31      0.65
47  0.39492768 0.029412306    0.36   0.24      0.40
48  0.25615259 0.089809275    0.21   0.29      0.50
49  0.24376284 0.017628890    0.59   0.19      0.22
50  0.20953374 0.176682827    0.04   0.37      0.59
51  0.39386513 0.005788707    0.57   0.01      0.42
52  0.53534340 0.013995669    0.42   0.10      0.48
53  0.35023988 0.025973283    0.41   0.22      0.37
54  0.36183504 0.022118758    0.49   0.19      0.32
55  0.19422743 0.036276837    0.40   0.27      0.33
56  0.42009951 0.050325129    0.28   0.27      0.45
57  0.58957710 0.028734740    0.18   0.14      0.68
58  0.48493050 0.087987039    0.22   0.20      0.58
59  0.12443984 0.123875484    0.14   0.43      0.43
60  0.42590389 0.058951126    0.28   0.33      0.39
61  0.16625426 0.158535988    0.05   0.43      0.52
62  0.17440410 0.113421899    0.13   0.44      0.43
63  0.31643172 0.175611476    0.08   0.24      0.68
64  0.42911904 0.062038859    0.16   0.24      0.60
65  0.53634776 0.106985260    0.06   0.27      0.67
66  0.37869671 0.024476395    0.43   0.15      0.42
67  0.42487499 0.041817712    0.28   0.29      0.43
68  0.50240327 0.041113183    0.21   0.18      0.61
69  0.32052994 0.146035220    0.06   0.38      0.56
70  0.24103314 0.187447414    0.05   0.34      0.61
71  0.34604050 0.178498630    0.04   0.32      0.64
72  0.35646026 0.175341625    0.03   0.34      0.63
73  0.60396487 0.036866641    0.23   0.14      0.63
74  0.22532981 0.002760781    0.75   0.03      0.22
75  0.08356574 0.085557082    0.25   0.43      0.32
76  0.50138126 0.116947404    0.13   0.27      0.60
77  0.10981012 0.177673562    0.03   0.31      0.66
78  0.19711796 0.116517793    0.14   0.37      0.49
79  0.14135959 0.187067138    0.05   0.41      0.54
80  0.32746148 0.085735289    0.16   0.32      0.52
81  0.14688817 0.004096878    0.69   0.11      0.20
82  0.30852347 0.074107735    0.23   0.29      0.48
83  0.52007804 0.160112830    0.04   0.29      0.67
84  0.26070396 0.108423864    0.11   0.35      0.54
85  0.29038391 0.024612681    0.54   0.20      0.26
86  0.64365499 0.026726175    0.22   0.11      0.67
87  0.29396621 0.063495901    0.30   0.37      0.33
88  0.31538088 0.043672229    0.31   0.27      0.42
89  0.60143792 0.014308594    0.31   0.07      0.62
90  0.36446758 0.139525146    0.06   0.35      0.59
91  0.03960860 0.211780027    0.02   0.36      0.62
92  0.20913210 0.040954440    0.49   0.22      0.29
93  0.43558988 0.073299745    0.21   0.24      0.55
94  0.14651734 0.013892755    0.60   0.15      0.25
95  0.28445192 0.127919194    0.09   0.38      0.53
96  0.11832394 0.156679091    0.06   0.38      0.56
97  0.01618018 0.227500559    0.03   0.39      0.58
98  0.53192900 0.101834716    0.09   0.29      0.62
99  0.24345746 0.131091566    0.08   0.35      0.57
100 0.51341965 0.049351903    0.23   0.23      0.54
