     prob.meio   prob.mito euploid mosaic aneuploid
1   0.42492593 0.048695410    0.30   0.27      0.43
2   0.34931785 0.114564085    0.14   0.30      0.56
3   0.64774033 0.090269239    0.13   0.19      0.68
4   0.60953627 0.020855834    0.30   0.11      0.59
5   0.14777924 0.077868917    0.27   0.43      0.30
6   0.67199806 0.064680639    0.09   0.22      0.69
7   0.50834599 0.013023758    0.42   0.09      0.49
8   0.34704877 0.128828723    0.06   0.32      0.62
9   0.51627192 0.056424428    0.20   0.18      0.62
10  0.22260377 0.010525507    0.64   0.12      0.24
11  0.07626772 0.039409152    0.59   0.29      0.12
12  0.12013954 0.038664185    0.47   0.35      0.18
13  0.07503127 0.073976703    0.35   0.36      0.29
14  0.20636444 0.142674695    0.08   0.43      0.49
15  0.47321110 0.065446500    0.26   0.14      0.60
16  0.13875975 0.052861465    0.37   0.33      0.30
17  0.36688205 0.146829083    0.07   0.40      0.53
18  0.74842068 0.054245326    0.14   0.15      0.71
19  0.51095242 0.094079405    0.07   0.25      0.68
20  0.24460569 0.093796295    0.18   0.38      0.44
21  0.19984076 0.115410113    0.13   0.41      0.46
22  0.02874244 0.042389087    0.55   0.34      0.11
23  0.37420399 0.083614541    0.14   0.35      0.51
24  0.57546242 0.023217614    0.37   0.10      0.53
25  0.10790430 0.126854649    0.17   0.44      0.39
26  0.57719731 0.100812545    0.15   0.26      0.59
27  0.15044005 0.045980900    0.49   0.33      0.18
28  0.17433085 0.066574809    0.33   0.39      0.28
29  0.37572225 0.053484557    0.25   0.25      0.50
30  0.35308348 0.168740793    0.06   0.36      0.58
31  0.45528737 0.155007321    0.05   0.35      0.60
32  0.38432783 0.061901998    0.27   0.27      0.46
33  0.54939471 0.126863053    0.08   0.20      0.72
34  0.15171951 0.132179356    0.09   0.46      0.45
35  0.52807833 0.054313967    0.22   0.21      0.57
36  0.16802995 0.066750359    0.26   0.48      0.26
37  0.03365959 0.049328745    0.53   0.36      0.11
38  0.58439004 0.042306301    0.23   0.13      0.64
39  0.34940764 0.028907416    0.37   0.26      0.37
40  0.66983866 0.001563077    0.31   0.01      0.68
41  0.54457893 0.029377448    0.33   0.12      0.55
42  0.46469749 0.109423921    0.11   0.31      0.58
43  0.11708172 0.184369286    0.06   0.41      0.53
44  0.43653759 0.133610942    0.07   0.30      0.63
45  0.21401266 0.072413396    0.28   0.39      0.33
46  0.67707206 0.056178745    0.12   0.17      0.71
47  0.29071828 0.042905405    0.37   0.23      0.40
48  0.17820320 0.034032829    0.52   0.30      0.18
49  0.20614822 0.044609983    0.36   0.37      0.27
50  0.48648815 0.015246090    0.42   0.12      0.46
51  0.58936942 0.028349649    0.24   0.11      0.65
52  0.40110100 0.113048444    0.10   0.30      0.60
53  0.49823271 0.053885694    0.21   0.20      0.59
54  0.40176524 0.169937933    0.07   0.28      0.65
55  0.48196285 0.114165972    0.09   0.27      0.64
56  0.22539650 0.143917437    0.07   0.44      0.49
57  0.22056078 0.076217027    0.21   0.35      0.44
58  0.65970197 0.025225557    0.27   0.06      0.67
59  0.36414645 0.141856867    0.05   0.35      0.60
60  0.05921711 0.084153520    0.21   0.47      0.32
61  0.28129719 0.007345066    0.63   0.11      0.26
62  0.29588554 0.129375330    0.07   0.41      0.52
63  0.14095123 0.081193755    0.35   0.36      0.29
64  0.39231638 0.080689827    0.13   0.32      0.55
65  0.38944855 0.114706881    0.07   0.24      0.69
66  0.13758342 0.074691379    0.26   0.43      0.31
67  0.09339829 0.053659461    0.42   0.41      0.17
68  0.39944187 0.106512034    0.12   0.34      0.54
69  0.28861733 0.131862642    0.13   0.34      0.53
70  0.19105818 0.142099133    0.06   0.41      0.53
71  0.32456862 0.131184345    0.11   0.26      0.63
72  0.32029995 0.082534293    0.20   0.34      0.46
73  0.43445958 0.095522957    0.12   0.28      0.60
74  0.44730083 0.118811532    0.07   0.28      0.65
75  0.31307454 0.001115627    0.72   0.01      0.27
76  0.63321447 0.037884611    0.19   0.13      0.68
77  0.05077592 0.091912346    0.26   0.51      0.23
78  0.14039880 0.163842743    0.07   0.43      0.50
79  0.35515576 0.173916046    0.05   0.35      0.60
80  0.13271306 0.047599440    0.36   0.39      0.25
81  0.11260143 0.090860381    0.29   0.44      0.27
82  0.38387607 0.037742902    0.31   0.21      0.48
83  0.61490246 0.044690300    0.20   0.12      0.68
84  0.21686972 0.030534362    0.45   0.26      0.29
85  0.59963048 0.041643914    0.23   0.06      0.71
86  0.44567023 0.002753790    0.51   0.02      0.47
87  0.35254519 0.058673624    0.30   0.30      0.40
88  0.67149271 0.010346790    0.22   0.06      0.72
89  0.24311050 0.113564234    0.12   0.43      0.45
90  0.38114837 0.003379174    0.60   0.02      0.38
91  0.58353204 0.087464140    0.09   0.19      0.72
92  0.17968684 0.022144110    0.63   0.21      0.16
93  0.65402277 0.087727746    0.11   0.21      0.68
94  0.25370351 0.014335560    0.54   0.23      0.23
95  0.32906766 0.064478196    0.25   0.25      0.50
96  0.24722154 0.106663717    0.10   0.48      0.42
97  0.42404539 0.032365638    0.42   0.19      0.39
98  0.02307085 0.152020731    0.09   0.49      0.42
99  0.09183018 0.011807671    0.69   0.17      0.14
100 0.43840038 0.070029062    0.33   0.23      0.44
