      prob.meio   prob.mito euploid mosaic aneuploid
1   0.409802207 0.087507098    0.15   0.24      0.61
2   0.589501701 0.083193621    0.11   0.19      0.70
3   0.008265893 0.051291382    0.40   0.49      0.11
4   0.084968055 0.145479679    0.10   0.44      0.46
5   0.398320061 0.013919499    0.38   0.17      0.45
6   0.340578306 0.071574415    0.19   0.26      0.55
7   0.190969800 0.049391489    0.36   0.39      0.25
8   0.198923568 0.009697736    0.70   0.10      0.20
9   0.694753024 0.035008306    0.20   0.10      0.70
10  0.084724598 0.062233726    0.38   0.40      0.22
11  0.541160374 0.061243218    0.10   0.30      0.60
12  0.469766888 0.044470627    0.23   0.27      0.50
13  0.336495913 0.047326578    0.27   0.26      0.47
14  0.052417726 0.110782281    0.14   0.50      0.36
15  0.583157088 0.141518323    0.08   0.21      0.71
16  0.357385009 0.147482790    0.06   0.26      0.68
17  0.761253503 0.023305646    0.20   0.09      0.71
18  0.678835171 0.041820645    0.20   0.12      0.68
19  0.528351732 0.030814210    0.30   0.18      0.52
20  0.590546111 0.075673133    0.12   0.28      0.60
21  0.637777387 0.043667674    0.23   0.16      0.61
22  0.108535666 0.023292856    0.65   0.23      0.12
23  0.534908201 0.003302871    0.48   0.03      0.49
24  0.764422046 0.003806719    0.21   0.05      0.74
25  0.596367629 0.108991403    0.12   0.15      0.73
26  0.358518921 0.083556302    0.20   0.30      0.50
27  0.763565082 0.055004119    0.16   0.11      0.73
28  0.684093546 0.120426212    0.08   0.21      0.71
29  0.151835577 0.127467712    0.10   0.36      0.54
30  0.079202160 0.092762714    0.21   0.51      0.28
31  0.540285326 0.109852076    0.07   0.21      0.72
32  0.388263353 0.095426992    0.13   0.32      0.55
33  0.435917406 0.020517463    0.46   0.22      0.32
34  0.446775090 0.025829703    0.40   0.18      0.42
35  0.314097171 0.050761429    0.34   0.28      0.38
36  0.091500057 0.124261253    0.11   0.50      0.39
37  0.237459235 0.189196134    0.04   0.39      0.57
38  0.357291803 0.044472368    0.28   0.24      0.48
39  0.212436886 0.192965130    0.04   0.37      0.59
40  0.375262859 0.120348420    0.15   0.24      0.61
41  0.314470286 0.014624667    0.58   0.13      0.29
42  0.525576740 0.065730282    0.19   0.21      0.60
43  0.176382452 0.086679207    0.17   0.43      0.40
44  0.275217954 0.035425668    0.46   0.23      0.31
45  0.487176456 0.001351174    0.40   0.02      0.58
46  0.671305623 0.035630727    0.18   0.16      0.66
47  0.685924415 0.057174331    0.15   0.13      0.72
48  0.542682199 0.035954816    0.22   0.20      0.58
49  0.513887029 0.099210419    0.08   0.21      0.71
50  0.474751324 0.151344471    0.08   0.24      0.68
51  0.415835037 0.054131108    0.26   0.30      0.44
52  0.272158670 0.078529346    0.23   0.40      0.37
53  0.305644749 0.059007575    0.31   0.34      0.35
54  0.538479238 0.080948157    0.15   0.23      0.62
55  0.255899563 0.193983807    0.04   0.32      0.64
56  0.615878162 0.055729549    0.10   0.26      0.64
57  0.395422753 0.068032754    0.25   0.23      0.52
58  0.058396329 0.048216120    0.53   0.26      0.21
59  0.211354232 0.136555840    0.06   0.44      0.50
60  0.201402864 0.073550980    0.20   0.46      0.34
61  0.067857941 0.068993103    0.38   0.38      0.24
62  0.735983281 0.007427820    0.24   0.03      0.73
63  0.283227740 0.089068285    0.18   0.33      0.49
64  0.614789774 0.087497447    0.12   0.15      0.73
65  0.050004161 0.101870393    0.22   0.51      0.27
66  0.312009831 0.179171385    0.04   0.37      0.59
67  0.654964961 0.020541536    0.26   0.11      0.63
68  0.143672050 0.170288447    0.03   0.38      0.59
69  0.428440205 0.015108838    0.43   0.10      0.47
70  0.700934724 0.012027861    0.27   0.08      0.65
71  0.218592383 0.172894340    0.06   0.35      0.59
72  0.065144027 0.055976684    0.35   0.44      0.21
73  0.143770415 0.116458027    0.13   0.44      0.43
74  0.776452091 0.066949130    0.14   0.11      0.75
75  0.429744106 0.141695914    0.04   0.29      0.67
76  0.593499726 0.001336834    0.30   0.01      0.69
77  0.558698096 0.038756044    0.19   0.21      0.60
78  0.739184939 0.022001049    0.21   0.07      0.72
79  0.589412652 0.028496600    0.18   0.18      0.64
80  0.439289124 0.021753323    0.37   0.14      0.49
81  0.703899255 0.094010863    0.10   0.15      0.75
82  0.402944066 0.038538543    0.28   0.23      0.49
83  0.282601493 0.100353272    0.15   0.39      0.46
84  0.358777772 0.014181949    0.60   0.07      0.33
85  0.317946521 0.112833247    0.12   0.38      0.50
86  0.435858415 0.054318975    0.21   0.24      0.55
87  0.413130697 0.165978030    0.03   0.35      0.62
88  0.217729439 0.010498751    0.68   0.09      0.23
89  0.400543028 0.129537311    0.06   0.38      0.56
90  0.429522336 0.106181308    0.10   0.35      0.55
91  0.366009512 0.149913608    0.06   0.30      0.64
92  0.546643239 0.069837029    0.19   0.20      0.61
93  0.555420750 0.136756430    0.05   0.25      0.70
94  0.649275939 0.060868253    0.09   0.20      0.71
95  0.267382419 0.028859952    0.56   0.18      0.26
96  0.073153690 0.213478341    0.03   0.38      0.59
97  0.288244847 0.064395368    0.20   0.37      0.43
98  0.380619050 0.118123970    0.09   0.35      0.56
99  0.231103631 0.010029551    0.61   0.17      0.22
100 0.081941245 0.126942017    0.12   0.43      0.45
