     prob.meio   prob.mito euploid mosaic aneuploid
1   0.39854408 0.146251535    0.04   0.33      0.63
2   0.30055859 0.023639848    0.48   0.22      0.30
3   0.26025926 0.035799324    0.40   0.27      0.33
4   0.30471049 0.027796168    0.43   0.25      0.32
5   0.38373858 0.020188886    0.47   0.17      0.36
6   0.07215477 0.075541949    0.30   0.46      0.24
7   0.14408646 0.035972775    0.49   0.32      0.19
8   0.55412599 0.028641493    0.29   0.20      0.51
9   0.05008966 0.031301377    0.58   0.33      0.09
10  0.48821720 0.056521030    0.21   0.21      0.58
11  0.42911390 0.042635227    0.26   0.19      0.55
12  0.21120214 0.033341579    0.52   0.27      0.21
13  0.49941017 0.127610812    0.04   0.32      0.64
14  0.13745019 0.132289520    0.15   0.46      0.39
15  0.57224583 0.010167500    0.44   0.05      0.51
16  0.46571999 0.011417457    0.39   0.16      0.45
17  0.34053044 0.097134667    0.24   0.26      0.50
18  0.28906936 0.112013371    0.11   0.40      0.49
19  0.05402237 0.067094929    0.26   0.49      0.25
20  0.25572909 0.158496899    0.08   0.43      0.49
21  0.25557315 0.132786092    0.11   0.41      0.48
22  0.36359142 0.093338108    0.18   0.32      0.50
23  0.21899851 0.092158512    0.22   0.38      0.40
24  0.23839579 0.059304468    0.28   0.42      0.30
25  0.34736558 0.132551341    0.07   0.35      0.58
26  0.54058425 0.021989155    0.37   0.08      0.55
27  0.47524120 0.091026263    0.07   0.29      0.64
28  0.65983514 0.006513776    0.32   0.02      0.66
29  0.32178497 0.001546675    0.66   0.01      0.33
30  0.48892121 0.044597855    0.25   0.19      0.56
31  0.46447201 0.041625137    0.27   0.23      0.50
32  0.72755899 0.015165131    0.28   0.05      0.67
33  0.33243393 0.045360889    0.25   0.30      0.45
34  0.27076415 0.023936100    0.41   0.23      0.36
35  0.12778582 0.165103242    0.09   0.35      0.56
36  0.48192742 0.026014207    0.38   0.20      0.42
37  0.17851193 0.154978930    0.09   0.35      0.56
38  0.10926575 0.099205802    0.29   0.44      0.27
39  0.31467535 0.115218859    0.11   0.35      0.54
40  0.05662638 0.175108647    0.05   0.44      0.51
41  0.49357904 0.051623430    0.28   0.24      0.48
42  0.51736041 0.099392819    0.13   0.27      0.60
43  0.18605399 0.138536978    0.12   0.51      0.37
44  0.16621142 0.143054230    0.09   0.36      0.55
45  0.45385495 0.155012269    0.04   0.34      0.62
46  0.39946127 0.153837045    0.05   0.31      0.64
47  0.58035661 0.084391706    0.14   0.17      0.69
48  0.47247835 0.115724155    0.11   0.26      0.63
49  0.20744210 0.102095439    0.19   0.42      0.39
50  0.39281613 0.121497437    0.11   0.37      0.52
51  0.36219731 0.067089122    0.23   0.31      0.46
52  0.22361705 0.056892854    0.33   0.32      0.35
53  0.23562928 0.094750623    0.13   0.34      0.53
54  0.22457316 0.140904242    0.08   0.26      0.66
55  0.17310550 0.031333882    0.49   0.34      0.17
56  0.30586147 0.141479592    0.10   0.28      0.62
57  0.65120710 0.083355526    0.07   0.21      0.72
58  0.12765014 0.040431150    0.42   0.36      0.22
59  0.47557402 0.115199249    0.08   0.36      0.56
60  0.27159276 0.059360402    0.32   0.36      0.32
61  0.17515943 0.089734619    0.22   0.42      0.36
62  0.23733047 0.069612349    0.26   0.32      0.42
63  0.21617073 0.155590004    0.10   0.36      0.54
64  0.41280613 0.066213896    0.14   0.39      0.47
65  0.20700272 0.191582263    0.03   0.36      0.61
66  0.65493274 0.060603462    0.17   0.15      0.68
67  0.42075701 0.078745441    0.17   0.28      0.55
68  0.39371171 0.010504071    0.51   0.17      0.32
69  0.13963195 0.066789772    0.30   0.42      0.28
70  0.48063920 0.114597311    0.10   0.19      0.71
71  0.03245297 0.191130360    0.06   0.37      0.57
72  0.33068052 0.034074109    0.41   0.22      0.37
73  0.46440889 0.066680046    0.21   0.23      0.56
74  0.60233960 0.031728172    0.23   0.09      0.68
75  0.57575961 0.029259882    0.28   0.09      0.63
76  0.29055329 0.059870895    0.33   0.39      0.28
77  0.41827878 0.027138066    0.40   0.12      0.48
78  0.29363651 0.198693292    0.05   0.28      0.67
79  0.12607962 0.170786953    0.07   0.47      0.46
80  0.18036859 0.056211391    0.40   0.32      0.28
81  0.66075631 0.037309176    0.20   0.06      0.74
82  0.64323536 0.008279663    0.25   0.08      0.67
83  0.03898773 0.129361012    0.13   0.53      0.34
84  0.26211057 0.181519224    0.03   0.37      0.60
85  0.30164693 0.153585532    0.07   0.32      0.61
86  0.40185300 0.132251222    0.07   0.25      0.68
87  0.20220475 0.102196116    0.19   0.38      0.43
88  0.47532643 0.045487292    0.24   0.21      0.55
89  0.69583826 0.096400688    0.14   0.19      0.67
90  0.02301561 0.187979245    0.07   0.43      0.50
91  0.30831382 0.146665436    0.06   0.33      0.61
92  0.19652116 0.150490588    0.07   0.38      0.55
93  0.07180886 0.025916316    0.50   0.38      0.12
94  0.46266835 0.066875658    0.17   0.30      0.53
95  0.70659167 0.042769219    0.16   0.18      0.66
96  0.51828083 0.008540831    0.33   0.07      0.60
97  0.06123909 0.136582196    0.11   0.46      0.43
98  0.45815997 0.078978886    0.23   0.24      0.53
99  0.40163290 0.050287760    0.26   0.23      0.51
100 0.53878515 0.082112262    0.16   0.29      0.55
