     prob.meio   prob.mito euploid mosaic aneuploid
1   0.16319308 0.018417181    0.70   0.11      0.19
2   0.67397574 0.020061608    0.23   0.12      0.65
3   0.24080619 0.071355468    0.29   0.34      0.37
4   0.18249219 0.039773609    0.49   0.30      0.21
5   0.20658867 0.172645106    0.04   0.44      0.52
6   0.22019508 0.152611633    0.06   0.45      0.49
7   0.09787594 0.177584814    0.04   0.40      0.56
8   0.57824841 0.113977500    0.08   0.28      0.64
9   0.52310248 0.130874905    0.07   0.27      0.66
10  0.65463154 0.060451209    0.18   0.16      0.66
11  0.64061955 0.059465609    0.19   0.18      0.63
12  0.13433696 0.196382397    0.10   0.37      0.53
13  0.24072225 0.024717116    0.49   0.22      0.29
14  0.28449431 0.146532665    0.07   0.39      0.54
15  0.24596823 0.117361966    0.14   0.43      0.43
16  0.35089574 0.129683117    0.10   0.33      0.57
17  0.44571497 0.006560554    0.51   0.07      0.42
18  0.48786606 0.099305302    0.15   0.22      0.63
19  0.27036910 0.144685810    0.07   0.38      0.55
20  0.56737759 0.061588865    0.15   0.20      0.65
21  0.17852359 0.117432587    0.08   0.45      0.47
22  0.30679254 0.009647040    0.59   0.12      0.29
23  0.36024620 0.079411835    0.26   0.29      0.45
24  0.41998035 0.061152119    0.23   0.30      0.47
25  0.22061899 0.060166107    0.37   0.30      0.33
26  0.24301839 0.173699053    0.07   0.32      0.61
27  0.56470952 0.148189564    0.02   0.32      0.66
28  0.56755206 0.181115021    0.02   0.35      0.63
29  0.36733987 0.140357480    0.10   0.23      0.67
30  0.10024086 0.013744030    0.67   0.16      0.17
31  0.32342688 0.089646948    0.19   0.37      0.44
32  0.52271479 0.056802328    0.25   0.22      0.53
33  0.37356779 0.013495586    0.40   0.07      0.53
34  0.34257821 0.013259600    0.53   0.08      0.39
35  0.59767603 0.087326197    0.11   0.27      0.62
36  0.27827093 0.021799735    0.60   0.15      0.25
37  0.29698346 0.214461191    0.00   0.38      0.62
38  0.53019139 0.076280971    0.11   0.21      0.68
39  0.41518333 0.027671874    0.45   0.14      0.41
40  0.25390599 0.061816093    0.24   0.33      0.43
41  0.07333298 0.147168678    0.11   0.43      0.46
42  0.28464500 0.203959209    0.04   0.35      0.61
43  0.58179672 0.095103138    0.19   0.26      0.55
44  0.24604399 0.040561132    0.35   0.27      0.38
45  0.46197901 0.107593438    0.11   0.27      0.62
46  0.33158917 0.095518457    0.25   0.28      0.47
47  0.54498368 0.113927880    0.06   0.25      0.69
48  0.58250493 0.020662371    0.27   0.11      0.62
49  0.37011409 0.007857289    0.64   0.08      0.28
50  0.30152339 0.081424075    0.28   0.29      0.43
51  0.48273033 0.039543338    0.25   0.17      0.58
52  0.50081973 0.112439418    0.08   0.29      0.63
53  0.44966093 0.136855327    0.06   0.36      0.58
54  0.40419741 0.127500125    0.09   0.32      0.59
55  0.34354056 0.132072518    0.08   0.34      0.58
56  0.47961363 0.138942055    0.02   0.31      0.67
57  0.01816306 0.151163974    0.10   0.44      0.46
58  0.20581215 0.011260769    0.65   0.14      0.21
59  0.25887306 0.081773281    0.20   0.34      0.46
60  0.38762887 0.115016392    0.11   0.29      0.60
61  0.14123600 0.199530541    0.02   0.43      0.55
62  0.30712052 0.005067781    0.67   0.04      0.29
63  0.41408311 0.024532206    0.39   0.21      0.40
64  0.41220697 0.183245105    0.03   0.31      0.66
65  0.32674056 0.181832710    0.04   0.31      0.65
66  0.16006452 0.102136416    0.22   0.36      0.42
67  0.47349247 0.125821016    0.13   0.22      0.65
68  0.46818848 0.144880302    0.08   0.27      0.65
69  0.19341989 0.096827378    0.16   0.41      0.43
70  0.24904798 0.136345622    0.10   0.38      0.52
71  0.05468157 0.166456035    0.05   0.43      0.52
72  0.46938629 0.132712551    0.07   0.30      0.63
73  0.59010645 0.077153072    0.14   0.26      0.60
74  0.55119532 0.001656851    0.51   0.02      0.47
75  0.55189669 0.052212839    0.26   0.19      0.55
76  0.27762225 0.097681049    0.16   0.35      0.49
77  0.22916635 0.127320373    0.10   0.43      0.47
78  0.49063530 0.004804703    0.36   0.05      0.59
79  0.10355773 0.253152349    0.01   0.36      0.63
80  0.13767586 0.233261442    0.02   0.31      0.67
81  0.14555587 0.102262920    0.17   0.44      0.39
82  0.11522797 0.174781143    0.03   0.42      0.55
83  0.41058608 0.177418882    0.03   0.32      0.65
84  0.47816033 0.168208714    0.06   0.28      0.66
85  0.21256376 0.211834063    0.04   0.31      0.65
86  0.08560283 0.123131097    0.10   0.46      0.44
87  0.47239848 0.013319580    0.45   0.08      0.47
88  0.11931562 0.191758812    0.02   0.36      0.62
89  0.13025340 0.074272897    0.36   0.33      0.31
90  0.38650804 0.192021293    0.00   0.38      0.62
91  0.14332196 0.025642078    0.48   0.29      0.23
92  0.63053954 0.022327915    0.26   0.12      0.62
93  0.54479749 0.073599455    0.23   0.22      0.55
94  0.26977864 0.094509054    0.25   0.32      0.43
95  0.58282116 0.099150672    0.13   0.22      0.65
96  0.32618923 0.164742063    0.03   0.32      0.65
97  0.21049716 0.194294087    0.03   0.35      0.62
98  0.38048733 0.058223587    0.28   0.28      0.44
99  0.38767193 0.076532024    0.16   0.36      0.48
100 0.44058678 0.077623475    0.23   0.21      0.56
