      prob.meio   prob.mito euploid mosaic aneuploid
1   0.156970638 0.225254513    0.04   0.43      0.53
2   0.314316802 0.008491241    0.59   0.06      0.35
3   0.192147938 0.058781955    0.33   0.35      0.32
4   0.267209801 0.090376875    0.22   0.38      0.40
5   0.280318106 0.081048430    0.28   0.36      0.36
6   0.326653079 0.124431769    0.07   0.31      0.62
7   0.590976620 0.132047766    0.06   0.26      0.68
8   0.115247194 0.158983058    0.06   0.42      0.52
9   0.343865054 0.045723856    0.35   0.23      0.42
10  0.676837303 0.062707362    0.23   0.14      0.63
11  0.050877618 0.226753937    0.03   0.36      0.61
12  0.266303386 0.065117063    0.28   0.36      0.36
13  0.236332854 0.160341101    0.06   0.34      0.60
14  0.423965424 0.139101505    0.06   0.28      0.66
15  0.089218430 0.121057055    0.13   0.43      0.44
16  0.475538433 0.165419912    0.03   0.28      0.69
17  0.403226700 0.095522026    0.18   0.33      0.49
18  0.484395958 0.108879734    0.08   0.27      0.65
19  0.281293773 0.033671330    0.42   0.24      0.34
20  0.239141054 0.179791365    0.02   0.38      0.60
21  0.042574534 0.262302670    0.01   0.34      0.65
22  0.523120005 0.065907367    0.18   0.23      0.59
23  0.333559980 0.129322963    0.08   0.31      0.61
24  0.577040323 0.030843273    0.26   0.07      0.67
25  0.316784864 0.049943090    0.35   0.26      0.39
26  0.478019679 0.116120058    0.08   0.26      0.66
27  0.300749870 0.119883522    0.06   0.35      0.59
28  0.442875276 0.209172222    0.02   0.30      0.68
29  0.372250583 0.091554265    0.13   0.29      0.58
30  0.570247497 0.029697896    0.21   0.20      0.59
31  0.522465255 0.022636116    0.35   0.10      0.55
32  0.141194928 0.015332485    0.63   0.17      0.20
33  0.037623075 0.183285302    0.08   0.45      0.47
34  0.182007215 0.082192908    0.19   0.44      0.37
35  0.327097808 0.036756387    0.42   0.23      0.35
36  0.494829473 0.154396854    0.02   0.34      0.64
37  0.215660600 0.221724463    0.01   0.34      0.65
38  0.556761626 0.160467627    0.09   0.27      0.64
39  0.298927326 0.108958287    0.14   0.41      0.45
40  0.653166471 0.109306775    0.04   0.29      0.67
41  0.083760445 0.210250343    0.02   0.42      0.56
42  0.419713162 0.088617538    0.17   0.30      0.53
43  0.343722274 0.160557992    0.04   0.37      0.59
44  0.456736474 0.006511878    0.47   0.02      0.51
45  0.112255551 0.141385813    0.06   0.46      0.48
46  0.279940927 0.142714289    0.08   0.42      0.50
47  0.494465254 0.124628162    0.05   0.29      0.66
48  0.434730923 0.073005121    0.20   0.28      0.52
49  0.562502669 0.106414479    0.10   0.27      0.63
50  0.252209759 0.082176659    0.25   0.30      0.45
51  0.352515153 0.091592540    0.13   0.37      0.50
52  0.330012981 0.053859244    0.42   0.31      0.27
53  0.599017374 0.004720871    0.38   0.04      0.58
54  0.354723332 0.005400109    0.63   0.07      0.30
55  0.328256643 0.039781056    0.36   0.28      0.36
56  0.115750890 0.104937886    0.16   0.46      0.38
57  0.612124541 0.056925756    0.17   0.13      0.70
58  0.362843893 0.095704931    0.15   0.28      0.57
59  0.745764212 0.055481448    0.12   0.17      0.71
60  0.444762573 0.059094893    0.23   0.19      0.58
61  0.276798056 0.153150797    0.05   0.30      0.65
62  0.346306169 0.189633305    0.01   0.32      0.67
63  0.223859100 0.108202764    0.13   0.44      0.43
64  0.183460914 0.156584316    0.06   0.46      0.48
65  0.462172509 0.076905068    0.19   0.21      0.60
66  0.049983858 0.198760361    0.00   0.42      0.58
67  0.407337976 0.113380496    0.09   0.37      0.54
68  0.343020597 0.122775499    0.09   0.41      0.50
69  0.673690851 0.067586157    0.12   0.24      0.64
70  0.189535747 0.119563329    0.12   0.42      0.46
71  0.414150336 0.169970243    0.03   0.33      0.64
72  0.165497152 0.024015558    0.59   0.21      0.20
73  0.489391054 0.163324226    0.02   0.31      0.67
74  0.519253770 0.083420913    0.19   0.25      0.56
75  0.309641001 0.067540337    0.31   0.39      0.30
76  0.440639399 0.059849041    0.27   0.17      0.56
77  0.356757954 0.101774488    0.13   0.27      0.60
78  0.641154510 0.057469511    0.14   0.22      0.64
79  0.380577235 0.062337996    0.31   0.24      0.45
80  0.461875991 0.067249015    0.20   0.29      0.51
81  0.092043419 0.158558381    0.07   0.44      0.49
82  0.002239161 0.187424114    0.04   0.37      0.59
83  0.027547864 0.162485913    0.10   0.34      0.56
84  0.444445400 0.025596244    0.33   0.15      0.52
85  0.153625440 0.087418526    0.23   0.45      0.32
86  0.348399658 0.140983412    0.05   0.38      0.57
87  0.647616161 0.045732654    0.17   0.14      0.69
88  0.267155774 0.055645516    0.28   0.43      0.29
89  0.145421677 0.023641565    0.52   0.25      0.23
90  0.267720642 0.192140831    0.01   0.39      0.60
91  0.096224807 0.037784047    0.54   0.28      0.18
92  0.095289255 0.239375064    0.01   0.36      0.63
93  0.180058072 0.209414426    0.05   0.30      0.65
94  0.379197127 0.067270027    0.23   0.25      0.52
95  0.420848982 0.078154049    0.15   0.28      0.57
96  0.420237055 0.058220224    0.23   0.27      0.50
97  0.215965887 0.131286529    0.11   0.41      0.48
98  0.436759748 0.108383726    0.09   0.32      0.59
99  0.273705675 0.144644243    0.06   0.36      0.58
100 0.311752731 0.069957328    0.30   0.27      0.43
