      prob.meio   prob.mito euploid mosaic aneuploid
1   0.355529286 0.047681603    0.26   0.24      0.50
2   0.029164837 0.037699576    0.53   0.37      0.10
3   0.248092947 0.090040941    0.19   0.36      0.45
4   0.128257625 0.179629660    0.05   0.34      0.61
5   0.432628692 0.085342393    0.13   0.26      0.61
6   0.394484540 0.128109460    0.08   0.32      0.60
7   0.188929955 0.063245757    0.26   0.40      0.34
8   0.256813263 0.138317348    0.11   0.40      0.49
9   0.226277545 0.003563179    0.72   0.04      0.24
10  0.464838929 0.120960625    0.09   0.32      0.59
11  0.355261823 0.056776905    0.25   0.34      0.41
12  0.662699711 0.044968256    0.18   0.16      0.66
13  0.512320328 0.074158496    0.15   0.19      0.66
14  0.256676282 0.138514679    0.09   0.40      0.51
15  0.316480728 0.091586061    0.21   0.36      0.43
16  0.010117989 0.246718868    0.02   0.34      0.64
17  0.020315234 0.055667022    0.39   0.44      0.17
18  0.433666245 0.193934968    0.03   0.30      0.67
19  0.465159637 0.096942361    0.13   0.29      0.58
20  0.445811560 0.067693558    0.19   0.21      0.60
21  0.583424823 0.145438721    0.11   0.20      0.69
22  0.424966137 0.014649014    0.43   0.08      0.49
23  0.321822310 0.085392215    0.17   0.39      0.44
24  0.006743337 0.075258680    0.25   0.51      0.24
25  0.587608331 0.003819045    0.45   0.01      0.54
26  0.059750281 0.083655055    0.18   0.49      0.33
27  0.102610569 0.194805360    0.02   0.34      0.64
28  0.454260946 0.004516336    0.53   0.02      0.45
29  0.298717632 0.118761965    0.08   0.36      0.56
30  0.253416926 0.118304237    0.13   0.43      0.44
31  0.426246491 0.119315382    0.06   0.24      0.70
32  0.476163891 0.006155951    0.33   0.06      0.61
33  0.212591481 0.147191216    0.02   0.40      0.58
34  0.232925165 0.020032840    0.60   0.19      0.21
35  0.149158632 0.144950869    0.13   0.32      0.55
36  0.057994260 0.087084424    0.22   0.50      0.28
37  0.446186555 0.162916825    0.05   0.22      0.73
38  0.031109821 0.146642896    0.12   0.49      0.39
39  0.001641643 0.156859454    0.08   0.50      0.42
40  0.026706492 0.204577706    0.05   0.44      0.51
41  0.439056117 0.038939607    0.27   0.27      0.46
42  0.048920712 0.147220931    0.12   0.46      0.42
43  0.658400961 0.014895363    0.24   0.08      0.68
44  0.053778927 0.216941145    0.03   0.38      0.59
45  0.299580175 0.055117196    0.32   0.27      0.41
46  0.367997907 0.062364129    0.25   0.30      0.45
47  0.351437561 0.142503486    0.05   0.37      0.58
48  0.208291766 0.052746159    0.38   0.32      0.30
49  0.381888020 0.094099402    0.14   0.38      0.48
50  0.195246799 0.026602887    0.60   0.19      0.21
51  0.031853121 0.101515294    0.15   0.54      0.31
52  0.382319752 0.179164889    0.06   0.33      0.61
53  0.273589042 0.172888133    0.05   0.37      0.58
54  0.456574049 0.170103422    0.03   0.37      0.60
55  0.398881518 0.109917044    0.10   0.39      0.51
56  0.350135562 0.181472749    0.03   0.29      0.68
57  0.513094920 0.037467089    0.25   0.18      0.57
58  0.734346920 0.061494267    0.14   0.14      0.72
59  0.426451457 0.138899802    0.08   0.29      0.63
60  0.606984585 0.066453846    0.18   0.13      0.69
61  0.161483314 0.138188059    0.11   0.39      0.50
62  0.129307787 0.114029439    0.11   0.46      0.43
63  0.703847458 0.027390203    0.24   0.08      0.68
64  0.282366388 0.041840422    0.33   0.36      0.31
65  0.424162247 0.105641666    0.11   0.27      0.62
66  0.172805838 0.260030970    0.03   0.31      0.66
67  0.125505590 0.205513733    0.04   0.41      0.55
68  0.593362860 0.118945036    0.09   0.20      0.71
69  0.441254037 0.044374054    0.34   0.22      0.44
70  0.402658456 0.071109195    0.14   0.27      0.59
71  0.119656448 0.119072519    0.13   0.53      0.34
72  0.271689531 0.026693958    0.53   0.22      0.25
73  0.270605952 0.185632837    0.03   0.35      0.62
74  0.581239833 0.017551284    0.29   0.04      0.67
75  0.581986989 0.025657826    0.23   0.16      0.61
76  0.293596881 0.001985535    0.72   0.05      0.23
77  0.335162954 0.101270247    0.16   0.30      0.54
78  0.356935842 0.136807651    0.09   0.29      0.62
79  0.204627763 0.088989118    0.19   0.42      0.39
80  0.317717544 0.029980213    0.41   0.23      0.36
81  0.195742291 0.139322793    0.08   0.36      0.56
82  0.771913315 0.077346426    0.12   0.11      0.77
83  0.068586437 0.070413208    0.28   0.46      0.26
84  0.072425833 0.149207785    0.06   0.50      0.44
85  0.466484609 0.003087491    0.49   0.03      0.48
86  0.278346129 0.070724650    0.28   0.31      0.41
87  0.428422326 0.126484425    0.14   0.22      0.64
88  0.363417786 0.029557250    0.42   0.21      0.37
89  0.063714817 0.193104481    0.05   0.35      0.60
90  0.422835001 0.112184678    0.14   0.29      0.57
91  0.312191813 0.015516297    0.53   0.14      0.33
92  0.378042352 0.084984180    0.20   0.23      0.57
93  0.670146644 0.049305678    0.17   0.16      0.67
94  0.270066065 0.094519608    0.09   0.42      0.49
95  0.075329785 0.062127170    0.38   0.35      0.27
96  0.294282677 0.001346284    0.68   0.00      0.32
97  0.705427122 0.083609428    0.07   0.19      0.74
98  0.684209366 0.042548896    0.19   0.10      0.71
99  0.341122749 0.106138376    0.17   0.31      0.52
100 0.291037363 0.129150831    0.09   0.35      0.56
