      prob.meio    prob.mito euploid mosaic aneuploid
1   0.231026678 0.0558136597    0.40   0.29      0.31
2   0.242131167 0.1504278085    0.03   0.41      0.56
3   0.219542073 0.0219850510    0.54   0.15      0.31
4   0.037385338 0.1878343120    0.04   0.34      0.62
5   0.509355798 0.0115547124    0.42   0.08      0.50
6   0.161446640 0.1122798270    0.18   0.38      0.44
7   0.603233638 0.0356511637    0.19   0.18      0.63
8   0.193054823 0.1816516016    0.04   0.33      0.63
9   0.179073941 0.1967432161    0.05   0.38      0.57
10  0.389637249 0.0986160683    0.10   0.32      0.58
11  0.307892954 0.0137211017    0.56   0.10      0.34
12  0.239098696 0.1270870310    0.12   0.41      0.47
13  0.526267414 0.0413696989    0.27   0.15      0.58
14  0.227124580 0.1328693114    0.07   0.43      0.50
15  0.522216219 0.0515296501    0.22   0.25      0.53
16  0.337526035 0.2159967574    0.03   0.29      0.68
17  0.103288273 0.0554742438    0.41   0.34      0.25
18  0.080777213 0.0563465478    0.48   0.32      0.20
19  0.661372313 0.0005284415    0.38   0.00      0.62
20  0.253759627 0.2025964127    0.04   0.33      0.63
21  0.269537691 0.0263018187    0.53   0.16      0.31
22  0.302086885 0.1618092591    0.02   0.38      0.60
23  0.093858722 0.1875887029    0.00   0.37      0.63
24  0.203315579 0.0726661759    0.27   0.39      0.34
25  0.384327289 0.1399926604    0.04   0.32      0.64
26  0.426716347 0.0889637233    0.19   0.22      0.59
27  0.263365719 0.0624820734    0.29   0.36      0.35
28  0.109270161 0.0811833339    0.33   0.36      0.31
29  0.053743470 0.1870985564    0.06   0.31      0.63
30  0.402830102 0.0144327912    0.48   0.17      0.35
31  0.607182149 0.0021298681    0.38   0.02      0.60
32  0.580150371 0.0598780094    0.20   0.22      0.58
33  0.517628144 0.0495161624    0.20   0.21      0.59
34  0.524348767 0.0850080776    0.12   0.24      0.64
35  0.448555444 0.0920201926    0.18   0.32      0.50
36  0.211868614 0.0232560192    0.60   0.16      0.24
37  0.228692636 0.1527819880    0.10   0.38      0.52
38  0.491133716 0.1003167999    0.12   0.31      0.57
39  0.382788781 0.0831776203    0.22   0.24      0.54
40  0.214230323 0.2322063630    0.01   0.34      0.65
41  0.590782560 0.0090669419    0.40   0.12      0.48
42  0.403799020 0.0987459852    0.18   0.29      0.53
43  0.264584030 0.1010435463    0.19   0.37      0.44
44  0.347270823 0.0810069963    0.16   0.37      0.47
45  0.306360822 0.0784797180    0.20   0.36      0.44
46  0.115538752 0.0469816332    0.56   0.26      0.18
47  0.358076863 0.0221826201    0.44   0.17      0.39
48  0.438599244 0.1342088117    0.04   0.32      0.64
49  0.193502191 0.1544968183    0.05   0.42      0.53
50  0.481255491 0.0630738966    0.27   0.22      0.51
51  0.213004831 0.1355174705    0.09   0.45      0.46
52  0.076195196 0.1805028094    0.07   0.37      0.56
53  0.267852727 0.1537277664    0.08   0.38      0.54
54  0.549748783 0.1069752986    0.09   0.21      0.70
55  0.363736847 0.1164387995    0.10   0.41      0.49
56  0.251476878 0.1897424224    0.00   0.38      0.62
57  0.378966656 0.1550070662    0.06   0.35      0.59
58  0.510400714 0.0390647845    0.33   0.17      0.50
59  0.300929442 0.0482288129    0.33   0.31      0.36
60  0.341636747 0.0520502632    0.27   0.30      0.43
61  0.636697922 0.0684687905    0.20   0.12      0.68
62  0.601201503 0.1008908281    0.08   0.30      0.62
63  0.629891917 0.0575258220    0.15   0.16      0.69
64  0.202999151 0.0549430219    0.38   0.35      0.27
65  0.476433094 0.0728707854    0.15   0.30      0.55
66  0.552569323 0.0003057795    0.51   0.01      0.48
67  0.221657831 0.1053591829    0.10   0.45      0.45
68  0.028939313 0.2277944393    0.02   0.44      0.54
69  0.482369164 0.1440504470    0.06   0.28      0.66
70  0.700548031 0.1007052739    0.07   0.24      0.69
71  0.186489248 0.0702313276    0.32   0.29      0.39
72  0.144686938 0.1416319315    0.10   0.43      0.47
73  0.418684171 0.0966130740    0.17   0.33      0.50
74  0.284947422 0.1289709040    0.08   0.38      0.54
75  0.215862545 0.0041535569    0.69   0.09      0.22
76  0.296802368 0.1115797344    0.09   0.34      0.57
77  0.092505737 0.2168392309    0.02   0.42      0.56
78  0.053116810 0.0871715550    0.27   0.42      0.31
79  0.214117239 0.0511790900    0.34   0.39      0.27
80  0.589981436 0.1023687890    0.10   0.23      0.67
81  0.416891581 0.0512233849    0.26   0.27      0.47
82  0.324864089 0.2289239822    0.01   0.34      0.65
83  0.441510613 0.0343812197    0.33   0.22      0.45
84  0.387313402 0.0258408345    0.44   0.18      0.38
85  0.057002821 0.1815771256    0.02   0.43      0.55
86  0.614423552 0.0089964725    0.36   0.03      0.61
87  0.422401178 0.0360047095    0.36   0.19      0.45
88  0.249145337 0.1195986706    0.06   0.43      0.51
89  0.512881070 0.1021463538    0.07   0.32      0.61
90  0.530338817 0.0166809401    0.37   0.09      0.54
91  0.092099963 0.1822977557    0.04   0.44      0.52
92  0.157888286 0.2109927291    0.02   0.36      0.62
93  0.385691389 0.1092552580    0.16   0.25      0.59
94  0.552623840 0.0674100316    0.12   0.24      0.64
95  0.188465055 0.0697286665    0.38   0.33      0.29
96  0.264867795 0.0623499453    0.24   0.35      0.41
97  0.001101994 0.1350420134    0.10   0.46      0.44
98  0.196894642 0.0281202209    0.48   0.18      0.34
99  0.281194339 0.1638872568    0.08   0.33      0.59
100 0.405627469 0.0846641737    0.24   0.31      0.45
