       prob.meio   prob.mito euploid mosaic aneuploid
1   0.5180216567 0.002060028    0.43   0.01      0.56
2   0.1657691938 0.143738382    0.07   0.43      0.50
3   0.1914194042 0.149397593    0.05   0.52      0.43
4   0.3798288126 0.008968828    0.58   0.08      0.34
5   0.4162011782 0.026041762    0.42   0.11      0.47
6   0.1857913779 0.222686447    0.03   0.32      0.65
7   0.0990746724 0.146493139    0.09   0.48      0.43
8   0.4387640280 0.004508772    0.56   0.01      0.43
9   0.3687006668 0.018616894    0.55   0.17      0.28
10  0.2645155324 0.019943317    0.47   0.24      0.29
11  0.2361528038 0.153642997    0.05   0.46      0.49
12  0.0216891242 0.213303111    0.01   0.41      0.58
13  0.0014581860 0.238160567    0.04   0.34      0.62
14  0.5944684441 0.130164164    0.05   0.31      0.64
15  0.1339551534 0.089201716    0.26   0.34      0.40
16  0.2838964262 0.179467110    0.02   0.39      0.59
17  0.3562633104 0.044113558    0.29   0.32      0.39
18  0.0008483646 0.195862127    0.04   0.37      0.59
19  0.3390287156 0.152730337    0.06   0.37      0.57
20  0.4998223553 0.046487090    0.21   0.25      0.54
21  0.3936848657 0.058692265    0.26   0.29      0.45
22  0.6022867553 0.115037137    0.11   0.27      0.62
23  0.0256139946 0.052677935    0.39   0.41      0.20
24  0.0288580840 0.167657938    0.08   0.48      0.44
25  0.1131149591 0.170194396    0.10   0.39      0.51
26  0.1939864529 0.177009339    0.06   0.46      0.48
27  0.1775307951 0.015100946    0.59   0.19      0.22
28  0.0774731126 0.228394106    0.00   0.35      0.65
29  0.2453390795 0.019391301    0.44   0.25      0.31
30  0.2602417278 0.096271486    0.15   0.35      0.50
31  0.0565306181 0.127052696    0.14   0.56      0.30
32  0.3013003797 0.071699625    0.15   0.36      0.49
33  0.1128727177 0.182721674    0.03   0.38      0.59
34  0.2462819507 0.175142954    0.02   0.45      0.53
35  0.0786474221 0.147641985    0.08   0.52      0.40
36  0.5725797638 0.068727697    0.17   0.28      0.55
37  0.2313095902 0.049539958    0.30   0.28      0.42
38  0.2960044038 0.097993101    0.16   0.40      0.44
39  0.0611382551 0.210364610    0.01   0.48      0.51
40  0.5257890660 0.033009934    0.28   0.16      0.56
41  0.1125942855 0.093331996    0.20   0.48      0.32
42  0.3243368706 0.193910943    0.04   0.33      0.63
43  0.1868156870 0.193253137    0.03   0.33      0.64
44  0.3754682271 0.081865919    0.19   0.28      0.53
45  0.1911200944 0.052394323    0.35   0.34      0.31
46  0.4265839397 0.018489607    0.48   0.16      0.36
47  0.0604690786 0.195171827    0.01   0.40      0.59
48  0.6678242562 0.043622984    0.25   0.19      0.56
49  0.2434439354 0.106163084    0.16   0.47      0.37
50  0.4460763538 0.093578017    0.10   0.26      0.64
51  0.5596039903 0.079835129    0.15   0.19      0.66
52  0.4162589372 0.084133780    0.24   0.28      0.48
53  0.5568196787 0.088747637    0.13   0.23      0.64
54  0.4408218514 0.046706567    0.18   0.25      0.57
55  0.3660520602 0.019686822    0.50   0.16      0.34
56  0.4197376964 0.076996392    0.20   0.29      0.51
57  0.2096574721 0.053485138    0.35   0.32      0.33
58  0.0510310410 0.177566855    0.01   0.51      0.48
59  0.1211343925 0.141599743    0.10   0.45      0.45
60  0.2781665770 0.095571282    0.14   0.39      0.47
61  0.4224321709 0.054920511    0.22   0.33      0.45
62  0.0932772930 0.135163368    0.04   0.54      0.42
63  0.3340269225 0.145625913    0.07   0.34      0.59
64  0.2972075266 0.086852392    0.24   0.38      0.38
65  0.2288220855 0.151855086    0.04   0.41      0.55
66  0.2054258215 0.016339126    0.56   0.20      0.24
67  0.4297170774 0.149094200    0.07   0.31      0.62
68  0.1645580940 0.081239457    0.21   0.49      0.30
69  0.2873691684 0.140626109    0.07   0.38      0.55
70  0.0360124041 0.249209763    0.01   0.36      0.63
71  0.1629556492 0.202611352    0.02   0.38      0.60
72  0.1539846607 0.114348566    0.12   0.48      0.40
73  0.3957565005 0.112571843    0.16   0.29      0.55
74  0.1618250327 0.073192267    0.20   0.45      0.35
75  0.1426843568 0.206364422    0.01   0.44      0.55
76  0.0602189896 0.196717294    0.01   0.48      0.51
77  0.1540821416 0.166205755    0.06   0.47      0.47
78  0.3126366150 0.003614687    0.65   0.04      0.31
79  0.2620580404 0.039917963    0.45   0.26      0.29
80  0.4130830695 0.094884467    0.14   0.32      0.54
81  0.1829958290 0.170477889    0.03   0.39      0.58
82  0.4223409027 0.054335520    0.27   0.30      0.43
83  0.1538465994 0.188798317    0.03   0.33      0.64
84  0.3052713799 0.066429452    0.25   0.31      0.44
85  0.6161826570 0.029590083    0.24   0.13      0.63
86  0.5985846105 0.099575331    0.07   0.30      0.63
87  0.3496282704 0.126498173    0.07   0.39      0.54
88  0.0751951891 0.200545975    0.02   0.35      0.63
89  0.3141791257 0.118506180    0.11   0.36      0.53
90  0.6140795520 0.008298325    0.30   0.07      0.63
91  0.2962612151 0.072842688    0.27   0.42      0.31
92  0.3441013317 0.134895481    0.10   0.35      0.55
93  0.4887870499 0.106130306    0.10   0.29      0.61
94  0.2676156028 0.012176388    0.51   0.13      0.36
95  0.0589083431 0.194654396    0.05   0.32      0.63
96  0.4475557040 0.077799462    0.16   0.26      0.58
97  0.3134388840 0.136302622    0.09   0.38      0.53
98  0.3447481445 0.119212240    0.09   0.45      0.46
99  0.2435500443 0.062018986    0.26   0.40      0.34
100 0.4746363992 0.049868865    0.22   0.20      0.58
