     prob.meio    prob.mito euploid mosaic aneuploid
1   0.59220779 0.0359802071    0.23   0.15      0.62
2   0.15183856 0.2002994919    0.02   0.36      0.62
3   0.01039753 0.1358671470    0.14   0.44      0.42
4   0.34038191 0.1302374664    0.08   0.29      0.63
5   0.29755346 0.0097052515    0.64   0.08      0.28
6   0.45590132 0.0244915285    0.35   0.16      0.49
7   0.33518347 0.1028158462    0.15   0.33      0.52
8   0.33950528 0.0675748831    0.31   0.27      0.42
9   0.16921026 0.1765454053    0.02   0.43      0.55
10  0.42127801 0.0215273967    0.40   0.19      0.41
11  0.57191981 0.1409071423    0.07   0.23      0.70
12  0.10200247 0.2699513743    0.01   0.32      0.67
13  0.34002454 0.1503361654    0.08   0.28      0.64
14  0.24119954 0.0791997707    0.29   0.37      0.34
15  0.16125264 0.0121800788    0.66   0.19      0.15
16  0.22925279 0.2093290566    0.02   0.36      0.62
17  0.76045292 0.0269950773    0.20   0.14      0.66
18  0.48901078 0.0595459051    0.24   0.25      0.51
19  0.47121535 0.0682824659    0.17   0.22      0.61
20  0.36866762 0.0063053661    0.58   0.03      0.39
21  0.47037156 0.0194047294    0.32   0.17      0.51
22  0.37550005 0.0758453268    0.22   0.28      0.50
23  0.29976694 0.2280141735    0.02   0.32      0.66
24  0.09399493 0.2129211724    0.01   0.34      0.65
25  0.10404816 0.0743796402    0.35   0.39      0.26
26  0.36282642 0.0251361809    0.49   0.14      0.37
27  0.59504627 0.0553221216    0.18   0.13      0.69
28  0.41409749 0.1707576057    0.11   0.31      0.58
29  0.56991563 0.0570665328    0.10   0.27      0.63
30  0.57828925 0.0334884336    0.21   0.12      0.67
31  0.12752410 0.0443699858    0.46   0.32      0.22
32  0.47647672 0.0736205801    0.14   0.32      0.54
33  0.51784865 0.0177053942    0.39   0.14      0.47
34  0.08187128 0.1992627953    0.02   0.39      0.59
35  0.22670620 0.0307586861    0.47   0.28      0.25
36  0.36173952 0.0336761519    0.42   0.21      0.37
37  0.41045097 0.1908278647    0.03   0.33      0.64
38  0.30651355 0.0482726381    0.35   0.24      0.41
39  0.37551451 0.1810818736    0.03   0.29      0.68
40  0.67047527 0.0312606669    0.26   0.14      0.60
41  0.52401051 0.0116715999    0.43   0.07      0.50
42  0.49188747 0.0496583420    0.25   0.19      0.56
43  0.18283577 0.0193955025    0.59   0.22      0.19
44  0.21467879 0.1532932713    0.06   0.44      0.50
45  0.18422431 0.1019805546    0.17   0.43      0.40
46  0.34317427 0.1182462538    0.08   0.42      0.50
47  0.57840045 0.0789154833    0.12   0.18      0.70
48  0.31621377 0.0064371212    0.65   0.05      0.30
49  0.51907114 0.0300201930    0.34   0.15      0.51
50  0.26043208 0.0308051675    0.41   0.20      0.39
51  0.36480535 0.1517334052    0.04   0.33      0.63
52  0.22711084 0.0626653614    0.32   0.37      0.31
53  0.29374043 0.0129580672    0.52   0.17      0.31
54  0.46934650 0.0626466689    0.17   0.22      0.61
55  0.19075060 0.0155331092    0.62   0.18      0.20
56  0.53416311 0.1227017127    0.08   0.23      0.69
57  0.34895107 0.0792679628    0.19   0.34      0.47
58  0.17846941 0.0405247370    0.51   0.29      0.20
59  0.31771822 0.0602353418    0.19   0.35      0.46
60  0.19665778 0.1928309682    0.01   0.38      0.61
61  0.42629455 0.0407126460    0.27   0.18      0.55
62  0.09861290 0.2356139042    0.00   0.38      0.62
63  0.15151129 0.2259901173    0.02   0.32      0.66
64  0.60292228 0.0698826858    0.14   0.16      0.70
65  0.14690239 0.2042478770    0.03   0.37      0.60
66  0.09123964 0.1868537178    0.04   0.41      0.55
67  0.17054377 0.0534693236    0.35   0.28      0.37
68  0.28951758 0.1866235633    0.04   0.30      0.66
69  0.37148429 0.0447575061    0.35   0.21      0.44
70  0.68617811 0.0006507956    0.37   0.00      0.63
71  0.47859703 0.0883202734    0.16   0.22      0.62
72  0.41932987 0.0377930438    0.36   0.21      0.43
73  0.21304558 0.0352183683    0.41   0.26      0.33
74  0.55329298 0.0503983435    0.25   0.16      0.59
75  0.15327831 0.2140760678    0.04   0.28      0.68
76  0.09686694 0.1186614227    0.16   0.44      0.40
77  0.66943565 0.0712336686    0.09   0.21      0.70
78  0.35322092 0.0788833981    0.19   0.35      0.46
79  0.19826657 0.2106600967    0.02   0.31      0.67
80  0.54583848 0.0785897465    0.14   0.23      0.63
81  0.27090634 0.0441468849    0.29   0.40      0.31
82  0.36889425 0.1407165164    0.08   0.34      0.58
83  0.59165238 0.0459516381    0.22   0.14      0.64
84  0.47499345 0.0695759670    0.20   0.19      0.61
85  0.24902606 0.0190698430    0.56   0.18      0.26
86  0.45361290 0.0432473647    0.24   0.24      0.52
87  0.42576874 0.1971132574    0.03   0.32      0.65
88  0.35273724 0.0774882815    0.21   0.35      0.44
89  0.43216640 0.1626046123    0.04   0.30      0.66
90  0.12548796 0.1904014852    0.02   0.32      0.66
91  0.15817029 0.0311390802    0.58   0.25      0.17
92  0.59176308 0.0228365283    0.23   0.09      0.68
93  0.40448926 0.1586515959    0.08   0.28      0.64
94  0.35845880 0.1385464943    0.06   0.36      0.58
95  0.54820117 0.1271591268    0.07   0.25      0.68
96  0.03480891 0.1077123955    0.17   0.44      0.39
97  0.40568473 0.1223058263    0.10   0.24      0.66
98  0.50567175 0.0493710767    0.20   0.14      0.66
99  0.12980275 0.1984928339    0.02   0.30      0.68
100 0.26867051 0.1660127402    0.02   0.35      0.63
