      prob.meio   prob.mito euploid mosaic aneuploid
1   0.132920029 0.029548545    0.51   0.29      0.20
2   0.557067795 0.119108413    0.07   0.24      0.69
3   0.184451532 0.013172320    0.64   0.12      0.24
4   0.579143235 0.052458059    0.19   0.18      0.63
5   0.011368080 0.049180218    0.47   0.41      0.12
6   0.296016580 0.040111046    0.41   0.30      0.29
7   0.234799094 0.125712872    0.14   0.37      0.49
8   0.497543628 0.129592474    0.07   0.27      0.66
9   0.612635474 0.013443456    0.24   0.05      0.71
10  0.608734315 0.132284935    0.07   0.21      0.72
11  0.331979713 0.032207899    0.34   0.21      0.45
12  0.216377384 0.041939941    0.48   0.30      0.22
13  0.315925281 0.115564166    0.11   0.38      0.51
14  0.170772098 0.134504834    0.10   0.42      0.48
15  0.174484010 0.094841484    0.17   0.49      0.34
16  0.074829195 0.106883217    0.23   0.47      0.30
17  0.230327283 0.055379660    0.34   0.36      0.30
18  0.173535090 0.043768801    0.37   0.46      0.17
19  0.130924802 0.124067761    0.12   0.43      0.45
20  0.252399951 0.064508406    0.26   0.36      0.38
21  0.404929079 0.066475832    0.23   0.36      0.41
22  0.442001483 0.059591209    0.21   0.24      0.55
23  0.739552651 0.033598454    0.14   0.10      0.76
24  0.132086809 0.152379266    0.09   0.32      0.59
25  0.300959000 0.186475813    0.06   0.27      0.67
26  0.290365100 0.017247268    0.55   0.17      0.28
27  0.419666484 0.174303450    0.05   0.28      0.67
28  0.152051826 0.197155254    0.04   0.31      0.65
29  0.084676944 0.101007736    0.24   0.42      0.34
30  0.337773118 0.126348029    0.06   0.31      0.63
31  0.221909747 0.087040884    0.22   0.38      0.40
32  0.558621417 0.006252137    0.42   0.05      0.53
33  0.272080088 0.106927640    0.12   0.37      0.51
34  0.277677962 0.006611361    0.59   0.08      0.33
35  0.400842589 0.057703923    0.21   0.31      0.48
36  0.371916662 0.101553233    0.09   0.39      0.52
37  0.104224311 0.044053824    0.41   0.33      0.26
38  0.006941571 0.085191819    0.34   0.44      0.22
39  0.636164042 0.012517554    0.30   0.05      0.65
40  0.478668114 0.102123370    0.12   0.33      0.55
41  0.468934883 0.012275770    0.42   0.16      0.42
42  0.511407523 0.086838863    0.14   0.24      0.62
43  0.240566917 0.107075473    0.21   0.39      0.40
44  0.364353504 0.050245341    0.33   0.23      0.44
45  0.389936039 0.168609337    0.05   0.29      0.66
46  0.504271850 0.110588413    0.10   0.25      0.65
47  0.273707049 0.025603530    0.45   0.23      0.32
48  0.202322292 0.167835537    0.05   0.42      0.53
49  0.429335560 0.031083426    0.39   0.24      0.37
50  0.395784540 0.135595671    0.07   0.36      0.57
51  0.091999039 0.163298927    0.09   0.45      0.46
52  0.210068053 0.076313170    0.28   0.34      0.38
53  0.488061786 0.103782235    0.10   0.23      0.67
54  0.239385926 0.071516839    0.27   0.40      0.33
55  0.541604918 0.005754985    0.40   0.03      0.57
56  0.199284719 0.073548292    0.25   0.46      0.29
57  0.173887956 0.123770215    0.18   0.42      0.40
58  0.369877705 0.077063039    0.19   0.40      0.41
59  0.162586309 0.115925508    0.16   0.44      0.40
60  0.088307131 0.116255122    0.12   0.47      0.41
61  0.678810425 0.003204549    0.33   0.03      0.64
62  0.602542408 0.070960933    0.12   0.17      0.71
63  0.662915895 0.028751591    0.22   0.10      0.68
64  0.043232642 0.088726219    0.23   0.50      0.27
65  0.562396273 0.020488267    0.34   0.08      0.58
66  0.205921709 0.138447843    0.09   0.41      0.50
67  0.406927099 0.053463880    0.23   0.42      0.35
68  0.063252376 0.117546619    0.17   0.54      0.29
69  0.214923368 0.150079875    0.05   0.42      0.53
70  0.195987512 0.012846157    0.59   0.11      0.30
71  0.729614498 0.061022179    0.13   0.20      0.67
72  0.323156700 0.105799732    0.11   0.30      0.59
73  0.167365499 0.089282239    0.18   0.51      0.31
74  0.457916824 0.051602166    0.17   0.35      0.48
75  0.439217563 0.099784455    0.09   0.31      0.60
76  0.508350297 0.082157004    0.12   0.23      0.65
77  0.348855166 0.154335187    0.06   0.26      0.68
78  0.532730000 0.055059037    0.20   0.22      0.58
79  0.376959122 0.159372908    0.09   0.33      0.58
80  0.479778895 0.011976445    0.41   0.14      0.45
81  0.028612368 0.090709061    0.34   0.48      0.18
82  0.435401982 0.097612204    0.14   0.33      0.53
83  0.124789159 0.050256590    0.41   0.39      0.20
84  0.252889540 0.168534960    0.05   0.45      0.50
85  0.453154697 0.031743613    0.31   0.21      0.48
86  0.610118373 0.097360297    0.08   0.20      0.72
87  0.398895018 0.080547556    0.15   0.30      0.55
88  0.273137812 0.004978655    0.63   0.04      0.33
89  0.637173490 0.053432325    0.14   0.13      0.73
90  0.331152392 0.101172633    0.13   0.41      0.46
91  0.059570013 0.123655538    0.15   0.46      0.39
92  0.428431964 0.001467410    0.57   0.02      0.41
93  0.201982918 0.125960227    0.18   0.33      0.49
94  0.611135683 0.017260505    0.30   0.04      0.66
95  0.473687575 0.024273532    0.33   0.13      0.54
96  0.659288776 0.066854325    0.11   0.19      0.70
97  0.058403998 0.148918005    0.10   0.47      0.43
98  0.565285325 0.040692623    0.26   0.22      0.52
99  0.340563042 0.008809478    0.60   0.06      0.34
100 0.650908848 0.010598755    0.30   0.06      0.64
