      prob.meio    prob.mito euploid mosaic aneuploid
1   0.075972944 2.276582e-01    0.00   0.38      0.62
2   0.548191278 7.182746e-02    0.15   0.19      0.66
3   0.355223064 6.794299e-02    0.36   0.30      0.34
4   0.514258190 1.775877e-01    0.03   0.31      0.66
5   0.225243110 1.822276e-01    0.05   0.34      0.61
6   0.598538521 6.300622e-02    0.16   0.19      0.65
7   0.487547981 1.798945e-01    0.03   0.36      0.61
8   0.423186734 1.012863e-01    0.15   0.32      0.53
9   0.657777481 4.226353e-02    0.17   0.16      0.67
10  0.525967256 2.590968e-02    0.32   0.16      0.52
11  0.134892054 1.012204e-01    0.18   0.40      0.42
12  0.436720987 1.430576e-02    0.38   0.12      0.50
13  0.483356285 5.795797e-02    0.27   0.28      0.45
14  0.228766098 1.169897e-01    0.09   0.43      0.48
15  0.585501508 4.298411e-02    0.24   0.10      0.66
16  0.678772121 6.385316e-02    0.18   0.14      0.68
17  0.579946887 1.159724e-01    0.06   0.27      0.67
18  0.211238266 2.306622e-01    0.01   0.33      0.66
19  0.245114300 1.883164e-01    0.03   0.33      0.64
20  0.498455480 2.759014e-03    0.52   0.06      0.42
21  0.335830989 2.152052e-01    0.02   0.34      0.64
22  0.195740043 6.310250e-02    0.35   0.39      0.26
23  0.566372977 7.061758e-02    0.13   0.19      0.68
24  0.556398144 1.087190e-01    0.05   0.25      0.70
25  0.641462683 1.134140e-01    0.08   0.25      0.67
26  0.463036139 6.334236e-02    0.23   0.28      0.49
27  0.288262285 1.207677e-01    0.11   0.46      0.43
28  0.201101724 2.017847e-01    0.02   0.34      0.64
29  0.256925687 1.951154e-01    0.00   0.37      0.63
30  0.359482116 1.257779e-02    0.50   0.11      0.39
31  0.454845897 1.277997e-01    0.06   0.25      0.69
32  0.433689617 3.469806e-02    0.36   0.13      0.51
33  0.109188205 2.377598e-01    0.01   0.41      0.58
34  0.105924496 7.271282e-02    0.28   0.41      0.31
35  0.039969087 2.302030e-01    0.02   0.32      0.66
36  0.528183492 1.235721e-01    0.06   0.24      0.70
37  0.429249404 8.786167e-02    0.13   0.30      0.57
38  0.109690792 4.408761e-02    0.49   0.30      0.21
39  0.000249834 1.907851e-01    0.04   0.36      0.60
40  0.225127077 1.509112e-01    0.08   0.41      0.51
41  0.112643960 1.324609e-01    0.14   0.40      0.46
42  0.633792946 5.367504e-03    0.42   0.04      0.54
43  0.023216896 2.067484e-01    0.06   0.37      0.57
44  0.446453198 1.309387e-01    0.09   0.34      0.57
45  0.463299533 2.351314e-02    0.41   0.14      0.45
46  0.293777338 1.735627e-01    0.02   0.35      0.63
47  0.597227555 3.466262e-02    0.28   0.18      0.54
48  0.144127656 2.449752e-02    0.65   0.16      0.19
49  0.457576129 6.053933e-02    0.24   0.24      0.52
50  0.366272461 3.086443e-02    0.39   0.21      0.40
51  0.366908923 2.042529e-03    0.62   0.04      0.34
52  0.439882104 1.575566e-01    0.04   0.31      0.65
53  0.379726080 7.687919e-02    0.17   0.30      0.53
54  0.227209990 8.747161e-02    0.26   0.31      0.43
55  0.107440615 1.774557e-01    0.06   0.39      0.55
56  0.016557887 2.442655e-01    0.01   0.36      0.63
57  0.535284583 1.103977e-01    0.06   0.24      0.70
58  0.288771067 1.944046e-01    0.01   0.36      0.63
59  0.298489199 1.483565e-01    0.09   0.40      0.51
60  0.161506164 7.210664e-02    0.27   0.38      0.35
61  0.366215598 5.940324e-02    0.29   0.26      0.45
62  0.640593823 9.215849e-02    0.14   0.17      0.69
63  0.120409331 1.668979e-01    0.02   0.40      0.58
64  0.261928867 1.708315e-01    0.03   0.36      0.61
65  0.320907881 2.191880e-01    0.01   0.31      0.68
66  0.260850651 4.942145e-04    0.69   0.00      0.31
67  0.063805288 2.029247e-01    0.00   0.39      0.61
68  0.346885575 8.570536e-02    0.17   0.32      0.51
69  0.308660264 1.482533e-01    0.08   0.39      0.53
70  0.446153089 1.748160e-01    0.03   0.28      0.69
71  0.032944644 1.597665e-01    0.04   0.44      0.52
72  0.399856057 3.786700e-03    0.52   0.01      0.47
73  0.429206156 1.127271e-01    0.15   0.26      0.59
74  0.275895861 1.751351e-01    0.03   0.36      0.61
75  0.495026854 1.716801e-01    0.02   0.31      0.67
76  0.550599677 1.146592e-02    0.42   0.09      0.49
77  0.263478817 5.101882e-02    0.27   0.40      0.33
78  0.168199287 4.266887e-02    0.39   0.37      0.24
79  0.342742650 1.190289e-02    0.58   0.09      0.33
80  0.272776939 8.054310e-06    0.73   0.00      0.27
81  0.256297691 2.235103e-01    0.01   0.31      0.68
82  0.498240744 1.049801e-01    0.12   0.31      0.57
83  0.224839911 1.658276e-01    0.04   0.36      0.60
84  0.317589784 5.677307e-02    0.30   0.27      0.43
85  0.476683883 6.938031e-02    0.24   0.18      0.58
86  0.698433282 6.614128e-02    0.13   0.17      0.70
87  0.071045603 8.977067e-02    0.25   0.42      0.33
88  0.662669869 2.811312e-02    0.24   0.13      0.63
89  0.181366232 9.693756e-02    0.17   0.40      0.43
90  0.520819367 4.214564e-02    0.27   0.15      0.58
91  0.081399780 5.157057e-02    0.45   0.30      0.25
92  0.188283984 1.578861e-01    0.10   0.41      0.49
93  0.253783477 2.015462e-01    0.01   0.35      0.64
94  0.436622820 4.331457e-02    0.32   0.14      0.54
95  0.484336334 3.463555e-02    0.35   0.12      0.53
96  0.046594908 2.505149e-01    0.01   0.34      0.65
97  0.233938570 8.029578e-02    0.25   0.35      0.40
98  0.654965473 3.381792e-03    0.39   0.01      0.60
99  0.722799385 2.162814e-02    0.30   0.10      0.60
100 0.403201525 6.695164e-02    0.16   0.30      0.54
