      prob.meio    prob.mito euploid mosaic aneuploid
1   0.427941598 0.0107463936    0.46   0.11      0.43
2   0.295701334 0.1880186342    0.03   0.39      0.58
3   0.440430793 0.0164399496    0.39   0.17      0.44
4   0.061621128 0.0775550369    0.29   0.39      0.32
5   0.058472776 0.2529197882    0.01   0.33      0.66
6   0.248082950 0.1526252280    0.06   0.41      0.53
7   0.166574141 0.1666505635    0.09   0.36      0.55
8   0.032549739 0.2244731572    0.01   0.41      0.58
9   0.255838399 0.1276820488    0.05   0.42      0.53
10  0.596478671 0.0120610776    0.29   0.11      0.60
11  0.260975483 0.0651735279    0.40   0.26      0.34
12  0.241128071 0.1004463460    0.10   0.37      0.53
13  0.209583443 0.0030037318    0.73   0.05      0.22
14  0.128158978 0.1958242208    0.01   0.42      0.57
15  0.308816791 0.1007253251    0.18   0.38      0.44
16  0.063325482 0.1904458546    0.03   0.42      0.55
17  0.108189222 0.1781904867    0.03   0.41      0.56
18  0.284414226 0.0301054670    0.50   0.22      0.28
19  0.372232665 0.0319685813    0.37   0.17      0.46
20  0.159862989 0.2376036725    0.03   0.30      0.67
21  0.105135673 0.0325911823    0.56   0.23      0.21
22  0.321902425 0.0516392088    0.32   0.25      0.43
23  0.200007724 0.2500643467    0.01   0.34      0.65
24  0.476318007 0.0624979041    0.24   0.30      0.46
25  0.196644822 0.0963821826    0.13   0.40      0.47
26  0.641359320 0.0194428877    0.27   0.07      0.66
27  0.334702912 0.0131638637    0.57   0.12      0.31
28  0.541875199 0.1145384728    0.06   0.27      0.67
29  0.537692114 0.0498006968    0.21   0.22      0.57
30  0.388573122 0.1229075154    0.08   0.36      0.56
31  0.519476992 0.0937011952    0.10   0.31      0.59
32  0.284114073 0.0496478346    0.32   0.31      0.37
33  0.302034115 0.2136305561    0.01   0.35      0.64
34  0.315174691 0.0589797180    0.27   0.28      0.45
35  0.391840149 0.0107643602    0.57   0.12      0.31
36  0.694857219 0.0091949345    0.24   0.08      0.68
37  0.081983177 0.2354748037    0.01   0.35      0.64
38  0.005246637 0.1943864028    0.03   0.40      0.57
39  0.534814516 0.0613757840    0.25   0.18      0.57
40  0.246253282 0.1246448939    0.06   0.43      0.51
41  0.096544362 0.0254441586    0.56   0.26      0.18
42  0.394222077 0.1048445159    0.16   0.35      0.49
43  0.083868600 0.1279964256    0.15   0.45      0.40
44  0.211007265 0.2327264980    0.01   0.38      0.61
45  0.323025212 0.0877216188    0.17   0.37      0.46
46  0.262409727 0.0341555427    0.47   0.23      0.30
47  0.518293073 0.0396947495    0.22   0.20      0.58
48  0.334795248 0.1710306914    0.02   0.32      0.66
49  0.569959234 0.0901048677    0.13   0.25      0.62
50  0.617500413 0.0569468637    0.12   0.19      0.69
51  0.243724490 0.0654792024    0.33   0.32      0.35
52  0.490965028 0.0991151705    0.05   0.29      0.66
53  0.413966586 0.0828720478    0.17   0.31      0.52
54  0.214823143 0.0589127888    0.33   0.30      0.37
55  0.157844677 0.0911777806    0.28   0.36      0.36
56  0.560035243 0.0249398563    0.27   0.11      0.62
57  0.637987714 0.0343075769    0.19   0.14      0.67
58  0.389715126 0.1270207292    0.06   0.34      0.60
59  0.319891653 0.0464419790    0.29   0.22      0.49
60  0.479802050 0.0951356601    0.19   0.27      0.54
61  0.453322263 0.0140961716    0.53   0.12      0.35
62  0.577470889 0.0679371445    0.15   0.28      0.57
63  0.101545564 0.1177132672    0.15   0.45      0.40
64  0.462985964 0.0996879605    0.13   0.32      0.55
65  0.475041369 0.0844718588    0.11   0.26      0.63
66  0.028494355 0.2280423292    0.01   0.34      0.65
67  0.196298589 0.1772224917    0.04   0.31      0.65
68  0.043646648 0.2181224872    0.01   0.37      0.62
69  0.288161828 0.1484257539    0.09   0.35      0.56
70  0.303500052 0.0185785980    0.50   0.18      0.32
71  0.340695943 0.0702232968    0.28   0.30      0.42
72  0.440685409 0.1767734496    0.03   0.31      0.66
73  0.395122275 0.1114256191    0.12   0.26      0.62
74  0.337632114 0.1326100861    0.08   0.36      0.56
75  0.232470188 0.0762659761    0.15   0.40      0.45
76  0.454856326 0.1017373749    0.13   0.26      0.61
77  0.449929695 0.0401679638    0.29   0.25      0.46
78  0.513078999 0.0166644815    0.43   0.10      0.47
79  0.145696834 0.1613801662    0.08   0.43      0.49
80  0.333311924 0.0735969380    0.29   0.24      0.47
81  0.113163175 0.0399227561    0.54   0.28      0.18
82  0.379000766 0.1054400108    0.12   0.32      0.56
83  0.402475243 0.0897053373    0.13   0.24      0.63
84  0.415835921 0.1716003297    0.02   0.32      0.66
85  0.280612909 0.0664899827    0.20   0.40      0.40
86  0.297182867 0.0569849152    0.21   0.35      0.44
87  0.170789012 0.1599384320    0.07   0.35      0.58
88  0.481580872 0.0008859253    0.57   0.00      0.43
89  0.311893642 0.0786358584    0.23   0.28      0.49
90  0.240023630 0.0411883197    0.47   0.26      0.27
91  0.161278487 0.0393537646    0.49   0.25      0.26
92  0.153937820 0.1414349882    0.05   0.36      0.59
93  0.517753315 0.0541577570    0.21   0.16      0.63
94  0.102385236 0.1312312176    0.11   0.44      0.45
95  0.079538658 0.0895678594    0.25   0.43      0.32
96  0.443550219 0.0842380507    0.18   0.29      0.53
97  0.519316191 0.0285130520    0.34   0.10      0.56
98  0.404981595 0.0107618417    0.52   0.11      0.37
99  0.244857549 0.1208597773    0.13   0.45      0.42
100 0.542644476 0.0856585877    0.13   0.30      0.57
