     prob.meio   prob.mito euploid mosaic aneuploid
1   0.53681231 0.110423930    0.12   0.19      0.69
2   0.32505388 0.127427323    0.09   0.37      0.54
3   0.49011630 0.052074003    0.27   0.19      0.54
4   0.31362286 0.113874135    0.11   0.37      0.52
5   0.31623926 0.026802857    0.42   0.21      0.37
6   0.12529756 0.159268077    0.03   0.35      0.62
7   0.33744876 0.036767145    0.37   0.32      0.31
8   0.11289080 0.216495606    0.02   0.43      0.55
9   0.41922787 0.114618597    0.09   0.30      0.61
10  0.57860189 0.052089086    0.16   0.20      0.64
11  0.17126003 0.077493561    0.34   0.38      0.28
12  0.16987711 0.128746805    0.08   0.45      0.47
13  0.61884403 0.082203335    0.14   0.19      0.67
14  0.28914991 0.157313452    0.05   0.32      0.63
15  0.15198826 0.046301690    0.45   0.30      0.25
16  0.48295180 0.016582400    0.47   0.12      0.41
17  0.13706373 0.196128361    0.02   0.31      0.67
18  0.21456483 0.153051067    0.06   0.40      0.54
19  0.16591495 0.070688174    0.31   0.38      0.31
20  0.47748412 0.112742033    0.11   0.31      0.58
21  0.23409135 0.025569743    0.53   0.22      0.25
22  0.25612285 0.016551408    0.54   0.21      0.25
23  0.28875337 0.192584115    0.04   0.29      0.67
24  0.03891705 0.143578938    0.07   0.41      0.52
25  0.50723625 0.014987274    0.39   0.03      0.58
26  0.63390367 0.075007809    0.12   0.19      0.69
27  0.45578699 0.008421511    0.51   0.06      0.43
28  0.05653566 0.189895358    0.06   0.32      0.62
29  0.21094865 0.205988266    0.03   0.29      0.68
30  0.45442661 0.103441573    0.07   0.28      0.65
31  0.05461475 0.108599322    0.24   0.41      0.35
32  0.22362045 0.052407465    0.33   0.38      0.29
33  0.49538756 0.052152452    0.19   0.26      0.55
34  0.23494143 0.187867617    0.02   0.33      0.65
35  0.59117746 0.060539821    0.11   0.20      0.69
36  0.02233026 0.192509064    0.05   0.38      0.57
37  0.36497320 0.003741640    0.63   0.02      0.35
38  0.21946920 0.053215173    0.32   0.33      0.35
39  0.43097719 0.010562028    0.51   0.07      0.42
40  0.39008327 0.030567187    0.35   0.22      0.43
41  0.58969880 0.010064024    0.32   0.03      0.65
42  0.41324689 0.023773249    0.42   0.16      0.42
43  0.37336254 0.155508264    0.06   0.33      0.61
44  0.25276205 0.093472310    0.18   0.36      0.46
45  0.41901935 0.108580913    0.09   0.28      0.63
46  0.44185582 0.001298102    0.50   0.04      0.46
47  0.22626373 0.207427075    0.04   0.31      0.65
48  0.18526265 0.115251585    0.13   0.46      0.41
49  0.20172693 0.182120275    0.02   0.38      0.60
50  0.46447795 0.032170888    0.32   0.20      0.48
51  0.15503199 0.013033745    0.63   0.16      0.21
52  0.58366848 0.120567045    0.09   0.32      0.59
53  0.07185285 0.212904529    0.01   0.36      0.63
54  0.21559309 0.232460220    0.01   0.35      0.64
55  0.29660558 0.004948675    0.74   0.01      0.25
56  0.16265397 0.200478133    0.04   0.34      0.62
57  0.44995839 0.109631247    0.08   0.29      0.63
58  0.42787136 0.024625300    0.36   0.14      0.50
59  0.14612554 0.165947110    0.06   0.32      0.62
60  0.40787665 0.020430400    0.57   0.11      0.32
61  0.35523195 0.164898804    0.03   0.37      0.60
62  0.27410338 0.083636709    0.17   0.35      0.48
63  0.06584274 0.205925291    0.01   0.36      0.63
64  0.29695497 0.012949744    0.51   0.14      0.35
65  0.27625109 0.163458862    0.02   0.41      0.57
66  0.42860166 0.127838858    0.08   0.23      0.69
67  0.50922462 0.080883207    0.14   0.21      0.65
68  0.26833590 0.034929725    0.38   0.32      0.30
69  0.13250779 0.017207862    0.66   0.18      0.16
70  0.46747801 0.114162481    0.06   0.37      0.57
71  0.57352908 0.038633544    0.30   0.13      0.57
72  0.48750189 0.102539935    0.11   0.24      0.65
73  0.16996515 0.059735537    0.33   0.29      0.38
74  0.47029903 0.089444421    0.16   0.23      0.61
75  0.43256910 0.177955961    0.04   0.40      0.56
76  0.31106574 0.075627842    0.25   0.32      0.43
77  0.41542064 0.035823827    0.45   0.17      0.38
78  0.09956517 0.145510170    0.08   0.42      0.50
79  0.51125380 0.038704387    0.33   0.17      0.50
80  0.63680695 0.020649998    0.30   0.05      0.65
81  0.42203220 0.040561756    0.34   0.23      0.43
82  0.16321095 0.226147826    0.01   0.34      0.65
83  0.35885968 0.156678879    0.04   0.35      0.61
84  0.30033001 0.138258338    0.08   0.33      0.59
85  0.26854919 0.039664645    0.34   0.29      0.37
86  0.31243050 0.152180326    0.06   0.27      0.67
87  0.53179960 0.035471550    0.27   0.20      0.53
88  0.18293229 0.068413279    0.32   0.38      0.30
89  0.69482592 0.031551926    0.23   0.10      0.67
90  0.59551378 0.066285249    0.22   0.16      0.62
91  0.14753981 0.087119444    0.20   0.40      0.40
92  0.31755609 0.180392512    0.02   0.40      0.58
93  0.46206693 0.126335707    0.12   0.27      0.61
94  0.26878080 0.080355030    0.23   0.42      0.35
95  0.04308427 0.089336478    0.27   0.39      0.34
96  0.48007426 0.098873336    0.08   0.25      0.67
97  0.22362147 0.151486414    0.10   0.41      0.49
98  0.12978234 0.193002262    0.01   0.39      0.60
99  0.29118887 0.133203267    0.09   0.36      0.55
100 0.44893265 0.070592627    0.16   0.31      0.53
