      prob.meio   prob.mito euploid mosaic aneuploid
1   0.149962000 0.118744513    0.11   0.41      0.48
2   0.472070850 0.097222864    0.14   0.24      0.62
3   0.665521845 0.064049930    0.22   0.12      0.66
4   0.676123068 0.064043571    0.15   0.16      0.69
5   0.338537424 0.011185614    0.51   0.11      0.38
6   0.451967074 0.117382403    0.09   0.28      0.63
7   0.414433833 0.015771662    0.41   0.10      0.49
8   0.164297992 0.096408322    0.17   0.42      0.41
9   0.241997774 0.027860352    0.38   0.31      0.31
10  0.370615655 0.051341709    0.27   0.24      0.49
11  0.214432405 0.159649943    0.03   0.39      0.58
12  0.186027676 0.126621200    0.13   0.37      0.50
13  0.474440909 0.041863155    0.28   0.21      0.51
14  0.455762751 0.113796168    0.13   0.35      0.52
15  0.532993404 0.065720256    0.15   0.27      0.58
16  0.400432384 0.015774310    0.47   0.13      0.40
17  0.281256162 0.088251375    0.21   0.32      0.47
18  0.224991653 0.016967238    0.57   0.16      0.27
19  0.355404697 0.186396572    0.07   0.33      0.60
20  0.452362668 0.125227750    0.08   0.29      0.63
21  0.358168960 0.016242462    0.54   0.16      0.30
22  0.415399898 0.136043464    0.08   0.36      0.56
23  0.321218716 0.058684448    0.28   0.31      0.41
24  0.272583430 0.122951034    0.11   0.32      0.57
25  0.435384062 0.097795251    0.11   0.30      0.59
26  0.003534409 0.244314263    0.03   0.33      0.64
27  0.364946934 0.101144333    0.15   0.39      0.46
28  0.391611398 0.030751707    0.39   0.22      0.39
29  0.275917181 0.205848918    0.04   0.35      0.61
30  0.560867993 0.044626449    0.24   0.20      0.56
31  0.687636027 0.076619310    0.08   0.23      0.69
32  0.445680559 0.006811992    0.51   0.09      0.40
33  0.339391789 0.137195734    0.09   0.38      0.53
34  0.405279802 0.085933466    0.17   0.32      0.51
35  0.264000111 0.030298122    0.44   0.21      0.35
36  0.405807284 0.048567834    0.25   0.26      0.49
37  0.568135364 0.094708422    0.17   0.20      0.63
38  0.085056152 0.175833386    0.03   0.42      0.55
39  0.452807754 0.109719490    0.12   0.27      0.61
40  0.276492215 0.135756233    0.10   0.38      0.52
41  0.621390553 0.015649476    0.31   0.05      0.64
42  0.211111033 0.061551141    0.29   0.37      0.34
43  0.189481615 0.087576516    0.24   0.36      0.40
44  0.166487469 0.097016242    0.21   0.44      0.35
45  0.258424581 0.042338967    0.40   0.26      0.34
46  0.259917196 0.116760988    0.10   0.37      0.53
47  0.615810767 0.028809824    0.28   0.07      0.65
48  0.451949667 0.014280346    0.42   0.09      0.49
49  0.591997204 0.037774109    0.15   0.20      0.65
50  0.444958712 0.053514522    0.26   0.23      0.51
51  0.007722268 0.223291329    0.03   0.42      0.55
52  0.002730461 0.114221622    0.18   0.41      0.41
53  0.419312741 0.134348535    0.11   0.31      0.58
54  0.244481366 0.028580960    0.58   0.15      0.27
55  0.547713199 0.032683147    0.38   0.16      0.46
56  0.576085858 0.024398578    0.20   0.14      0.66
57  0.256055790 0.139836264    0.05   0.42      0.53
58  0.528442442 0.012376464    0.37   0.05      0.58
59  0.483955316 0.070063476    0.16   0.20      0.64
60  0.344232780 0.176734707    0.07   0.36      0.57
61  0.170498926 0.195352490    0.06   0.33      0.61
62  0.262831874 0.095552437    0.19   0.40      0.41
63  0.182865972 0.035622486    0.53   0.25      0.22
64  0.676760537 0.045011728    0.21   0.16      0.63
65  0.100143940 0.161038277    0.05   0.37      0.58
66  0.472002148 0.106220754    0.12   0.27      0.61
67  0.567858413 0.121504036    0.09   0.26      0.65
68  0.239024110 0.170796293    0.05   0.44      0.51
69  0.317223943 0.077787729    0.23   0.40      0.37
70  0.550270912 0.130422361    0.08   0.31      0.61
71  0.396343203 0.148642768    0.06   0.38      0.56
72  0.109922459 0.192380867    0.04   0.38      0.58
73  0.557500948 0.085912659    0.18   0.24      0.58
74  0.006391223 0.216835041    0.01   0.39      0.60
75  0.204646815 0.072372525    0.24   0.40      0.36
76  0.366005861 0.063037933    0.23   0.32      0.45
77  0.542359255 0.108785902    0.08   0.23      0.69
78  0.294260585 0.104405379    0.15   0.32      0.53
79  0.340657862 0.143935023    0.08   0.38      0.54
80  0.214245415 0.039471525    0.48   0.28      0.24
81  0.158344334 0.156684953    0.07   0.38      0.55
82  0.339260803 0.008043306    0.55   0.07      0.38
83  0.509419009 0.137750350    0.10   0.28      0.62
84  0.644260945 0.049195506    0.23   0.16      0.61
85  0.337668777 0.150495954    0.05   0.43      0.52
86  0.320228096 0.159610632    0.03   0.33      0.64
87  0.480024384 0.042017120    0.23   0.23      0.54
88  0.601748129 0.025921725    0.35   0.18      0.47
89  0.297562024 0.022512288    0.51   0.15      0.34
90  0.685638772 0.016725842    0.27   0.07      0.66
91  0.317221270 0.107559024    0.14   0.37      0.49
92  0.684646922 0.039112023    0.19   0.14      0.67
93  0.211505765 0.190053516    0.05   0.34      0.61
94  0.271067595 0.012537599    0.61   0.09      0.30
95  0.163420418 0.131458866    0.12   0.42      0.46
96  0.422374433 0.020645889    0.43   0.22      0.35
97  0.500069546 0.004288676    0.54   0.04      0.42
98  0.420044169 0.044700052    0.31   0.23      0.46
99  0.122954968 0.189981058    0.03   0.37      0.60
100 0.140313018 0.092675126    0.22   0.42      0.36
