     prob.meio    prob.mito euploid mosaic aneuploid
1   0.41592135 0.0370362017    0.30   0.17      0.53
2   0.36292552 0.1222332784    0.07   0.32      0.61
3   0.46908138 0.0227359582    0.29   0.16      0.55
4   0.11161827 0.1192503159    0.14   0.44      0.42
5   0.60879927 0.0730404425    0.11   0.23      0.66
6   0.47274636 0.1674804231    0.03   0.40      0.57
7   0.60842924 0.0520286132    0.22   0.19      0.59
8   0.30629003 0.0401673787    0.38   0.23      0.39
9   0.21548250 0.1955707150    0.03   0.37      0.60
10  0.61261342 0.0783533992    0.10   0.21      0.69
11  0.54995732 0.0052627700    0.40   0.05      0.55
12  0.21992879 0.1079089816    0.18   0.44      0.38
13  0.48411747 0.0123572056    0.50   0.06      0.44
14  0.18337119 0.1987511520    0.01   0.41      0.58
15  0.13900112 0.1720898815    0.06   0.29      0.65
16  0.22230807 0.1215545610    0.07   0.45      0.48
17  0.44317529 0.1880162749    0.03   0.31      0.66
18  0.26276507 0.1793411940    0.06   0.33      0.61
19  0.15976022 0.1630373320    0.07   0.41      0.52
20  0.49957833 0.0350119285    0.26   0.16      0.58
21  0.34079648 0.0434801232    0.31   0.22      0.47
22  0.32856659 0.0348868931    0.40   0.21      0.39
23  0.19818222 0.2156045290    0.02   0.32      0.66
24  0.41224938 0.0373975076    0.37   0.17      0.46
25  0.43134834 0.1360258870    0.12   0.24      0.64
26  0.16522017 0.2062350335    0.02   0.38      0.60
27  0.44851626 0.1813100958    0.04   0.27      0.69
28  0.07472043 0.1828189522    0.07   0.40      0.53
29  0.18223048 0.0807699140    0.25   0.37      0.38
30  0.44191949 0.1630421313    0.05   0.29      0.66
31  0.31794380 0.0539922225    0.35   0.32      0.33
32  0.01806046 0.2111157845    0.00   0.38      0.62
33  0.48519938 0.0800640909    0.15   0.24      0.61
34  0.09128352 0.1796116035    0.03   0.33      0.64
35  0.26374472 0.0663753725    0.35   0.25      0.40
36  0.15177440 0.2113302101    0.01   0.36      0.63
37  0.30170556 0.0051900942    0.64   0.06      0.30
38  0.25414652 0.0809713677    0.27   0.33      0.40
39  0.30358284 0.0081244700    0.63   0.04      0.33
40  0.42217262 0.1379114904    0.07   0.23      0.70
41  0.40469107 0.0354845508    0.28   0.20      0.52
42  0.34898762 0.0727433511    0.20   0.33      0.47
43  0.31761431 0.1330630034    0.10   0.45      0.45
44  0.43579765 0.0445608108    0.38   0.21      0.41
45  0.38209936 0.0836457654    0.20   0.27      0.53
46  0.59356589 0.0678842871    0.20   0.24      0.56
47  0.09740644 0.2197001833    0.01   0.38      0.61
48  0.20410191 0.2018169244    0.03   0.29      0.68
49  0.29108567 0.1086455593    0.15   0.35      0.50
50  0.19884239 0.2074622544    0.03   0.33      0.64
51  0.20816927 0.1820971353    0.03   0.33      0.64
52  0.34187526 0.1241902530    0.12   0.27      0.61
53  0.10078897 0.1894523315    0.00   0.40      0.60
54  0.13144250 0.2027428178    0.03   0.45      0.52
55  0.29954280 0.0167433065    0.52   0.17      0.31
56  0.63847546 0.0608603191    0.16   0.24      0.60
57  0.51614310 0.0498500147    0.19   0.19      0.62
58  0.52056757 0.0573106869    0.16   0.23      0.61
59  0.43685934 0.0389197897    0.37   0.21      0.42
60  0.32238472 0.0001054923    0.64   0.00      0.36
61  0.28242870 0.1651013328    0.06   0.31      0.63
62  0.56777695 0.0521248798    0.23   0.22      0.55
63  0.16223622 0.1684260019    0.03   0.42      0.55
64  0.20290749 0.1140827807    0.10   0.41      0.49
65  0.20485268 0.0833347205    0.21   0.41      0.38
66  0.32457565 0.1316380722    0.08   0.41      0.51
67  0.09351856 0.2377631981    0.00   0.40      0.60
68  0.10164363 0.1176808386    0.15   0.46      0.39
69  0.27914470 0.1553985861    0.01   0.40      0.59
70  0.37236232 0.0054800510    0.59   0.02      0.39
71  0.33119210 0.1799302087    0.04   0.28      0.68
72  0.36326110 0.1494329309    0.01   0.32      0.67
73  0.39482654 0.0051798068    0.63   0.06      0.31
74  0.20199669 0.0043397269    0.66   0.04      0.30
75  0.24498659 0.1608021304    0.06   0.37      0.57
76  0.19846184 0.1216144012    0.17   0.43      0.40
77  0.39484574 0.0115764644    0.56   0.09      0.35
78  0.24386820 0.1771684228    0.03   0.32      0.65
79  0.17915253 0.1405595033    0.11   0.43      0.46
80  0.45477979 0.1442715356    0.10   0.26      0.64
81  0.25506971 0.1378969604    0.03   0.35      0.62
82  0.27375791 0.2281612395    0.01   0.39      0.60
83  0.27476864 0.1568494083    0.05   0.28      0.67
84  0.41412151 0.0419052131    0.42   0.22      0.36
85  0.43252128 0.0988444216    0.12   0.30      0.58
86  0.43011712 0.0275085231    0.32   0.20      0.48
87  0.22373246 0.0763310264    0.24   0.37      0.39
88  0.08171287 0.0488505492    0.43   0.36      0.21
89  0.66908951 0.0402938074    0.16   0.17      0.67
90  0.08775917 0.2142028210    0.02   0.40      0.58
91  0.15359948 0.1872671640    0.03   0.36      0.61
92  0.05237754 0.1306131592    0.14   0.42      0.44
93  0.50650625 0.0889578986    0.13   0.29      0.58
94  0.39344244 0.1154449270    0.12   0.29      0.59
95  0.24809813 0.0170407107    0.61   0.11      0.28
96  0.24318117 0.1978248288    0.01   0.36      0.63
97  0.31880381 0.1218437136    0.12   0.44      0.44
98  0.10334189 0.2144516765    0.00   0.42      0.58
99  0.43484035 0.1459127709    0.03   0.34      0.63
100 0.21791093 0.2183481192    0.00   0.36      0.64
