       prob.meio    prob.mito euploid mosaic aneuploid
1   0.6735879479 0.0803305644    0.11   0.23      0.66
2   0.7202894704 0.0486150940    0.18   0.13      0.69
3   0.2017259286 0.1808014535    0.05   0.37      0.58
4   0.3365239613 0.0017276965    0.66   0.02      0.32
5   0.1894078923 0.0238353550    0.54   0.21      0.25
6   0.1134435276 0.1811514760    0.03   0.34      0.63
7   0.1961877355 0.1328751927    0.10   0.43      0.47
8   0.2632825645 0.1346256298    0.12   0.47      0.41
9   0.5293638178 0.0057088034    0.43   0.05      0.52
10  0.0959052548 0.1593671415    0.09   0.44      0.47
11  0.1787794386 0.0356058490    0.45   0.29      0.26
12  0.0044154935 0.2318920610    0.00   0.35      0.65
13  0.3822964516 0.0264920059    0.34   0.22      0.44
14  0.2061231805 0.0399507156    0.46   0.33      0.21
15  0.3318606759 0.0157060775    0.47   0.12      0.41
16  0.0239765109 0.2466124506    0.00   0.35      0.65
17  0.2514521412 0.2201857427    0.00   0.37      0.63
18  0.4763399197 0.0370676068    0.31   0.17      0.52
19  0.2009630089 0.2194616778    0.00   0.37      0.63
20  0.2637232756 0.0828597480    0.27   0.35      0.38
21  0.1071058044 0.2298306618    0.01   0.36      0.63
22  0.3870728933 0.1593454345    0.10   0.30      0.60
23  0.1362371652 0.0353612471    0.61   0.23      0.16
24  0.1981884621 0.1242287785    0.09   0.40      0.51
25  0.1754261814 0.2543081886    0.00   0.34      0.66
26  0.2041312936 0.1969746640    0.02   0.33      0.65
27  0.4360361802 0.1383353306    0.09   0.31      0.60
28  0.5002629138 0.1123312498    0.05   0.29      0.66
29  0.2694764230 0.1969502387    0.01   0.37      0.62
30  0.3067886101 0.1051952676    0.15   0.32      0.53
31  0.4975247812 0.1453125447    0.08   0.29      0.63
32  0.1939586243 0.2208532109    0.01   0.33      0.66
33  0.0579104882 0.0447004654    0.45   0.35      0.20
34  0.0900842443 0.1869486505    0.06   0.34      0.60
35  0.3437430053 0.1843542256    0.02   0.31      0.67
36  0.3702085151 0.0231578953    0.43   0.15      0.42
37  0.3855903011 0.0816638432    0.19   0.29      0.52
38  0.4691358507 0.0450186867    0.20   0.29      0.51
39  0.3845342675 0.0213938646    0.46   0.12      0.42
40  0.1826768171 0.1863490744    0.05   0.32      0.63
41  0.3367115580 0.0242616229    0.34   0.22      0.44
42  0.4121626804 0.1336739585    0.12   0.25      0.63
43  0.5086486924 0.1264345513    0.07   0.22      0.71
44  0.1263725539 0.0567479352    0.37   0.31      0.32
45  0.2970290864 0.1458979954    0.05   0.37      0.58
46  0.1590696189 0.1836254862    0.05   0.33      0.62
47  0.0072755383 0.1711904777    0.07   0.42      0.51
48  0.3867840425 0.0704714498    0.27   0.31      0.42
49  0.4738306555 0.0123302261    0.48   0.08      0.44
50  0.2264251069 0.0504053533    0.37   0.38      0.25
51  0.0001654904 0.2756636348    0.01   0.34      0.65
52  0.6865575756 0.0991710315    0.10   0.20      0.70
53  0.4538850593 0.0211415428    0.44   0.11      0.45
54  0.1692148584 0.0757043099    0.27   0.42      0.31
55  0.4921975916 0.1926272777    0.02   0.29      0.69
56  0.4584785060 0.1170766547    0.09   0.30      0.61
57  0.3243555108 0.0931483717    0.17   0.30      0.53
58  0.4855992191 0.0915094693    0.19   0.23      0.58
59  0.3551666462 0.2267583658    0.02   0.35      0.63
60  0.3586995320 0.0952650444    0.14   0.39      0.47
61  0.5439277373 0.1268978938    0.07   0.27      0.66
62  0.0747717270 0.2378136648    0.00   0.37      0.63
63  0.3539778474 0.0820901976    0.17   0.29      0.54
64  0.3452532862 0.0733141317    0.31   0.30      0.39
65  0.1566385154 0.1401632193    0.09   0.47      0.44
66  0.4864195224 0.1348873994    0.05   0.28      0.67
67  0.2499915198 0.1841259017    0.03   0.37      0.60
68  0.3747430209 0.0118805785    0.45   0.14      0.41
69  0.0303234777 0.2594209227    0.00   0.34      0.66
70  0.2687883133 0.0084188730    0.60   0.07      0.33
71  0.4444943822 0.0601448817    0.18   0.24      0.58
72  0.4148515551 0.0822169904    0.14   0.33      0.53
73  0.6601620987 0.0792154891    0.15   0.20      0.65
74  0.1092424886 0.0082490335    0.70   0.15      0.15
75  0.6139535287 0.0534265188    0.14   0.18      0.68
76  0.0873367796 0.0855644434    0.34   0.35      0.31
77  0.1437676947 0.0077272966    0.74   0.09      0.17
78  0.2834112209 0.1333979929    0.06   0.38      0.56
79  0.4094754115 0.1756374033    0.02   0.29      0.69
80  0.5622203902 0.0609587552    0.15   0.20      0.65
81  0.3475440566 0.1011201567    0.14   0.41      0.45
82  0.2589975542 0.0877282349    0.23   0.36      0.41
83  0.0788891355 0.0340783601    0.57   0.26      0.17
84  0.3226396893 0.0695896517    0.33   0.22      0.45
85  0.5540154963 0.1172047516    0.09   0.23      0.68
86  0.1809544256 0.0203601967    0.61   0.18      0.21
87  0.2972600844 0.0537223287    0.33   0.29      0.38
88  0.4945125680 0.0746643820    0.23   0.19      0.58
89  0.4041450392 0.0288218022    0.43   0.12      0.45
90  0.4777356542 0.0350176003    0.32   0.16      0.52
91  0.4675213452 0.1587266594    0.05   0.29      0.66
92  0.2539003685 0.1476275285    0.12   0.35      0.53
93  0.2784692140 0.0003243242    0.77   0.01      0.22
94  0.6610003202 0.0004729622    0.36   0.00      0.64
95  0.0572185700 0.1959026374    0.04   0.40      0.56
96  0.2425904586 0.0721617993    0.30   0.29      0.41
97  0.5385276573 0.1035291799    0.12   0.26      0.62
98  0.2778829723 0.0904189125    0.15   0.41      0.44
99  0.6340893749 0.0309299950    0.21   0.14      0.65
100 0.4342512758 0.0899238344    0.18   0.25      0.57
