      prob.meio    prob.mito euploid mosaic aneuploid
1   0.173630636 0.1633201344    0.06   0.46      0.48
2   0.602715562 0.0393636674    0.29   0.11      0.60
3   0.114569466 0.0633012722    0.36   0.41      0.23
4   0.449535285 0.1237140985    0.07   0.28      0.65
5   0.704520953 0.0577930738    0.14   0.17      0.69
6   0.556165043 0.1311150435    0.06   0.28      0.66
7   0.363788145 0.0327679573    0.34   0.27      0.39
8   0.195783298 0.1286653520    0.10   0.43      0.47
9   0.142433126 0.0541126439    0.49   0.28      0.23
10  0.397371485 0.0042398823    0.62   0.04      0.34
11  0.041467888 0.1046612905    0.16   0.52      0.32
12  0.103045690 0.0522951698    0.34   0.40      0.26
13  0.235540425 0.1947342164    0.03   0.33      0.64
14  0.517383335 0.0081624868    0.40   0.04      0.56
15  0.434306499 0.1799153665    0.07   0.27      0.66
16  0.340037734 0.0396686385    0.32   0.30      0.38
17  0.000391854 0.0925801196    0.31   0.48      0.21
18  0.415756480 0.0295975008    0.32   0.20      0.48
19  0.120168099 0.1287205121    0.08   0.49      0.43
20  0.436239637 0.0360296529    0.38   0.24      0.38
21  0.519711245 0.0160065698    0.31   0.10      0.59
22  0.167797539 0.0617304631    0.41   0.30      0.29
23  0.330756037 0.0151876975    0.51   0.16      0.33
24  0.301747143 0.0379457586    0.34   0.16      0.50
25  0.246162633 0.1045234725    0.14   0.38      0.48
26  0.229909515 0.0411280023    0.34   0.29      0.37
27  0.272594229 0.0936974667    0.14   0.39      0.47
28  0.116768815 0.0399818027    0.59   0.28      0.13
29  0.300783658 0.0219389598    0.52   0.11      0.37
30  0.246516251 0.0935995374    0.18   0.35      0.47
31  0.407069298 0.0285454181    0.28   0.21      0.51
32  0.208115074 0.1395715764    0.11   0.35      0.54
33  0.704608297 0.1129283765    0.06   0.24      0.70
34  0.412291094 0.1526972868    0.06   0.29      0.65
35  0.484066068 0.0442855880    0.24   0.20      0.56
36  0.530993852 0.1469134137    0.03   0.33      0.64
37  0.452440878 0.1145693259    0.12   0.30      0.58
38  0.358052369 0.0526736970    0.31   0.22      0.47
39  0.350261955 0.1878654014    0.03   0.33      0.64
40  0.750697862 0.0065789644    0.28   0.01      0.71
41  0.264910205 0.0175268452    0.57   0.14      0.29
42  0.692777685 0.0125177475    0.16   0.06      0.78
43  0.204739093 0.0846894712    0.29   0.41      0.30
44  0.128301511 0.0561928856    0.34   0.40      0.26
45  0.501390154 0.1525477113    0.05   0.26      0.69
46  0.482743012 0.0046748002    0.44   0.04      0.52
47  0.681912419 0.0125759947    0.22   0.04      0.74
48  0.537892535 0.0029648112    0.42   0.02      0.56
49  0.638069737 0.0947207059    0.08   0.24      0.68
50  0.174210900 0.1529062535    0.09   0.36      0.55
51  0.633539250 0.0175865912    0.30   0.07      0.63
52  0.494925473 0.1193317568    0.09   0.27      0.64
53  0.208431597 0.0197720195    0.60   0.20      0.20
54  0.728604148 0.0528813743    0.14   0.11      0.75
55  0.624597324 0.0656694218    0.19   0.15      0.66
56  0.185132937 0.0200846910    0.57   0.25      0.18
57  0.354641573 0.1365806197    0.04   0.41      0.55
58  0.307913450 0.1326237479    0.06   0.39      0.55
59  0.617030820 0.0348856200    0.28   0.07      0.65
60  0.258369930 0.0864831307    0.19   0.37      0.44
61  0.279246489 0.0992839457    0.12   0.36      0.52
62  0.210347303 0.1216426783    0.12   0.40      0.48
63  0.484408867 0.0896058979    0.12   0.22      0.66
64  0.285309576 0.1296479653    0.09   0.38      0.53
65  0.332921673 0.0462807301    0.29   0.25      0.46
66  0.548803799 0.0125709784    0.49   0.03      0.48
67  0.126052634 0.2016489187    0.03   0.33      0.64
68  0.400492640 0.0388925311    0.22   0.27      0.51
69  0.540067604 0.0026251248    0.34   0.03      0.63
70  0.565850894 0.0047434829    0.37   0.05      0.58
71  0.148845523 0.0368647703    0.44   0.33      0.23
72  0.518213153 0.1082714475    0.13   0.24      0.63
73  0.242472130 0.0483951904    0.34   0.35      0.31
74  0.128184643 0.1336124013    0.10   0.50      0.40
75  0.372640207 0.0001813076    0.66   0.00      0.34
76  0.251415512 0.1405768287    0.12   0.43      0.45
77  0.239675043 0.1597829259    0.03   0.37      0.60
78  0.588376776 0.0443644568    0.18   0.13      0.69
79  0.134560672 0.0881688006    0.24   0.39      0.37
80  0.107238520 0.0772669625    0.29   0.42      0.29
81  0.115746502 0.0696305581    0.42   0.37      0.21
82  0.175933664 0.0975920842    0.18   0.45      0.37
83  0.502842637 0.0172554515    0.40   0.08      0.52
84  0.049770828 0.1425775471    0.12   0.40      0.48
85  0.364684044 0.0777559932    0.22   0.28      0.50
86  0.273151839 0.2003763805    0.04   0.33      0.63
87  0.039538607 0.1503361426    0.10   0.50      0.40
88  0.031142328 0.1243703687    0.17   0.53      0.30
89  0.497824460 0.0783578048    0.18   0.24      0.58
90  0.134839070 0.1162928517    0.13   0.49      0.38
91  0.391315936 0.0312410996    0.28   0.19      0.53
92  0.591392300 0.0394229558    0.16   0.13      0.71
93  0.456901003 0.1223392959    0.07   0.31      0.62
94  0.292091067 0.1546422297    0.09   0.34      0.57
95  0.109221647 0.1657633204    0.09   0.33      0.58
96  0.190336626 0.0573298233    0.34   0.33      0.33
97  0.561817151 0.0199431407    0.36   0.09      0.55
98  0.627234562 0.0243848504    0.22   0.11      0.67
99  0.292945171 0.1269426958    0.18   0.26      0.56
100 0.291733796 0.0310333460    0.42   0.14      0.44
