      prob.meio   prob.mito euploid mosaic aneuploid
1   0.335599471 0.046359632    0.30   0.33      0.37
2   0.441814305 0.065132560    0.24   0.30      0.46
3   0.521422645 0.030827214    0.25   0.18      0.57
4   0.597459773 0.025896418    0.27   0.09      0.64
5   0.423859859 0.082155913    0.21   0.30      0.49
6   0.149162686 0.017330264    0.62   0.22      0.16
7   0.420440445 0.129077234    0.12   0.36      0.52
8   0.584541603 0.047299527    0.17   0.21      0.62
9   0.456762062 0.153316656    0.03   0.35      0.62
10  0.060198025 0.055354438    0.45   0.33      0.22
11  0.076999055 0.163317707    0.09   0.45      0.46
12  0.104405748 0.174288424    0.03   0.43      0.54
13  0.349914330 0.187626546    0.04   0.36      0.60
14  0.573693736 0.087386386    0.14   0.19      0.67
15  0.331483042 0.016805755    0.38   0.23      0.39
16  0.504562936 0.066522201    0.14   0.25      0.61
17  0.285408354 0.033941039    0.45   0.22      0.33
18  0.578864695 0.140490222    0.04   0.27      0.69
19  0.411814593 0.169930652    0.06   0.38      0.56
20  0.579997909 0.024714355    0.28   0.13      0.59
21  0.311771637 0.102952743    0.17   0.35      0.48
22  0.202369223 0.185767334    0.03   0.43      0.54
23  0.448477651 0.093860716    0.14   0.35      0.51
24  0.288498049 0.054129342    0.30   0.28      0.42
25  0.482145046 0.112840983    0.08   0.30      0.62
26  0.036201189 0.231444604    0.03   0.42      0.55
27  0.495186184 0.016057706    0.43   0.10      0.47
28  0.380376087 0.105318830    0.13   0.33      0.54
29  0.548874914 0.010095540    0.38   0.06      0.56
30  0.120159078 0.043375694    0.41   0.30      0.29
31  0.379947154 0.139542098    0.05   0.32      0.63
32  0.300450753 0.183506960    0.03   0.42      0.55
33  0.279416677 0.059096354    0.43   0.24      0.33
34  0.511418295 0.159196388    0.04   0.28      0.68
35  0.137062943 0.074341297    0.31   0.39      0.30
36  0.448887656 0.184993665    0.03   0.29      0.68
37  0.581256946 0.091211985    0.17   0.22      0.61
38  0.072452343 0.231233457    0.04   0.33      0.63
39  0.435947289 0.215031750    0.01   0.33      0.66
40  0.495485436 0.121014679    0.04   0.30      0.66
41  0.314125044 0.114728722    0.10   0.37      0.53
42  0.546134925 0.036017179    0.22   0.16      0.62
43  0.273378139 0.113814248    0.13   0.41      0.46
44  0.235188992 0.055150158    0.34   0.38      0.28
45  0.273068180 0.028604225    0.49   0.17      0.34
46  0.234013232 0.123190970    0.07   0.39      0.54
47  0.002756067 0.163172518    0.09   0.43      0.48
48  0.501405882 0.155939648    0.05   0.26      0.69
49  0.381218483 0.073162250    0.18   0.30      0.52
50  0.298750060 0.002292115    0.63   0.06      0.31
51  0.332166685 0.119419356    0.09   0.40      0.51
52  0.146770264 0.012727796    0.64   0.17      0.19
53  0.262406964 0.069275822    0.29   0.37      0.34
54  0.379356125 0.001617317    0.65   0.03      0.32
55  0.433601163 0.015582589    0.35   0.08      0.57
56  0.064999209 0.190650576    0.00   0.35      0.65
57  0.485788795 0.023838161    0.39   0.16      0.45
58  0.493233613 0.077864801    0.11   0.36      0.53
59  0.069978579 0.190634624    0.04   0.43      0.53
60  0.204547765 0.217118362    0.00   0.37      0.63
61  0.418705655 0.047928628    0.28   0.18      0.54
62  0.407620622 0.033491041    0.37   0.12      0.51
63  0.450154713 0.137491026    0.05   0.32      0.63
64  0.109987089 0.193822190    0.04   0.44      0.52
65  0.180328155 0.217091665    0.02   0.36      0.62
66  0.294759561 0.083059838    0.21   0.34      0.45
67  0.375991981 0.127884781    0.04   0.39      0.57
68  0.352876891 0.104015777    0.12   0.41      0.47
69  0.331583953 0.161184167    0.02   0.41      0.57
70  0.348311275 0.038477846    0.42   0.19      0.39
71  0.401035119 0.021334866    0.40   0.16      0.44
72  0.070944149 0.250087270    0.00   0.36      0.64
73  0.480143876 0.079307353    0.11   0.26      0.63
74  0.391219186 0.054745734    0.19   0.32      0.49
75  0.124298803 0.101133035    0.21   0.45      0.34
76  0.307898917 0.165638461    0.03   0.36      0.61
77  0.624226442 0.078638460    0.13   0.20      0.67
78  0.510239939 0.105728843    0.08   0.24      0.68
79  0.299247403 0.037913454    0.43   0.24      0.33
80  0.124138471 0.033444174    0.48   0.23      0.29
81  0.571019711 0.049243722    0.24   0.15      0.61
82  0.539921650 0.047531517    0.24   0.17      0.59
83  0.316946353 0.107982051    0.16   0.38      0.46
84  0.355870466 0.080618347    0.23   0.33      0.44
85  0.129726980 0.077362224    0.26   0.42      0.32
86  0.327035708 0.032753392    0.51   0.15      0.34
87  0.434437944 0.119455884    0.17   0.21      0.62
88  0.363411756 0.096791526    0.12   0.36      0.52
89  0.265128354 0.086456218    0.21   0.35      0.44
90  0.294199869 0.051342749    0.31   0.26      0.43
91  0.251251589 0.220312461    0.01   0.32      0.67
92  0.104616985 0.056764383    0.35   0.35      0.30
93  0.206210468 0.177325325    0.06   0.35      0.59
94  0.249019685 0.070190475    0.22   0.36      0.42
95  0.209972487 0.187307410    0.03   0.33      0.64
96  0.483155733 0.069628151    0.24   0.20      0.56
97  0.339727746 0.138516465    0.07   0.38      0.55
98  0.362163194 0.070106999    0.18   0.28      0.54
99  0.494943382 0.018176270    0.40   0.15      0.45
100 0.619802603 0.017325298    0.26   0.10      0.64
