     prob.meio   prob.mito euploid mosaic aneuploid
1   0.71964353 0.052664813    0.17   0.14      0.69
2   0.14669208 0.082822271    0.27   0.46      0.27
3   0.69017039 0.059240859    0.12   0.15      0.73
4   0.14180160 0.144160360    0.08   0.42      0.50
5   0.24605727 0.022921749    0.55   0.24      0.21
6   0.72190738 0.047538629    0.14   0.16      0.70
7   0.21977858 0.076292777    0.20   0.42      0.38
8   0.44077283 0.137407527    0.08   0.27      0.65
9   0.34512974 0.057511053    0.31   0.24      0.45
10  0.53993138 0.047370980    0.29   0.16      0.55
11  0.43218491 0.011018216    0.47   0.05      0.48
12  0.02001792 0.040665788    0.53   0.35      0.12
13  0.05526553 0.142483913    0.10   0.48      0.42
14  0.17686544 0.116518780    0.12   0.39      0.49
15  0.45252826 0.166395708    0.04   0.33      0.63
16  0.20430217 0.031409203    0.48   0.22      0.30
17  0.56275583 0.028528740    0.23   0.16      0.61
18  0.09728453 0.021452278    0.66   0.22      0.12
19  0.63434236 0.040916882    0.19   0.18      0.63
20  0.33846767 0.125850338    0.10   0.33      0.57
21  0.05028004 0.160321978    0.07   0.46      0.47
22  0.61973993 0.090836556    0.12   0.18      0.70
23  0.32122521 0.050349344    0.32   0.32      0.36
24  0.22003947 0.144050399    0.08   0.37      0.55
25  0.10458486 0.043922497    0.39   0.44      0.17
26  0.42119049 0.014080808    0.40   0.06      0.54
27  0.58864853 0.113761411    0.10   0.27      0.63
28  0.02231442 0.038835764    0.57   0.32      0.11
29  0.63721537 0.058302821    0.18   0.11      0.71
30  0.40222875 0.046041095    0.28   0.24      0.48
31  0.29750030 0.085341663    0.24   0.39      0.37
32  0.13258906 0.071596672    0.27   0.45      0.28
33  0.45712914 0.009174529    0.37   0.10      0.53
34  0.08938638 0.121001423    0.11   0.49      0.40
35  0.35752578 0.122274815    0.12   0.34      0.54
36  0.34511990 0.003639080    0.59   0.02      0.39
37  0.25220292 0.054832400    0.28   0.38      0.34
38  0.42136169 0.003574600    0.66   0.01      0.33
39  0.17025028 0.109338248    0.14   0.45      0.41
40  0.50001654 0.093862783    0.17   0.27      0.56
41  0.21703177 0.066292644    0.25   0.39      0.36
42  0.13847677 0.162357722    0.06   0.45      0.49
43  0.31506570 0.041130293    0.36   0.21      0.43
44  0.06042080 0.106876664    0.17   0.49      0.34
45  0.34548367 0.049454447    0.31   0.29      0.40
46  0.48482381 0.164723045    0.06   0.27      0.67
47  0.48913885 0.088948478    0.11   0.23      0.66
48  0.71814667 0.051229465    0.16   0.12      0.72
49  0.35412070 0.088281402    0.25   0.30      0.45
50  0.12248805 0.040206098    0.46   0.31      0.23
51  0.29867798 0.139486899    0.06   0.34      0.60
52  0.37126276 0.185133578    0.05   0.30      0.65
53  0.31115453 0.127887068    0.12   0.35      0.53
54  0.40851494 0.119618751    0.07   0.27      0.66
55  0.43245934 0.025356981    0.42   0.12      0.46
56  0.51005381 0.028604296    0.28   0.20      0.52
57  0.25636193 0.116876232    0.14   0.38      0.48
58  0.30022213 0.067937419    0.24   0.40      0.36
59  0.40276598 0.077575859    0.14   0.27      0.59
60  0.69295905 0.126467092    0.08   0.23      0.69
61  0.09249755 0.128435912    0.11   0.50      0.39
62  0.02412087 0.075090949    0.27   0.43      0.30
63  0.61133201 0.131717201    0.07   0.23      0.70
64  0.69973340 0.042683291    0.13   0.11      0.76
65  0.40467948 0.075741037    0.22   0.33      0.45
66  0.32717982 0.096142198    0.17   0.36      0.47
67  0.41617029 0.069604964    0.24   0.27      0.49
68  0.12684105 0.139810160    0.13   0.46      0.41
69  0.40750782 0.114493720    0.12   0.27      0.61
70  0.59210643 0.040339180    0.24   0.14      0.62
71  0.25557589 0.016025396    0.52   0.17      0.31
72  0.07268410 0.074351610    0.29   0.50      0.21
73  0.45423615 0.117753798    0.17   0.26      0.57
74  0.15576713 0.132172325    0.14   0.47      0.39
75  0.13819843 0.019896061    0.68   0.17      0.15
76  0.49128725 0.006826909    0.45   0.05      0.50
77  0.50543050 0.007159327    0.42   0.05      0.53
78  0.52222301 0.096706060    0.14   0.27      0.59
79  0.15032876 0.160638129    0.08   0.37      0.55
80  0.12434618 0.154573091    0.10   0.41      0.49
81  0.19476676 0.116802039    0.08   0.46      0.46
82  0.24492128 0.083348331    0.25   0.38      0.37
83  0.40456682 0.007640761    0.52   0.09      0.39
84  0.13404470 0.139502375    0.12   0.46      0.42
85  0.03664916 0.065640789    0.35   0.50      0.15
86  0.12577838 0.057451883    0.42   0.36      0.22
87  0.26071396 0.009377025    0.61   0.10      0.29
88  0.43039419 0.061727865    0.30   0.29      0.41
89  0.43783863 0.115922436    0.06   0.34      0.60
90  0.68054966 0.068752849    0.13   0.17      0.70
91  0.30536785 0.129469398    0.07   0.25      0.68
92  0.56712335 0.006715462    0.43   0.05      0.52
93  0.19515675 0.073102070    0.16   0.46      0.38
94  0.54043984 0.062993831    0.18   0.17      0.65
95  0.35079398 0.001857645    0.70   0.01      0.29
96  0.57345710 0.042664128    0.28   0.09      0.63
97  0.52057967 0.048499204    0.32   0.17      0.51
98  0.31556240 0.174561804    0.04   0.38      0.58
99  0.15881596 0.200489823    0.05   0.38      0.57
100 0.33515468 0.048474109    0.33   0.29      0.38
