     prob.meio   prob.mito euploid mosaic aneuploid
1   0.37381890 0.023267718    0.49   0.17      0.34
2   0.45997139 0.062098794    0.26   0.27      0.47
3   0.22460274 0.132835134    0.07   0.42      0.51
4   0.17341594 0.045841457    0.45   0.35      0.20
5   0.06216168 0.249366391    0.01   0.37      0.62
6   0.23682342 0.010469537    0.68   0.13      0.19
7   0.47148926 0.091293341    0.25   0.20      0.55
8   0.54586349 0.060272805    0.20   0.25      0.55
9   0.18519975 0.157838184    0.05   0.43      0.52
10  0.30083356 0.090940061    0.21   0.31      0.48
11  0.37687945 0.138785671    0.05   0.33      0.62
12  0.31084889 0.210673635    0.02   0.30      0.68
13  0.35920460 0.025992419    0.47   0.13      0.40
14  0.57572052 0.043076580    0.22   0.12      0.66
15  0.18975963 0.169719684    0.01   0.39      0.60
16  0.34723431 0.155927367    0.07   0.36      0.57
17  0.20761264 0.164959155    0.05   0.37      0.58
18  0.06426792 0.173380038    0.06   0.40      0.54
19  0.53635123 0.073674066    0.15   0.18      0.67
20  0.14635814 0.250596664    0.01   0.32      0.67
21  0.50754065 0.041523006    0.32   0.24      0.44
22  0.15571021 0.139368471    0.06   0.42      0.52
23  0.29886080 0.157751491    0.03   0.31      0.66
24  0.34247047 0.020166356    0.52   0.12      0.36
25  0.03533259 0.177883066    0.06   0.41      0.53
26  0.23992577 0.083962693    0.27   0.35      0.38
27  0.15886981 0.095718597    0.13   0.45      0.42
28  0.55634261 0.091213645    0.09   0.23      0.68
29  0.22607618 0.029256213    0.58   0.21      0.21
30  0.29934181 0.188796581    0.03   0.36      0.61
31  0.44569038 0.076063496    0.22   0.26      0.52
32  0.54183558 0.092626272    0.16   0.24      0.60
33  0.16443900 0.038526079    0.52   0.22      0.26
34  0.55622467 0.122820879    0.07   0.24      0.69
35  0.48146269 0.132504162    0.02   0.33      0.65
36  0.41276098 0.008669749    0.55   0.05      0.40
37  0.33215866 0.155288834    0.04   0.32      0.64
38  0.39086125 0.086964957    0.14   0.44      0.42
39  0.50283893 0.080640677    0.13   0.25      0.62
40  0.62320300 0.088483947    0.07   0.23      0.70
41  0.24546943 0.247457406    0.01   0.33      0.66
42  0.03852038 0.092699930    0.29   0.42      0.29
43  0.34619871 0.067619193    0.26   0.31      0.43
44  0.53152275 0.104675347    0.09   0.25      0.66
45  0.09309401 0.187996904    0.05   0.44      0.51
46  0.57026275 0.025535164    0.22   0.19      0.59
47  0.32347555 0.026131956    0.48   0.21      0.31
48  0.54282047 0.143064723    0.04   0.29      0.67
49  0.21183843 0.089446648    0.21   0.44      0.35
50  0.26612339 0.006250217    0.70   0.07      0.23
51  0.48915557 0.058290241    0.18   0.26      0.56
52  0.18376657 0.085605200    0.24   0.37      0.39
53  0.39125377 0.170144246    0.05   0.31      0.64
54  0.55668692 0.109995118    0.09   0.27      0.64
55  0.51492689 0.002098311    0.47   0.01      0.52
56  0.52218918 0.077235987    0.14   0.20      0.66
57  0.14980679 0.089896468    0.23   0.37      0.40
58  0.26170390 0.142124168    0.05   0.38      0.57
59  0.10779759 0.229565438    0.01   0.36      0.63
60  0.47763770 0.100549075    0.06   0.31      0.63
61  0.20252071 0.024458325    0.59   0.17      0.24
62  0.26866310 0.118925799    0.09   0.40      0.51
63  0.24034648 0.166414808    0.03   0.42      0.55
64  0.08757898 0.233245176    0.02   0.38      0.60
65  0.11416722 0.174536077    0.08   0.39      0.53
66  0.36063981 0.154613989    0.05   0.28      0.67
67  0.42808348 0.007284198    0.45   0.04      0.51
68  0.46202863 0.109289970    0.07   0.27      0.66
69  0.65413374 0.018721513    0.21   0.13      0.66
70  0.22799696 0.177632421    0.05   0.42      0.53
71  0.21392059 0.166995763    0.06   0.42      0.52
72  0.23416230 0.191082916    0.05   0.35      0.60
73  0.31877277 0.075382370    0.25   0.38      0.37
74  0.65281519 0.061419450    0.14   0.20      0.66
75  0.53890280 0.009070178    0.38   0.04      0.58
76  0.39856346 0.106403615    0.13   0.29      0.58
77  0.38894076 0.010558509    0.55   0.10      0.35
78  0.20246859 0.083518022    0.34   0.33      0.33
79  0.08023088 0.167925841    0.06   0.43      0.51
80  0.35948151 0.048545720    0.29   0.32      0.39
81  0.46704018 0.107727112    0.11   0.27      0.62
82  0.24567127 0.011552757    0.58   0.16      0.26
83  0.65903022 0.021245377    0.30   0.06      0.64
84  0.07704375 0.194092406    0.04   0.38      0.58
85  0.53183054 0.054721187    0.16   0.17      0.67
86  0.10989489 0.219825698    0.02   0.34      0.64
87  0.02677606 0.223982349    0.02   0.39      0.59
88  0.16022832 0.169170663    0.02   0.45      0.53
89  0.29690299 0.164477922    0.04   0.31      0.65
90  0.23357202 0.017698830    0.60   0.15      0.25
91  0.17654760 0.146999012    0.06   0.37      0.57
92  0.05552791 0.221475165    0.01   0.39      0.60
93  0.54909684 0.090119767    0.16   0.18      0.66
94  0.10671374 0.205816024    0.00   0.40      0.60
95  0.63069442 0.008014021    0.38   0.03      0.59
96  0.40272677 0.151460735    0.02   0.34      0.64
97  0.34855598 0.044286165    0.32   0.25      0.43
98  0.22400813 0.109717524    0.14   0.44      0.42
99  0.51216459 0.030099822    0.37   0.16      0.47
100 0.40027651 0.021941913    0.41   0.13      0.46
