     prob.meio   prob.mito euploid mosaic aneuploid
1   0.60580552 0.036784055    0.24   0.12      0.64
2   0.18114195 0.219296630    0.00   0.38      0.62
3   0.23787083 0.097218342    0.17   0.43      0.40
4   0.51097314 0.079633677    0.15   0.26      0.59
5   0.26631277 0.061574249    0.36   0.26      0.38
6   0.10379095 0.133155645    0.13   0.44      0.43
7   0.12604134 0.056298188    0.40   0.32      0.28
8   0.15000459 0.200651484    0.04   0.37      0.59
9   0.44229999 0.082784282    0.16   0.31      0.53
10  0.21811308 0.052644677    0.37   0.32      0.31
11  0.18995029 0.102226523    0.15   0.41      0.44
12  0.01396472 0.233049731    0.00   0.42      0.58
13  0.41938871 0.130302280    0.09   0.27      0.64
14  0.21884215 0.196370259    0.01   0.37      0.62
15  0.31378359 0.128651761    0.08   0.32      0.60
16  0.54610955 0.035984306    0.21   0.18      0.61
17  0.63557646 0.064161349    0.14   0.19      0.67
18  0.52060863 0.150206598    0.02   0.30      0.68
19  0.51500197 0.068649695    0.19   0.22      0.59
20  0.32070957 0.010737820    0.58   0.11      0.31
21  0.38852288 0.091088983    0.12   0.34      0.54
22  0.25463883 0.158777590    0.04   0.37      0.59
23  0.36678275 0.018910043    0.49   0.10      0.41
24  0.52793796 0.024278856    0.36   0.10      0.54
25  0.17467047 0.143054744    0.15   0.36      0.49
26  0.44359509 0.046986977    0.27   0.25      0.48
27  0.19425319 0.124511791    0.13   0.44      0.43
28  0.17260036 0.164789090    0.10   0.30      0.60
29  0.36988031 0.020634780    0.45   0.20      0.35
30  0.10680831 0.210704307    0.02   0.42      0.56
31  0.06246336 0.082201859    0.29   0.42      0.29
32  0.04442245 0.254604494    0.01   0.33      0.66
33  0.64575943 0.078060134    0.06   0.24      0.70
34  0.10344535 0.233989474    0.01   0.37      0.62
35  0.37318404 0.093300627    0.16   0.27      0.57
36  0.27209059 0.162371535    0.03   0.35      0.62
37  0.43536693 0.105670320    0.08   0.26      0.66
38  0.09643670 0.205640715    0.03   0.38      0.59
39  0.51445016 0.123231122    0.07   0.26      0.67
40  0.22049970 0.018937788    0.54   0.18      0.28
41  0.49213553 0.113698874    0.11   0.30      0.59
42  0.25121468 0.120793327    0.10   0.40      0.50
43  0.32746378 0.068078636    0.20   0.29      0.51
44  0.11585556 0.040881017    0.53   0.27      0.20
45  0.18264671 0.024422836    0.47   0.20      0.33
46  0.31987466 0.057398531    0.30   0.31      0.39
47  0.33485762 0.073462522    0.28   0.30      0.42
48  0.61327681 0.085236578    0.13   0.22      0.65
49  0.21277972 0.089534808    0.19   0.43      0.38
50  0.15040694 0.163668623    0.07   0.37      0.56
51  0.34687559 0.004759356    0.55   0.08      0.37
52  0.41775460 0.095784975    0.10   0.32      0.58
53  0.32608401 0.135544546    0.05   0.42      0.53
54  0.35328359 0.045308034    0.28   0.30      0.42
55  0.39952584 0.052094652    0.25   0.25      0.50
56  0.24047851 0.119667872    0.12   0.39      0.49
57  0.19013208 0.004743074    0.76   0.05      0.19
58  0.19436363 0.020849872    0.55   0.22      0.23
59  0.38578834 0.064203770    0.28   0.33      0.39
60  0.24229653 0.129881206    0.10   0.41      0.49
61  0.14122516 0.208880272    0.02   0.39      0.59
62  0.09842880 0.064546427    0.33   0.39      0.28
63  0.58426556 0.086354561    0.17   0.22      0.61
64  0.49285847 0.087146403    0.10   0.39      0.51
65  0.17995979 0.039488785    0.49   0.26      0.25
66  0.26822221 0.159074353    0.02   0.34      0.64
67  0.44133445 0.133670490    0.05   0.31      0.64
68  0.33968175 0.116333325    0.11   0.35      0.54
69  0.39141669 0.162373878    0.02   0.33      0.65
70  0.23596228 0.010287371    0.68   0.08      0.24
71  0.26004103 0.089656014    0.15   0.42      0.43
72  0.04346081 0.150351203    0.15   0.45      0.40
73  0.26440818 0.115260328    0.13   0.40      0.47
74  0.46926080 0.122940935    0.09   0.27      0.64
75  0.46048538 0.127468497    0.05   0.30      0.65
76  0.22555953 0.048029904    0.38   0.32      0.30
77  0.45501579 0.075981388    0.30   0.20      0.50
78  0.20258683 0.188349955    0.03   0.33      0.64
79  0.31552163 0.044855920    0.43   0.29      0.28
80  0.33236291 0.196072523    0.04   0.29      0.67
81  0.54217376 0.072583900    0.18   0.26      0.56
82  0.27110255 0.161504539    0.06   0.35      0.59
83  0.60401747 0.053344806    0.24   0.17      0.59
84  0.60293598 0.034430977    0.20   0.15      0.65
85  0.52338600 0.030936019    0.30   0.21      0.49
86  0.18393572 0.211413538    0.01   0.38      0.61
87  0.01582351 0.217067793    0.03   0.38      0.59
88  0.08460266 0.116279465    0.10   0.43      0.47
89  0.19275366 0.101544167    0.16   0.41      0.43
90  0.34158972 0.114922512    0.12   0.38      0.50
91  0.07764095 0.183716016    0.03   0.39      0.58
92  0.26883782 0.030871858    0.50   0.17      0.33
93  0.23122148 0.076758652    0.22   0.37      0.41
94  0.04548921 0.212846517    0.02   0.38      0.60
95  0.18099486 0.003466405    0.74   0.07      0.19
96  0.52925374 0.052214355    0.20   0.14      0.66
97  0.62948604 0.105074093    0.07   0.28      0.65
98  0.61238837 0.018310436    0.36   0.07      0.57
99  0.46681668 0.028821775    0.32   0.13      0.55
100 0.01826887 0.091665252    0.29   0.41      0.30
