       prob.meio    prob.mito euploid mosaic aneuploid
1   0.0173266134 2.424487e-01    0.00   0.50      0.50
2   0.3230448856 4.227999e-02    0.42   0.22      0.36
3   0.0722699002 9.593759e-02    0.25   0.47      0.28
4   0.2501305477 9.436385e-02    0.24   0.40      0.36
5   0.3879210530 1.672965e-01    0.03   0.33      0.64
6   0.3508508406 1.025582e-01    0.18   0.34      0.48
7   0.3782493412 2.546937e-02    0.39   0.20      0.41
8   0.0273813636 9.784096e-02    0.20   0.54      0.26
9   0.1166686839 1.351083e-01    0.06   0.59      0.35
10  0.2663289167 3.015407e-02    0.47   0.20      0.33
11  0.3038043338 1.726160e-01    0.02   0.36      0.62
12  0.4624611796 4.713647e-02    0.24   0.19      0.57
13  0.1264414638 4.199792e-02    0.42   0.37      0.21
14  0.1984311049 2.733425e-01    0.01   0.34      0.65
15  0.2956449732 1.256140e-01    0.12   0.36      0.52
16  0.0005997519 1.106283e-01    0.17   0.52      0.31
17  0.5812237959 6.272376e-02    0.08   0.27      0.65
18  0.1848792343 1.820994e-01    0.04   0.39      0.57
19  0.1165677751 1.092377e-01    0.20   0.41      0.39
20  0.2230151049 4.294779e-02    0.40   0.30      0.30
21  0.4601960503 5.140620e-02    0.32   0.18      0.50
22  0.5893631489 7.193550e-02    0.09   0.28      0.63
23  0.6063708838 1.371989e-02    0.35   0.05      0.60
24  0.1694740027 8.622544e-02    0.24   0.50      0.26
25  0.2326527666 6.473391e-02    0.28   0.28      0.44
26  0.4088697594 2.992488e-02    0.36   0.28      0.36
27  0.3220094158 9.508057e-03    0.52   0.13      0.35
28  0.2226261301 1.082052e-01    0.13   0.38      0.49
29  0.4181383641 3.997518e-02    0.33   0.19      0.48
30  0.1428099258 2.617551e-01    0.02   0.32      0.66
31  0.1666362595 1.869761e-01    0.02   0.45      0.53
32  0.1870230148 1.053308e-01    0.17   0.46      0.37
33  0.1850759902 4.991318e-02    0.40   0.29      0.31
34  0.1477344548 5.799204e-02    0.33   0.37      0.30
35  0.2607534060 1.548764e-01    0.10   0.41      0.49
36  0.1303618369 1.657071e-02    0.57   0.19      0.24
37  0.1945907301 8.942417e-02    0.22   0.38      0.40
38  0.5527827130 6.056853e-02    0.21   0.15      0.64
39  0.3192469382 6.480957e-02    0.34   0.24      0.42
40  0.3252571495 7.412415e-02    0.25   0.37      0.38
41  0.3340103526 6.283813e-02    0.27   0.30      0.43
42  0.6124628396 6.832167e-02    0.12   0.27      0.61
43  0.4566136359 1.932880e-02    0.52   0.12      0.36
44  0.2950597249 2.459214e-02    0.42   0.20      0.38
45  0.5069502350 6.384959e-02    0.22   0.37      0.41
46  0.5311213362 8.159602e-02    0.09   0.25      0.66
47  0.2784706217 1.222838e-01    0.14   0.31      0.55
48  0.3943066327 9.173542e-02    0.14   0.33      0.53
49  0.5827854541 2.247607e-02    0.29   0.10      0.61
50  0.5683043490 1.350711e-01    0.04   0.36      0.60
51  0.3549892085 5.511073e-02    0.32   0.19      0.49
52  0.1988209614 1.630817e-01    0.06   0.41      0.53
53  0.0229853869 1.173225e-01    0.16   0.53      0.31
54  0.1775757850 4.955557e-02    0.49   0.27      0.24
55  0.2452417831 2.481502e-02    0.48   0.29      0.23
56  0.0328746664 9.629528e-02    0.16   0.64      0.20
57  0.3695443138 1.217179e-01    0.07   0.31      0.62
58  0.1646358867 7.729927e-02    0.29   0.40      0.31
59  0.0185062005 1.063712e-01    0.12   0.49      0.39
60  0.1438341457 1.435729e-01    0.05   0.48      0.47
61  0.1234743192 1.476697e-01    0.08   0.40      0.52
62  0.0480388573 2.199888e-01    0.00   0.40      0.60
63  0.4222412521 2.536595e-02    0.36   0.16      0.48
64  0.3238879875 1.227859e-01    0.13   0.31      0.56
65  0.5059083793 1.289449e-01    0.12   0.25      0.63
66  0.0460284478 9.282778e-02    0.22   0.52      0.26
67  0.2354645696 1.920115e-01    0.02   0.32      0.66
68  0.3882975813 1.064938e-01    0.17   0.21      0.62
69  0.0479622530 8.637126e-02    0.23   0.52      0.25
70  0.5281826642 1.272592e-01    0.05   0.31      0.64
71  0.2898545896 1.950621e-01    0.00   0.39      0.61
72  0.3941648579 5.238294e-02    0.32   0.34      0.34
73  0.2072308578 1.544179e-01    0.04   0.39      0.57
74  0.2431716172 7.209719e-02    0.25   0.32      0.43
75  0.5489547262 5.560667e-02    0.23   0.22      0.55
76  0.1147846256 6.896018e-02    0.32   0.37      0.31
77  0.5102215852 6.581238e-05    0.50   0.00      0.50
78  0.4955975143 5.510382e-02    0.17   0.31      0.52
79  0.1528105862 1.836146e-01    0.04   0.40      0.56
80  0.2202079482 7.106897e-02    0.27   0.31      0.42
81  0.3308748931 9.988490e-03    0.52   0.11      0.37
82  0.2897245283 1.006696e-01    0.14   0.37      0.49
83  0.2657523097 2.204320e-01    0.01   0.36      0.63
84  0.0179718141 2.006453e-01    0.01   0.37      0.62
85  0.3737000297 1.243678e-01    0.12   0.36      0.52
86  0.1350394429 2.065492e-01    0.03   0.37      0.60
87  0.1947987177 8.548883e-02    0.29   0.42      0.29
88  0.3432625779 1.971109e-01    0.03   0.31      0.66
89  0.2152251098 1.871548e-01    0.03   0.32      0.65
90  0.5423310320 1.169520e-02    0.37   0.11      0.52
91  0.2679972155 1.918561e-01    0.04   0.38      0.58
92  0.4509077261 1.448988e-01    0.08   0.26      0.66
93  0.3305881042 1.766974e-01    0.05   0.33      0.62
94  0.4105581581 4.849404e-02    0.32   0.26      0.42
95  0.2344130303 5.403979e-02    0.33   0.26      0.41
96  0.4742890485 9.530747e-02    0.12   0.26      0.62
97  0.6535644755 2.889013e-02    0.20   0.14      0.66
98  0.1206095016 2.126871e-01    0.03   0.33      0.64
99  0.1311220129 9.140747e-02    0.32   0.39      0.29
100 0.4855298696 3.974378e-02    0.36   0.17      0.47
