     prob.meio    prob.mito euploid mosaic aneuploid
1   0.51621085 0.0048829070    0.43   0.04      0.53
2   0.15770289 0.0386606872    0.50   0.28      0.22
3   0.43502307 0.0561998535    0.34   0.16      0.50
4   0.41773442 0.1112366784    0.08   0.37      0.55
5   0.41867472 0.0583516289    0.14   0.32      0.54
6   0.41709765 0.1264049897    0.10   0.32      0.58
7   0.54392245 0.0789483744    0.15   0.27      0.58
8   0.43471661 0.0754925073    0.18   0.27      0.55
9   0.43420022 0.1489057420    0.05   0.38      0.57
10  0.47431386 0.0223644690    0.42   0.10      0.48
11  0.46073706 0.1342973062    0.07   0.30      0.63
12  0.26434533 0.2175202104    0.02   0.41      0.57
13  0.19825010 0.2090262922    0.05   0.29      0.66
14  0.16333932 0.2006157327    0.01   0.38      0.61
15  0.58506864 0.0220178547    0.36   0.08      0.56
16  0.59170402 0.0293649021    0.34   0.13      0.53
17  0.36429223 0.1559017694    0.07   0.33      0.60
18  0.30991206 0.1505973532    0.07   0.37      0.56
19  0.21522333 0.1457899855    0.08   0.43      0.49
20  0.71018796 0.0398596665    0.17   0.14      0.69
21  0.67759537 0.0601057773    0.16   0.18      0.66
22  0.15924910 0.0553732251    0.40   0.32      0.28
23  0.46852810 0.0614209063    0.13   0.26      0.61
24  0.31443118 0.0696721531    0.33   0.27      0.40
25  0.53253704 0.0869589946    0.08   0.26      0.66
26  0.09291865 0.1177284145    0.24   0.39      0.37
27  0.23678570 0.1260343094    0.13   0.39      0.48
28  0.07693699 0.1818700132    0.07   0.38      0.55
29  0.02451009 0.1961546862    0.04   0.35      0.61
30  0.41297733 0.0984223639    0.10   0.39      0.51
31  0.36558289 0.0070519592    0.60   0.11      0.29
32  0.22995394 0.0291035641    0.45   0.20      0.35
33  0.15752495 0.1044692851    0.17   0.37      0.46
34  0.65141221 0.0295979648    0.24   0.09      0.67
35  0.59175203 0.1013956035    0.07   0.30      0.63
36  0.36380161 0.1473536913    0.07   0.35      0.58
37  0.31225146 0.0275758484    0.41   0.20      0.39
38  0.04989022 0.0935835354    0.27   0.41      0.32
39  0.39838586 0.1352087245    0.09   0.29      0.62
40  0.21910736 0.0773957768    0.28   0.38      0.34
41  0.48174280 0.0330665980    0.32   0.24      0.44
42  0.51636835 0.0993948511    0.14   0.23      0.63
43  0.60389459 0.0577678040    0.19   0.13      0.68
44  0.31331367 0.0209788522    0.47   0.17      0.36
45  0.33903762 0.0284434382    0.46   0.17      0.37
46  0.30191016 0.1028470765    0.14   0.35      0.51
47  0.54478628 0.0403176944    0.24   0.14      0.62
48  0.45817115 0.0526196053    0.23   0.22      0.55
49  0.03543756 0.2293066683    0.01   0.35      0.64
50  0.23305000 0.0715641093    0.29   0.28      0.43
51  0.05181602 0.2078092725    0.04   0.35      0.61
52  0.48226263 0.1241475707    0.09   0.28      0.63
53  0.14014296 0.0799928661    0.23   0.43      0.34
54  0.08125714 0.0998562037    0.28   0.39      0.33
55  0.21871306 0.0178314527    0.61   0.14      0.25
56  0.26144222 0.0637891465    0.25   0.35      0.40
57  0.42751535 0.1759082540    0.01   0.35      0.64
58  0.50738106 0.0652061708    0.19   0.25      0.56
59  0.10900507 0.2277124955    0.02   0.35      0.63
60  0.13144264 0.2259940594    0.03   0.35      0.62
61  0.32192760 0.1703257663    0.01   0.35      0.64
62  0.61701423 0.0534928262    0.20   0.16      0.64
63  0.27562247 0.0241712483    0.48   0.20      0.32
64  0.51373067 0.1610608818    0.01   0.34      0.65
65  0.57632158 0.0395163642    0.25   0.20      0.55
66  0.12714382 0.1479806146    0.08   0.44      0.48
67  0.39947534 0.0464601156    0.36   0.22      0.42
68  0.03458237 0.2166947001    0.03   0.38      0.59
69  0.14866660 0.1757182789    0.07   0.29      0.64
70  0.46580742 0.0204947412    0.38   0.16      0.46
71  0.36970851 0.0280854369    0.43   0.21      0.36
72  0.18073630 0.1808516695    0.05   0.40      0.55
73  0.34485077 0.0056834340    0.51   0.04      0.45
74  0.19656010 0.1744045387    0.01   0.36      0.63
75  0.25393527 0.0258780911    0.55   0.21      0.24
76  0.06634462 0.1075471165    0.12   0.42      0.46
77  0.40007541 0.0433811096    0.29   0.23      0.48
78  0.26672242 0.1781783400    0.02   0.42      0.56
79  0.48992603 0.0803873767    0.16   0.24      0.60
80  0.42387903 0.0145924806    0.47   0.13      0.40
81  0.50031203 0.0723555037    0.18   0.29      0.53
82  0.27168604 0.0669764022    0.30   0.37      0.33
83  0.57170170 0.1328498214    0.07   0.31      0.62
84  0.39676321 0.1219725893    0.14   0.26      0.60
85  0.50735839 0.0529344825    0.23   0.19      0.58
86  0.64910511 0.0239630979    0.32   0.05      0.63
87  0.22803604 0.0393034322    0.44   0.30      0.26
88  0.66158262 0.0415796421    0.26   0.16      0.58
89  0.16462120 0.0855388616    0.21   0.42      0.37
90  0.30584135 0.0415327328    0.42   0.20      0.38
91  0.41346023 0.1216875315    0.12   0.32      0.56
92  0.31745065 0.1691877013    0.05   0.36      0.59
93  0.21829475 0.0654407877    0.29   0.34      0.37
94  0.58314012 0.1137752028    0.08   0.23      0.69
95  0.59158622 0.0936156504    0.16   0.16      0.68
96  0.42032191 0.0021285301    0.58   0.03      0.39
97  0.41111003 0.0002212906    0.57   0.00      0.43
98  0.68786721 0.0604263458    0.16   0.15      0.69
99  0.19285967 0.0177281012    0.55   0.18      0.27
100 0.40368561 0.1537809034    0.05   0.27      0.68
