      prob.meio   prob.mito euploid mosaic aneuploid
1   0.059655434 0.230069441    0.02   0.33      0.65
2   0.094900767 0.031968755    0.54   0.28      0.18
3   0.367438063 0.051288444    0.26   0.32      0.42
4   0.048364274 0.185692422    0.03   0.42      0.55
5   0.355714065 0.105648839    0.17   0.26      0.57
6   0.255164931 0.117237536    0.11   0.40      0.49
7   0.269465037 0.008325490    0.68   0.12      0.20
8   0.284966764 0.087041316    0.14   0.39      0.47
9   0.454132199 0.009962287    0.42   0.09      0.49
10  0.143910764 0.085880319    0.31   0.33      0.36
11  0.332585058 0.083099621    0.15   0.40      0.45
12  0.008013893 0.138397425    0.11   0.46      0.43
13  0.534061875 0.024550576    0.34   0.10      0.56
14  0.532994082 0.056548903    0.10   0.26      0.64
15  0.411721294 0.104756859    0.12   0.34      0.54
16  0.022552001 0.213029097    0.02   0.38      0.60
17  0.242256000 0.041683294    0.43   0.30      0.27
18  0.164623973 0.038523886    0.55   0.25      0.20
19  0.195604892 0.208557763    0.03   0.29      0.68
20  0.578286816 0.019113794    0.31   0.10      0.59
21  0.477115547 0.014454497    0.29   0.16      0.55
22  0.331873669 0.219114801    0.03   0.29      0.68
23  0.366587057 0.053083034    0.28   0.22      0.50
24  0.111357733 0.058914899    0.38   0.29      0.33
25  0.380800272 0.069054536    0.28   0.23      0.49
26  0.230773548 0.029893168    0.57   0.23      0.20
27  0.171558338 0.030462181    0.49   0.29      0.22
28  0.420495043 0.136062152    0.08   0.30      0.62
29  0.215787726 0.004192505    0.68   0.08      0.24
30  0.149993083 0.123995574    0.15   0.45      0.40
31  0.274737359 0.037336208    0.39   0.32      0.29
32  0.619844459 0.053830369    0.25   0.19      0.56
33  0.498965251 0.079883927    0.18   0.22      0.60
34  0.416021257 0.148150899    0.09   0.27      0.64
35  0.305795647 0.069276565    0.24   0.34      0.42
36  0.139485588 0.168671611    0.08   0.39      0.53
37  0.095893036 0.177026495    0.06   0.35      0.59
38  0.184230253 0.191946700    0.04   0.42      0.54
39  0.370923377 0.062265075    0.23   0.27      0.50
40  0.629314231 0.026872372    0.21   0.14      0.65
41  0.207673218 0.004869456    0.74   0.07      0.19
42  0.316958583 0.091116720    0.09   0.38      0.53
43  0.197174221 0.029956689    0.61   0.22      0.17
44  0.523731642 0.047377432    0.22   0.21      0.57
45  0.359753068 0.128163566    0.15   0.31      0.54
46  0.427679473 0.193121546    0.03   0.29      0.68
47  0.582550060 0.022668821    0.22   0.13      0.65
48  0.135323982 0.172302995    0.06   0.42      0.52
49  0.414979960 0.132365315    0.06   0.32      0.62
50  0.291545125 0.003033837    0.62   0.05      0.33
51  0.026421432 0.078870204    0.33   0.39      0.28
52  0.293521583 0.204854758    0.03   0.29      0.68
53  0.532997101 0.062437794    0.20   0.19      0.61
54  0.347024674 0.045127766    0.32   0.28      0.40
55  0.349481247 0.016375098    0.51   0.22      0.27
56  0.502135271 0.094492214    0.11   0.23      0.66
57  0.149616249 0.142223235    0.08   0.45      0.47
58  0.491154263 0.049323283    0.25   0.19      0.56
59  0.577311684 0.037138687    0.24   0.10      0.66
60  0.531498263 0.006673632    0.47   0.02      0.51
61  0.288518395 0.209065258    0.03   0.33      0.64
62  0.326291858 0.030807669    0.50   0.24      0.26
63  0.531197535 0.079355495    0.14   0.27      0.59
64  0.364133879 0.047052671    0.29   0.27      0.44
65  0.452770281 0.120192080    0.09   0.27      0.64
66  0.189790648 0.093553958    0.26   0.41      0.33
67  0.372936008 0.016915106    0.47   0.15      0.38
68  0.165281670 0.202233728    0.02   0.42      0.56
69  0.161372815 0.104085978    0.15   0.43      0.42
70  0.313595978 0.147625459    0.02   0.37      0.61
71  0.206474432 0.165448722    0.02   0.42      0.56
72  0.370354346 0.096409593    0.19   0.40      0.41
73  0.307161657 0.032845143    0.43   0.26      0.31
74  0.208613332 0.114008295    0.12   0.40      0.48
75  0.291912618 0.137745464    0.07   0.41      0.52
76  0.157494499 0.210622562    0.02   0.34      0.64
77  0.591061430 0.093191571    0.09   0.27      0.64
78  0.171267871 0.202851581    0.01   0.35      0.64
79  0.336587995 0.191151933    0.03   0.30      0.67
80  0.010489210 0.195810477    0.02   0.39      0.59
81  0.573638057 0.013035329    0.42   0.08      0.50
82  0.377792380 0.160572997    0.08   0.28      0.64
83  0.137442218 0.098061860    0.16   0.41      0.43
84  0.174693639 0.075685319    0.27   0.35      0.38
85  0.115990444 0.158395541    0.06   0.44      0.50
86  0.169316466 0.009890040    0.71   0.11      0.18
87  0.444528249 0.142366396    0.07   0.24      0.69
88  0.602966150 0.055533860    0.21   0.12      0.67
89  0.341075025 0.070108133    0.33   0.29      0.38
90  0.564833905 0.007324343    0.34   0.04      0.62
91  0.558166835 0.014490333    0.43   0.06      0.51
92  0.138794602 0.127037310    0.15   0.38      0.47
93  0.070381337 0.243525965    0.02   0.36      0.62
94  0.308080266 0.079698538    0.23   0.30      0.47
95  0.533849401 0.083144848    0.14   0.22      0.64
96  0.479527577 0.069823760    0.14   0.20      0.66
97  0.484676739 0.105077710    0.09   0.24      0.67
98  0.104763335 0.126077937    0.06   0.45      0.49
99  0.360206733 0.025170943    0.51   0.15      0.34
100 0.151006132 0.141609529    0.07   0.44      0.49
