$param
            [,1]       [,2]
param 0.19165600 0.14507009
param 0.64148680 0.10373015
param 0.38443259 0.08815034
param 0.57756083 0.02017999
param 0.37049341 0.04635523
param 0.33292625 0.07319253
param 0.17183270 0.13935691
param 0.08243465 0.14643180
param 0.04102093 0.10278390
param 0.22019564 0.01565742

$stats
      [,1] [,2] [,3]
 [1,] 0.07 0.39 0.54
 [2,] 0.15 0.21 0.64
 [3,] 0.19 0.27 0.54
 [4,] 0.33 0.10 0.57
 [5,] 0.33 0.23 0.44
 [6,] 0.22 0.32 0.46
 [7,] 0.10 0.41 0.49
 [8,] 0.08 0.43 0.49
 [9,] 0.27 0.38 0.35
[10,] 0.61 0.21 0.18

$weights
 [1] 0.1 0.1 0.1 0.1 0.1 0.1 0.1 0.1 0.1 0.1

$stats_normalization
[1] 0.1045179 0.1435966 0.2140684

$nsim
[1] 100

$nrec
[1] 10

$computime
[1] 348.4486

    prob.meio  prob.mito euploid mosaic aneuploid
1  0.19165600 0.14507009    0.07   0.39      0.54
2  0.64148680 0.10373015    0.15   0.21      0.64
3  0.38443259 0.08815034    0.19   0.27      0.54
4  0.57756083 0.02017999    0.33   0.10      0.57
5  0.37049341 0.04635523    0.33   0.23      0.44
6  0.33292625 0.07319253    0.22   0.32      0.46
7  0.17183270 0.13935691    0.10   0.41      0.49
8  0.08243465 0.14643180    0.08   0.43      0.49
9  0.04102093 0.10278390    0.27   0.38      0.35
10 0.22019564 0.01565742    0.61   0.21      0.18
